NAME,ID,SCORE
Colton,163130,610
Colton,104288,387
Colton,118452,971
Colton,196452,312
Colton,143631,522
Colton,188318,490
Colton,168371,495
Colton,168231,301
Colton,128208,283
Colton,154224,53
Colton,172193,737
Colton,179380,772
Colton,141192,763
Colton,130579,541
Colton,140832,639
Colton,143632,466
Colton,164208,312
Colton,152007,765
Colton,164939,832
Colton,109647,71
Colton,115357,695
Colton,101809,424
Colton,129587,524
Colton,162067,845
Colton,107516,867
Colton,186218,960
Colton,117049,382
Colton,178423,466
Colton,142535,806
Colton,198123,626
Colton,131959,821
Colton,101280,954
Colton,154169,805
Colton,189335,277
Colton,119584,13
Colton,114274,306
Colton,136224,564
Colton,158608,56
Colton,174281,871
Colton,198760,145
Colton,142946,980
Colton,138715,533
Colton,124892,841
Colton,164466,907
Colton,141618,786
Colton,104431,332
Colton,180874,183
Colton,189004,128
Colton,128900,481
Colton,189794,40
Colton,178174,221
Colton,165807,432
Colton,186642,164
Colton,112613,531
Colton,166830,576
Colton,166942,412
Colton,131989,551
Colton,168949,681
Colton,179272,892
Colton,193395,985
Colton,179706,156
Colton,163808,816
Colton,191857,523
Colton,163382,657
Colton,106278,371
Colton,126535,314
Colton,153591,95
Colton,127450,190
Colton,112529,670
Colton,148902,644
Colton,164556,655
Colton,134618,297
Colton,143597,753
Colton,191126,136
Colton,124604,658
Colton,135628,56
Colton,142967,970
Colton,183205,910
Colton,186636,325
Colton,101638,331
Colton,130791,639
Colton,101344,441
Colton,198582,24
Colton,118023,705
Colton,175498,649
Colton,101302,602
Colton,137071,929
Colton,190181,61
Colton,157019,509
Colton,153809,995
Colton,174220,893
Colton,100386,172
Colton,159778,892
Colton,181855,933
Colton,126154,801
Colton,160386,986
Colton,114366,41
Colton,100912,326
Colton,167631,335
Colton,186831,455
Colton,166293,689
Colton,157385,254
Colton,162910,798
Colton,158735,702
Colton,156712,846
Colton,124193,659
Colton,122141,859
Colton,108891,5
Colton,178176,480
Colton,193135,858
Colton,128781,956
Colton,181683,786
Colton,136069,914
Colton,168362,579
Colton,193650,153
Colton,126168,435
Colton,147139,210
Colton,169856,660
Colton,108612,749
Colton,136706,945
Colton,131068,586
Colton,118864,796
Colton,111548,737
Colton,163985,778
Colton,129437,465
Colton,180843,60
Colton,116191,515
Colton,114745,812
Colton,147876,114
Colton,190475,654
Colton,124286,618
Colton,113259,203
Colton,108686,167
Colton,138227,2
Colton,108573,123
Colton,199504,649
Colton,141838,654
Colton,195034,211
Colton,190230,747
Colton,132398,990
Colton,186144,199
Colton,168093,656
Colton,115329,783
Colton,140633,968
Colton,182098,799
Colton,144818,22
Colton,132972,386
Colton,169630,366
Colton,101456,52
Colton,156639,954
Colton,121138,496
Colton,171760,508
Colton,133492,77
Colton,113327,381
Colton,185431,144
Colton,196619,828
Colton,102932,60
Colton,152952,940
Colton,132055,460
Colton,192207,923
Colton,194330,113
Colton,197213,720
Colton,131184,408
Colton,175907,460
Colton,116726,698
Colton,175565,245
Colton,109536,198
Colton,106602,208
Colton,170514,938
Colton,179310,733
Colton,169535,740
Colton,147585,757
Colton,178871,600
Colton,130166,964
Colton,107176,18
Colton,138129,431
Colton,135374,312
Colton,184902,886
Colton,109209,973
Colton,184515,509
Colton,108572,941
Colton,124993,507
Colton,128394,9
Colton,155739,49
Colton,129634,670
Colton,150988,489
Colton,135245,216
Colton,150356,828
Colton,189400,827
Colton,197990,961
Colton,119335,704
Colton,158213,390
Colton,148867,935
Colton,137406,155
Colton,174802,291
Colton,107904,914
Colton,125246,746
Colton,161354,991
Colton,146215,711
Colton,142238,393
Colton,167335,829
Colton,140827,66
Colton,184055,453
Colton,140272,523
Colton,119605,343
Colton,110509,722
Colton,180235,444
Colton,133052,109
Colton,115206,827
Colton,141980,70
Colton,101980,846
Colton,192839,260
Colton,158827,786
Colton,182644,581
Colton,135763,421
Colton,122962,211
Colton,163965,963
Colton,110574,174
Colton,145944,126
Colton,156223,534
Colton,101206,59
Colton,121784,323
Colton,121328,422
Colton,123987,657
Colton,145580,246
Colton,124557,235
Colton,120455,444
Colton,119625,675
Colton,145730,846
Colton,130429,855
Colton,105810,172
Colton,169769,969
Colton,108806,947
Colton,133095,771
Colton,169877,31
Colton,160765,740
Colton,120892,821
Colton,133389,824
Colton,165225,138
Colton,125071,630
Colton,125487,116
Colton,196267,45
Colton,174293,838
Colton,134974,968
Colton,190950,181
Colton,173985,474
Colton,147503,517
Colton,192721,519
Colton,140225,330
Colton,157427,213
Colton,168713,822
Colton,136763,914
Colton,173678,158
Colton,145801,555
Colton,103060,681
Colton,183906,972
Colton,131050,604
Colton,172635,921
Colton,168265,467
Colton,162220,349
Colton,117897,116
Colton,139687,363
Colton,112600,920
Colton,196439,637
Colton,112764,977
Colton,180912,830
Colton,161006,875
Colton,126979,200
Colton,165901,492
Colton,134341,609
Colton,137106,44
Colton,170250,397
Colton,139166,864
Colton,111540,794
Colton,185979,886
Colton,174566,731
Colton,134234,645
Colton,167490,851
Colton,117830,248
Colton,125251,801
Colton,153831,60
Colton,124922,904
Colton,146617,859
Colton,187571,6
Colton,192051,840
Colton,161552,969
Colton,139536,497
Colton,192752,352
Colton,154101,906
Colton,112615,777
Colton,197959,66
Colton,131923,544
Colton,153788,185
Colton,118410,580
Colton,184299,263
Colton,186565,331
Colton,131067,626
Colton,153073,379
Colton,126384,821
Colton,183144,175
Colton,191485,174
Colton,136823,620
Colton,122522,870
Colton,144624,155
Colton,196642,617
Colton,178418,41
Colton,154628,872
Colton,131604,360
Colton,197455,782
Colton,135835,320
Colton,115247,468
Colton,151009,168
Colton,195865,452
Colton,122879,455
Colton,163311,917
Colton,177967,841
Colton,190421,730
Colton,154323,314
Colton,130418,379
Colton,119077,833
Colton,186930,483
Colton,129934,676
Colton,143475,166
Colton,126562,177
Colton,115087,436
Colton,156483,241
Colton,180127,708
Colton,116163,763
Colton,174214,855
Colton,100507,893
Colton,102695,311
Colton,179840,878
Colton,114600,766
Colton,118752,835
Colton,146017,583
Colton,125295,321
Colton,156547,298
Colton,113490,327
Colton,150528,446
Colton,112882,945
Colton,140922,847
Colton,110441,636
Colton,153069,459
Colton,160541,653
Colton,155868,49
Colton,194963,426
Colton,143003,298
Colton,154539,790
Colton,123977,529
Colton,161072,595
Colton,153639,843
Colton,129202,559
Colton,147698,842
Colton,143533,569
Colton,137466,480
Colton,118206,570
Colton,105786,576
Colton,192516,439
Colton,111864,590
Colton,173710,152
Colton,156585,297
Colton,176448,475
Colton,161191,819
Colton,190895,662
Colton,189092,92
Colton,126549,485
Colton,185292,44
Colton,103295,789
Colton,124043,160
Colton,113031,141
Colton,161186,845
Colton,186126,739
Colton,102355,709
Colton,118348,142
Colton,161674,806
Colton,177002,911
Colton,131071,247
Colton,154479,699
Colton,140015,39
Colton,190497,223
Colton,174248,182
Colton,183452,857
Colton,113396,988
Colton,100803,686
Colton,132542,768
Colton,112009,162
Colton,184194,998
Colton,135623,5
Colton,181640,80
Colton,123867,79
Colton,156149,652
Colton,101188,148
Colton,170669,60
Colton,166457,957
Colton,187969,702
Colton,195829,635
Colton,169062,926
Colton,143226,381
Colton,162407,245
Colton,198461,267
Colton,136972,55
Colton,126493,183
Colton,112437,437
Colton,180449,419
Colton,122291,157
Colton,182129,125
Colton,194902,805
Colton,162725,278
Colton,162518,331
Colton,115323,912
Colton,164907,131
Colton,181349,1000
Colton,197468,435
Colton,130386,96
Colton,143587,651
Colton,158772,725
Colton,144484,27
Colton,125607,748
Colton,175559,879
Colton,160162,433
Colton,126263,407
Colton,178969,41
Colton,126962,795
Colton,194832,607
Colton,160099,500
Colton,127478,370
Colton,104428,297
Colton,135145,489
Colton,172881,245
Colton,181990,625
Colton,113729,496
Colton,106891,158
Colton,189760,431
Colton,179962,229
Colton,113799,748
Colton,120688,961
Colton,122006,944
Colton,100296,922
Colton,141216,158
Colton,145847,947
Colton,188665,381
Colton,106389,64
Colton,148709,764
Colton,186850,197
Colton,185744,157
Colton,184887,891
Colton,132413,143
Colton,109755,279
Colton,144513,414
Colton,122558,552
Colton,158226,789
Colton,198559,785
Colton,121660,546
Colton,150951,469
Colton,147363,717
Colton,133050,604
Colton,187075,732
Colton,185211,382
Colton,198191,837
Colton,139665,319
Colton,116131,435
Colton,167548,648
Colton,170785,975
Colton,172384,161
Colton,116356,47
Colton,135059,97
Colton,154860,357
Colton,105600,408
Colton,124680,528
Colton,199249,913
Colton,143373,582
Colton,180207,498
Colton,194298,949
Colton,197235,364
Colton,158314,932
Colton,130647,989
Colton,135871,788
Colton,160898,155
Colton,161839,764
Colton,124240,122
Colton,165328,750
Colton,185894,159
Colton,182663,485
Colton,147508,26
Colton,160983,764
Colton,148393,799
Colton,176188,758
Colton,181976,910
Colton,116745,358
Colton,159872,574
Colton,128721,66
Colton,166867,347
Colton,159073,520
Colton,135143,878
Colton,191039,485
Colton,189485,685
Colton,146206,897
Colton,187096,316
Colton,198066,601
Colton,186376,658
Colton,130454,796
Colton,110617,245
Colton,170408,772
Colton,117854,649
Colton,144834,958
Colton,159422,477
Colton,180282,29
Colton,187377,733
Colton,175072,318
Colton,126319,926
Colton,178898,404
Colton,185750,606
Colton,183680,102
Colton,145245,494
Colton,192266,132
Colton,166507,97
Colton,183650,386
Colton,142869,871
Colton,150084,693
Colton,120103,620
Colton,114624,45
Colton,195421,881
Colton,148620,552
Colton,179948,534
Colton,113252,750
Colton,199869,420
Colton,161262,250
Colton,193991,572
Colton,167798,604
Colton,108696,703
Colton,133514,426
Colton,164906,6
Colton,177457,234
Colton,156873,659
Colton,189909,11
Colton,121892,210
Colton,163882,4
Colton,156785,545
Colton,113657,324
Colton,137631,921
Colton,163924,895
Colton,137409,717
Colton,194171,478
Colton,102305,529
Colton,142724,680
Colton,183672,907
Colton,155037,559
Colton,180609,966
Colton,160458,12
Colton,121558,909
Colton,135129,941
Colton,119922,63
Colton,120498,358
Colton,138455,780
Colton,174268,315
Colton,197147,68
Colton,182002,271
Colton,169759,50
Colton,115253,570
Colton,129948,761
Colton,124359,92
Colton,166266,273
Colton,190055,910
Colton,199397,134
Colton,107576,257
Colton,100612,49
Colton,144415,841
Colton,186008,67
Colton,116233,992
Colton,103574,576
Colton,106554,642
Colton,160342,181
Colton,112193,472
Colton,144862,82
Colton,149101,134
Colton,115853,473
Colton,120605,101
Colton,168017,121
Colton,146331,550
Colton,107424,265
Colton,143960,670
Colton,175018,921
Colton,156525,397
Colton,147833,216
Colton,142414,780
Colton,114818,441
Colton,168866,747
Colton,162213,948
Colton,173569,963
Colton,136087,666
Colton,112874,6
Colton,121260,31
Colton,108332,276
Colton,167349,533
Colton,133173,897
Colton,146001,31
Colton,137812,164
Colton,148008,954
Colton,148026,665
Colton,198070,412
Colton,194213,288
Colton,126641,65
Colton,135689,464
Colton,108329,383
Colton,190106,986
Colton,150028,113
Colton,171213,747
Colton,171017,261
Colton,101160,510
Colton,153695,541
Colton,127882,782
Colton,193151,816
Colton,100061,743
Colton,178110,588
Colton,134272,188
Colton,165100,195
Colton,175376,109
Colton,155279,36
Colton,199422,104
Colton,136048,939
Colton,142449,879
Colton,171769,478
Colton,150572,10
Colton,174652,96
Colton,151023,32
Colton,123280,773
Colton,110389,910
Colton,176075,975
Colton,120796,956
Colton,176158,614
Colton,137246,738
Colton,116424,552
Colton,185938,109
Colton,169653,139
Colton,175997,622
Colton,136454,673
Colton,178300,42
Colton,127669,972
Colton,175124,489
Colton,167812,95
Colton,165303,89
Colton,166523,623
Colton,171267,911
Colton,154411,563
Colton,159174,353
Colton,179161,219
Colton,110806,305
Colton,143376,894
Colton,195825,449
Colton,163286,602
Colton,106974,34
Colton,129952,547
Colton,193784,293
Colton,189557,762
Colton,102449,57
Colton,104040,249
Colton,133391,514
Colton,148311,218
Colton,124748,278
Colton,132197,233
Colton,161077,165
Colton,100188,809
Colton,192733,929
Colton,119993,710
Colton,127419,249
Colton,167313,436
Colton,170941,569
Colton,147869,833
Colton,183537,163
Colton,110496,504
Colton,165631,926
Colton,180335,487
Colton,152147,308
Colton,118842,382
Colton,166748,592
Colton,107058,854
Colton,112391,826
Colton,142916,505
Colton,170881,465
Colton,131119,1
Colton,186040,912
Colton,189897,818
Colton,181536,728
Colton,120178,588
Colton,144035,348
Colton,198220,908
Colton,156879,379
Colton,152949,687
Colton,193750,396
Colton,183837,841
Colton,182655,310
Colton,152807,125
Colton,166554,147
Colton,155278,405
Colton,140052,488
Colton,104192,547
Colton,164855,349
Colton,137635,586
Colton,189226,597
Colton,114640,402
Colton,155205,878
Colton,162674,600
Colton,178186,454
Colton,102257,1000
Colton,139347,40
Colton,143544,362
Colton,124642,397
Colton,118001,223
Colton,180101,994
Colton,117840,198
Colton,110213,17
Colton,166922,753
Colton,160016,224
Colton,142039,206
Colton,130298,787
Colton,169968,989
Colton,145340,409
Colton,145064,988
Colton,125872,741
Colton,117213,757
Colton,136759,400
Colton,131493,204
Colton,121647,714
Colton,155825,617
Colton,192328,888
Colton,130337,870
Colton,145375,847
Colton,195187,69
Colton,173456,574
Colton,119463,884
Colton,160108,841
Colton,198491,125
Colton,172448,467
Colton,102723,292
Colton,115422,958
Colton,134784,655
Colton,140949,867
Colton,165004,113
Colton,101227,224
Colton,134090,3
Colton,157380,906
Colton,141315,796
Colton,191235,315
Colton,168657,792
Colton,166962,546
Colton,121950,905
Colton,116386,672
Colton,185974,633
Colton,110096,654
Colton,193344,66
Colton,117125,341
Colton,117493,758
Colton,177163,484
Colton,192537,379
Colton,170303,537
Colton,168247,897
Colton,129150,30
Colton,140444,44
Colton,143275,154
Colton,121130,235
Colton,114561,684
Colton,142482,57
Colton,124117,102
Colton,151755,295
Colton,184639,138
Colton,175348,212
Colton,165704,561
Colton,188382,292
Colton,100650,998
Colton,174789,522
Colton,148114,565
Colton,169962,697
Colton,104002,46
Colton,172458,933
Colton,141981,647
Colton,113077,712
Colton,188596,457
Colton,157153,275
Colton,157287,402
Colton,107440,172
Colton,186134,642
Colton,106489,947
Colton,106004,669
Colton,117979,655
Colton,191543,781
Colton,148594,686
Colton,163852,514
Colton,178138,946
Colton,144644,530
Colton,103398,332
Colton,172034,229
Colton,139194,939
Colton,187910,578
Colton,179060,833
Colton,122655,849
Colton,157866,808
Colton,105584,72
Colton,177995,657
Colton,122568,824
Colton,180472,479
Colton,185167,727
Colton,107726,183
Colton,194840,673
Colton,121198,897
Colton,138777,232
Colton,174665,20
Colton,156951,449
Colton,178432,279
Colton,105158,781
Colton,151347,259
Colton,112311,248
Colton,164239,612
Colton,170442,629
Colton,110591,988
Colton,170265,975
Colton,185477,130
Colton,104386,390
Colton,112250,51
Colton,123138,189
Colton,107529,82
Colton,107729,885
Colton,160940,396
Colton,166063,413
Colton,100481,749
Colton,194257,121
Colton,113277,657
Colton,145835,43
Colton,108815,963
Colton,195774,26
Colton,174040,972
Colton,110741,759
Colton,151700,208
Colton,100129,382
Colton,139245,358
Colton,101069,813
Colton,178340,272
Colton,186099,166
Colton,189682,300
Colton,113644,734
Colton,118005,648
Colton,156418,509
Colton,132890,133
Colton,173087,185
Colton,198175,945
Colton,183944,858
Colton,122110,289
Colton,155283,150
Colton,153782,78
Colton,199346,305
Colton,176622,295
Colton,136297,464
Colton,137308,737
Colton,138115,317
Colton,159708,875
Colton,114339,288
Colton,144626,134
Colton,197753,165
Colton,140687,314
Colton,119382,189
Colton,196078,240
Colton,196064,82
Colton,102500,333
Colton,155618,96
Colton,160944,271
Colton,102250,234
Colton,187025,1
Colton,129556,523
Colton,194236,649
Colton,183853,620
Colton,119767,74
Colton,153608,320
Colton,124714,457
Colton,195418,548
Colton,187423,505
Colton,121073,403
Colton,150189,236
Colton,171472,397
Colton,190650,23
Colton,160774,676
Colton,182948,108
Colton,157708,569
Colton,142255,611
Colton,100531,481
Colton,132063,294
Colton,119048,186
Colton,101058,793
Colton,198927,136
Colton,198416,449
Colton,163770,808
Colton,162556,441
Colton,152336,498
Colton,186162,362
Colton,128306,401
Colton,197394,956
Colton,126654,786
Colton,160706,719
Colton,167430,505
Colton,120802,610
Colton,130874,834
Colton,119981,351
Colton,127654,342
Colton,171125,421
Colton,132458,781
Colton,112322,575
Colton,104976,294
Colton,157227,543
Colton,179312,359
Colton,161425,631
Colton,146436,424
Colton,137165,924
Colton,118120,78
Colton,163691,828
Colton,191661,909
Colton,139288,225
Colton,117412,219
Colton,104024,492
Colton,139677,456
Colton,140352,232
Colton,191963,670
Colton,117270,95
Colton,143128,442
Colton,140371,59
Colton,121411,456
Colton,111811,123
Colton,172003,76
Colton,116094,799
Colton,129256,424
Colton,111319,354
Colton,151609,797
Colton,156053,862
Colton,184147,471
Colton,176452,903
Colton,169667,783
Colton,160517,333
Colton,130534,711
Colton,170867,114
Colton,190436,399
Colton,195157,216
Colton,107259,425
Colton,195108,906
Colton,140086,300
Colton,192329,537
Colton,136037,103
Colton,124246,291
Colton,146140,956
Colton,110110,813
Colton,127572,673
Colton,143142,78
Colton,108198,536
Colton,139478,307
Colton,101131,490
Colton,143562,500
Colton,190222,6
Colton,159903,574
Colton,195228,525
Colton,194393,591
Colton,127810,188
Colton,119136,542
Colton,169855,85
Colton,104359,720
Colton,101442,416
Colton,151198,214
Colton,165559,971
Colton,151898,121
Colton,132272,314
Colton,154783,207
Colton,158319,227
Colton,183663,81
Colton,184493,988
Colton,162608,303
Colton,107136,803
Colton,173920,21
Colton,119638,98
Colton,143221,192
Colton,159212,282
Colton,195522,110
Colton,155812,587
Colton,127959,688
Colton,100968,462
Colton,173170,103
Colton,181795,669
Colton,197684,237
Colton,162876,664
Colton,102177,296
Colton,168214,563
Colton,139236,513
Colton,186638,849
Colton,105204,404
Colton,141805,219
Colton,191429,438
Colton,167661,301
Colton,176153,995
Colton,160431,867
Colton,173636,181
Colton,144707,371
Colton,141995,79
Colton,109527,100
Colton,106547,570
Colton,137754,811
Colton,174591,310
Colton,163611,591
Colton,165904,881
Colton,132694,749
Colton,129946,831
Colton,163847,222
Colton,110448,822
Colton,110361,799
Colton,159364,687
Colton,106082,26
Colton,198915,630
Colton,135446,614
Colton,132624,944
Colton,194296,744
Colton,177513,973
Colton,111317,949
Colton,186120,284
Christopher,113413,993
Christopher,100470,173
Christopher,112051,650
Christopher,125656,426
Christopher,146335,509
Christopher,191933,282
Christopher,152935,570
Christopher,170718,459
Christopher,173432,607
Christopher,141228,785
Christopher,179727,586
Christopher,125650,702
Christopher,138481,814
Christopher,133297,198
Christopher,167841,374
Christopher,171570,475
Christopher,180660,490
Christopher,121226,186
Christopher,154584,542
Christopher,141983,413
Christopher,154518,114
Christopher,142291,310
Christopher,144288,805
Christopher,116138,431
Christopher,195654,347
Christopher,108769,639
Christopher,171743,518
Christopher,124796,810
Christopher,162630,247
Christopher,155206,125
Christopher,130159,439
Christopher,131338,714
Christopher,190669,553
Christopher,100595,76
Christopher,110326,954
Christopher,184894,351
Christopher,141668,643
Christopher,155357,421
Christopher,157535,892
Christopher,132077,933
Christopher,170748,346
Christopher,112519,873
Christopher,191290,255
Christopher,179425,189
Christopher,164409,263
Christopher,116498,72
Christopher,144814,45
Christopher,104397,634
Christopher,173867,12
Christopher,115700,991
Christopher,180617,825
Christopher,108273,914
Christopher,137965,171
Christopher,122244,24
Christopher,161164,115
Christopher,101565,236
Christopher,154690,850
Christopher,127272,13
Christopher,116791,965
Christopher,162576,64
Christopher,181270,102
Christopher,187021,186
Christopher,175910,851
Christopher,156829,629
Christopher,171724,71
Christopher,129798,701
Christopher,166085,88
Christopher,166632,515
Christopher,128113,108
Christopher,128851,260
Christopher,177500,387
Christopher,122812,330
Christopher,138519,230
Christopher,175128,127
Christopher,163035,899
Christopher,116763,663
Christopher,177076,328
Christopher,197586,172
Christopher,123469,184
Christopher,180656,392
Christopher,103717,777
Christopher,103959,385
Christopher,151836,472
Christopher,161387,2
Christopher,193527,494
Christopher,175392,923
Christopher,114649,443
Christopher,194983,593
Christopher,149608,689
Christopher,116819,465
Christopher,110586,747
Christopher,134295,200
Christopher,105348,725
Christopher,154547,878
Christopher,190577,736
Christopher,181702,403
Christopher,191025,918
Christopher,167888,4
Christopher,152618,44
Christopher,116471,359
Christopher,169416,749
Christopher,114208,263
Christopher,180619,55
Christopher,112325,985
Christopher,109812,125
Christopher,121702,43
Christopher,139615,173
Christopher,185666,935
Christopher,168604,731
Christopher,120048,439
Christopher,166578,566
Christopher,113635,522
Christopher,165452,168
Christopher,120642,936
Christopher,127479,271
Christopher,133827,623
Christopher,137156,252
Christopher,133060,651
Christopher,160110,520
Christopher,170358,247
Christopher,186021,288
Christopher,185869,367
Christopher,191114,147
Christopher,137934,980
Christopher,166278,19
Christopher,143926,649
Christopher,177493,948
Christopher,164747,763
Christopher,144702,526
Christopher,178844,213
Christopher,139518,289
Christopher,149303,542
Christopher,174376,205
Christopher,117381,937
Christopher,181472,94
Christopher,139564,429
Christopher,113698,379
Christopher,134513,725
Christopher,184279,864
Christopher,180158,360
Christopher,150006,664
Christopher,125002,905
Christopher,176074,513
Christopher,150274,872
Christopher,103211,971
Christopher,134544,942
Christopher,193651,291
Christopher,130788,316
Christopher,176962,730
Christopher,174368,406
Christopher,188783,657
Christopher,183034,322
Christopher,122569,837
Christopher,116946,944
Christopher,116619,999
Christopher,183772,24
Christopher,185288,670
Christopher,111690,367
Christopher,100294,969
Christopher,184914,654
Christopher,118156,490
Christopher,156401,419
Christopher,101322,314
Christopher,154086,584
Christopher,184507,209
Christopher,172270,838
Christopher,176784,148
Christopher,167499,255
Christopher,187556,580
Christopher,145655,640
Christopher,135975,217
Christopher,136586,954
Christopher,194658,470
Christopher,181635,923
Christopher,108897,908
Christopher,136791,675
Christopher,156309,136
Christopher,196314,228
Christopher,185621,184
Christopher,159494,904
Christopher,125978,24
Christopher,159407,361
Christopher,186139,271
Christopher,171061,500
Christopher,115099,757
Christopher,148354,452
Christopher,162540,423
Christopher,194390,689
Christopher,166820,957
Christopher,173446,63
Christopher,181871,231
Christopher,199558,699
Christopher,137421,867
Christopher,126020,610
Christopher,100392,223
Christopher,177428,286
Christopher,187800,864
Christopher,175883,306
Christopher,154905,405
Christopher,190144,425
Christopher,110379,703
Christopher,166958,506
Christopher,113556,555
Christopher,180663,11
Christopher,183884,841
Christopher,110755,98
Christopher,170360,737
Christopher,186507,290
Christopher,133793,182
Christopher,128856,349
Christopher,179558,764
Christopher,120707,254
Christopher,184159,696
Christopher,154835,136
Christopher,152196,551
Christopher,134262,291
Christopher,167960,753
Christopher,127121,128
Christopher,146194,650
Christopher,146842,56
Christopher,105944,113
Christopher,180233,387
Christopher,128238,500
Christopher,185673,473
Christopher,189532,747
Christopher,127267,407
Christopher,169627,653
Christopher,161405,104
Christopher,133015,580
Christopher,138609,523
Christopher,182949,417
Christopher,131149,414
Christopher,129687,372
Christopher,131427,473
Christopher,140577,536
Christopher,127194,409
Christopher,147433,970
Christopher,192304,243
Christopher,178400,433
Christopher,141874,992
Christopher,175669,386
Christopher,161515,849
Christopher,176115,423
Christopher,193376,988
Christopher,196015,933
Christopher,133911,272
Christopher,198820,644
Christopher,160048,342
Christopher,179647,903
Christopher,136953,910
Christopher,152438,101
Christopher,123215,320
Christopher,122549,777
Christopher,147920,112
Christopher,137305,18
Christopher,156366,402
Christopher,141932,673
Christopher,161574,314
Christopher,104285,984
Christopher,188195,5
Christopher,185165,566
Christopher,104758,766
Christopher,120051,549
Christopher,193288,312
Christopher,178693,63
Christopher,177117,193
Christopher,199533,464
Christopher,157793,926
Christopher,159568,346
Christopher,175637,399
Christopher,141957,291
Christopher,148328,223
Christopher,159743,880
Christopher,147845,743
Christopher,146309,117
Christopher,101756,61
Christopher,155673,188
Christopher,119218,545
Christopher,103487,256
Christopher,127507,85
Christopher,112979,500
Christopher,140009,839
Christopher,168147,528
Christopher,122933,611
Christopher,133851,597
Christopher,104376,990
Christopher,177716,954
Christopher,144309,424
Christopher,141488,678
Christopher,118478,443
Christopher,198826,822
Christopher,123670,523
Christopher,187254,703
Christopher,106497,542
Christopher,195883,525
Christopher,105089,625
Christopher,157457,70
Christopher,104480,621
Christopher,113641,110
Christopher,185604,265
Christopher,160824,707
Christopher,155320,270
Christopher,146026,479
Christopher,110146,21
Christopher,104273,507
Christopher,162015,920
Christopher,101416,746
Christopher,101590,898
Christopher,106205,523
Christopher,131106,349
Christopher,116806,268
Christopher,149085,572
Christopher,150889,341
Christopher,141002,167
Christopher,127591,644
Christopher,137811,729
Christopher,147555,915
Christopher,172514,761
Christopher,135591,852
Christopher,196753,613
Christopher,122744,454
Christopher,184430,917
Christopher,179611,610
Christopher,137759,228
Christopher,102221,118
Christopher,188265,262
Christopher,173915,802
Christopher,197529,552
Christopher,136723,68
Christopher,153295,986
Christopher,184468,215
Christopher,154740,363
Christopher,155671,363
Christopher,131945,432
Christopher,149808,953
Christopher,120924,503
Christopher,167031,187
Christopher,192552,806
Christopher,126555,200
Christopher,131481,96
Christopher,192178,939
Christopher,142230,164
Christopher,102891,23
Christopher,115324,818
Christopher,104690,48
Christopher,126525,368
Christopher,177629,133
Christopher,100788,560
Christopher,197450,337
Christopher,191811,233
Christopher,159296,141
Christopher,197525,139
Christopher,173551,851
Christopher,131132,699
Christopher,147141,256
Christopher,129285,450
Christopher,175202,358
Christopher,189833,603
Christopher,131795,665
Christopher,129596,984
Christopher,146732,761
Christopher,154569,835
Christopher,166218,154
Christopher,152712,518
Christopher,123669,881
Christopher,159663,567
Christopher,123659,678
Christopher,197851,904
Christopher,124534,256
Christopher,168766,810
Christopher,154535,873
Christopher,199256,215
Christopher,104651,979
Christopher,195208,724
Christopher,161781,871
Christopher,180423,939
Christopher,195531,151
Christopher,156611,316
Christopher,107509,986
Christopher,164808,113
Christopher,169055,168
Christopher,176611,313
Christopher,146282,145
Christopher,144618,166
Christopher,127988,425
Christopher,129975,841
Christopher,119967,949
Christopher,182898,982
Christopher,176008,424
Christopher,108650,58
Christopher,123655,507
Christopher,106948,530
Christopher,198973,922
Christopher,118202,199
Christopher,195728,596
Christopher,169180,974
Christopher,194334,383
Christopher,198961,17
Christopher,193104,75
Christopher,142479,897
Christopher,154838,738
Christopher,110250,53
Christopher,108357,122
Christopher,101360,222
Christopher,199046,40
Christopher,117639,664
Christopher,143970,9
Christopher,109345,228
Christopher,148532,159
Christopher,155376,653
Christopher,164238,358
Christopher,179866,878
Christopher,173911,848
Christopher,125590,192
Christopher,126923,163
Christopher,116782,316
Christopher,148101,783
Christopher,101633,469
Christopher,152791,366
Christopher,196062,954
Christopher,173605,307
Christopher,192983,650
Christopher,160821,474
Christopher,100043,430
Christopher,160540,749
Christopher,182757,922
Christopher,187456,700
Christopher,173526,937
Christopher,137946,545
Christopher,159180,598
Christopher,138574,951
Christopher,151175,13
Christopher,150142,566
Christopher,131500,334
Christopher,188899,230
Christopher,140106,753
Christopher,107894,725
Christopher,111495,756
Christopher,140395,118
Christopher,192666,72
Christopher,199535,779
Christopher,163196,921
Christopher,145115,228
Christopher,174382,919
Christopher,189366,766
Christopher,128420,658
Christopher,195431,693
Christopher,148452,662
Christopher,181109,385
Christopher,121120,662
Christopher,101664,209
Christopher,182404,947
Christopher,192236,662
Christopher,158004,228
Christopher,132785,395
Christopher,149853,781
Christopher,173666,451
Christopher,183025,816
Christopher,119909,885
Christopher,174738,545
Christopher,178092,258
Christopher,124228,458
Christopher,153233,193
Christopher,154290,9
Christopher,167079,153
Christopher,127054,334
Christopher,157974,370
Christopher,120120,781
Christopher,138034,529
Christopher,169900,655
Christopher,131365,255
Christopher,154960,956
Christopher,137461,850
Christopher,116699,702
Christopher,191259,88
Christopher,144796,142
Christopher,102192,458
Christopher,134190,621
Christopher,155823,944
Christopher,145958,188
Christopher,169548,196
Christopher,146684,728
Christopher,126205,967
Christopher,114749,573
Christopher,144303,962
Christopher,192229,249
Christopher,193079,780
Christopher,125725,117
Christopher,125822,310
Christopher,133688,471
Christopher,174352,199
Christopher,167157,774
Christopher,162521,23
Christopher,116454,456
Christopher,116322,703
Christopher,116956,357
Christopher,160926,796
Christopher,142063,657
Christopher,158358,820
Christopher,110921,216
Christopher,123826,760
Christopher,105818,180
Christopher,104049,570
Christopher,104956,496
Christopher,120165,112
Christopher,179922,550
Christopher,107661,194
Christopher,101262,598
Christopher,177953,950
Christopher,122196,92
Christopher,137299,678
Christopher,166480,278
Christopher,173225,526
Christopher,187559,583
Christopher,135505,54
Christopher,182047,293
Christopher,199970,335
Christopher,156644,361
Christopher,176507,644
Christopher,103192,731
Christopher,162709,545
Christopher,158037,531
Christopher,169492,442
Christopher,197241,907
Christopher,108157,558
Christopher,140234,247
Christopher,179596,591
Christopher,152209,111
Christopher,190383,414
Christopher,137480,402
Christopher,133118,160
Christopher,192408,355
Christopher,164722,467
Christopher,152965,226
Christopher,191951,264
Christopher,101965,403
Christopher,116457,842
Christopher,195131,395
Christopher,135598,775
Christopher,175991,14
Christopher,120749,988
Christopher,150125,291
Christopher,120797,365
Christopher,129996,877
Christopher,101789,863
Christopher,164142,248
Christopher,148032,904
Christopher,106419,807
Christopher,116624,953
Christopher,131565,880
Christopher,129651,752
Christopher,127621,900
Christopher,130933,214
Christopher,140301,861
Christopher,131863,470
Christopher,150419,462
Christopher,157529,278
Christopher,177780,893
Christopher,146992,796
Christopher,100209,864
Christopher,167707,568
Christopher,127008,57
Christopher,159095,744
Christopher,175904,758
Christopher,170378,405
Christopher,188120,923
Christopher,138986,393
Christopher,172413,31
Christopher,123673,171
Christopher,169689,245
Christopher,170252,461
Christopher,125747,836
Christopher,136948,312
Christopher,113385,649
Christopher,175183,79
Christopher,140716,517
Christopher,101717,43
Christopher,159767,608
Christopher,121581,662
Christopher,106899,41
Christopher,151732,952
Christopher,176125,552
Christopher,122699,150
Christopher,183346,618
Christopher,119383,870
Christopher,125426,47
Christopher,121839,793
Christopher,176748,894
Christopher,137649,597
Christopher,178077,345
Christopher,199466,825
Christopher,132042,303
Christopher,106111,689
Christopher,114797,298
Christopher,160252,114
Christopher,136387,225
Christopher,186803,388
Christopher,175459,609
Christopher,157473,656
Christopher,151810,762
Christopher,192633,589
Christopher,128446,661
Christopher,166993,908
Christopher,109339,951
Christopher,164757,452
Christopher,101391,101
Christopher,179708,368
Christopher,109251,683
Christopher,159967,737
Christopher,106020,652
Christopher,110874,556
Christopher,172893,418
Christopher,189994,111
Christopher,170266,463
Christopher,108093,4
Christopher,111165,115
Christopher,196692,361
Christopher,144130,561
Christopher,150033,762
Christopher,164146,549
Christopher,160261,279
Christopher,112542,153
Christopher,145469,368
Christopher,158798,824
Christopher,194488,167
Christopher,100885,904
Christopher,166530,980
Christopher,169114,216
Christopher,194827,860
Christopher,121972,251
Christopher,137787,862
Christopher,137051,465
Christopher,119933,58
Christopher,160377,197
Christopher,112044,287
Christopher,108535,187
Christopher,126159,479
Christopher,185594,485
Christopher,107589,539
Christopher,188086,509
Christopher,132491,999
Christopher,181309,10
Christopher,198880,165
Christopher,144502,409
Christopher,180383,320
Christopher,132893,958
Christopher,179550,646
Christopher,180071,499
Christopher,159310,871
Christopher,127673,318
Christopher,178473,68
Christopher,182100,550
Christopher,170660,695
Christopher,191622,513
Christopher,179873,162
Christopher,166192,206
Christopher,197329,315
Christopher,138389,206
Christopher,186812,788
Christopher,144905,627
Christopher,137701,886
Christopher,191127,984
Christopher,195792,865
Christopher,162736,610
Christopher,108496,768
Christopher,128293,887
Christopher,100326,582
Christopher,175511,74
Christopher,152423,452
Christopher,142789,693
Christopher,169456,978
Christopher,100621,12
Christopher,164179,776
Christopher,175097,885
Christopher,141164,894
Christopher,169372,306
Christopher,120715,501
Christopher,192686,638
Christopher,133373,372
Christopher,131414,771
Christopher,162906,842
Christopher,153698,12
Christopher,156996,660
Christopher,118459,634
Christopher,183441,847
Christopher,182191,316
Christopher,145891,326
Christopher,179954,881
Christopher,173093,617
Christopher,177497,372
Christopher,149899,576
Christopher,196102,614
Christopher,171298,384
Christopher,199162,776
Christopher,189377,237
Christopher,121375,101
Christopher,100701,329
Christopher,141468,314
Christopher,199234,764
Christopher,194520,223
Christopher,127897,343
Christopher,131102,714
Christopher,178464,341
Christopher,130012,348
Christopher,106713,903
Christopher,115934,488
Christopher,119976,244
Christopher,102738,994
Christopher,156304,345
Christopher,186161,567
Christopher,173693,422
Christopher,176464,879
Christopher,171350,135
Christopher,156130,717
Christopher,154098,40
Christopher,137413,87
Christopher,123836,760
Christopher,145599,560
Christopher,174780,418
Christopher,135782,865
Christopher,117888,768
Christopher,105228,441
Christopher,189929,261
Christopher,119597,744
Christopher,187920,979
Christopher,119725,768
Christopher,122287,979
Christopher,189401,266
Christopher,115306,289
Christopher,155072,470
Christopher,115528,838
Christopher,182204,426
Christopher,170994,675
Christopher,101242,664
Christopher,171364,850
Christopher,151979,771
Christopher,163746,51
Christopher,160945,72
Christopher,105018,78
Christopher,176985,272
Christopher,138360,820
Christopher,135399,179
Christopher,114089,267
Christopher,142245,813
Christopher,117308,919
Christopher,142670,97
Christopher,155017,228
Christopher,165164,219
Christopher,178337,280
Christopher,135419,533
Christopher,115731,918
Christopher,188235,121
Christopher,190088,642
Christopher,148767,601
Christopher,187922,447
Christopher,132882,818
Christopher,128930,314
Christopher,130290,291
Christopher,172149,416
Christopher,190329,21
Christopher,186754,420
Christopher,111612,251
Christopher,182959,969
Christopher,178988,867
Christopher,152093,829
Christopher,108816,550
Christopher,136945,73
Christopher,142143,337
Christopher,148126,320
Christopher,173858,139
Christopher,104090,623
Christopher,116667,377
Christopher,178241,459
Christopher,136059,594
Christopher,176013,866
Christopher,136659,402
Christopher,165393,301
Christopher,157596,356
Christopher,119419,207
Christopher,195698,938
Christopher,101031,578
Christopher,189323,695
Christopher,100607,978
Christopher,183463,973
Christopher,191953,841
Christopher,179580,65
Christopher,189121,852
Christopher,146759,358
Christopher,184853,306
Christopher,128004,139
Christopher,166286,660
Christopher,165192,71
Christopher,170255,204
Christopher,174968,773
Christopher,131524,297
Christopher,125609,675
Christopher,130503,634
Christopher,158797,88
Christopher,173741,3
Christopher,180261,14
Christopher,191277,598
Christopher,110291,711
Christopher,177912,255
Christopher,198666,352
Christopher,194499,925
Christopher,189676,34
Christopher,122269,44
Christopher,165493,426
Christopher,181185,963
Christopher,192120,716
Christopher,102972,867
Christopher,122677,869
Christopher,197555,578
Christopher,139196,259
Christopher,196907,436
Christopher,123732,247
Christopher,109484,660
Christopher,119391,475
Christopher,132159,269
Christopher,191776,612
Christopher,144235,751
Christopher,197865,66
Christopher,103539,0
Christopher,191338,1000
Christopher,168375,95
Christopher,166609,484
Christopher,155406,317
Christopher,176633,994
Christopher,141085,478
Christopher,120317,628
Christopher,191947,643
Christopher,196636,873
Christopher,142242,149
Christopher,113158,257
Christopher,121818,548
Christopher,199507,960
Christopher,194849,581
Christopher,190657,687
Christopher,111258,268
Christopher,173561,968
Christopher,129013,378
Christopher,118115,432
Christopher,110563,693
Christopher,102565,64
Christopher,185989,252
Christopher,170362,993
Christopher,196353,775
Christopher,154526,15
Christopher,111727,352
Christopher,159185,215
Christopher,147404,321
Christopher,157100,817
Christopher,184962,326
Christopher,140835,750
Christopher,171849,347
Christopher,107738,528
Christopher,124523,30
Christopher,182706,174
Christopher,153507,804
Christopher,156410,696
Christopher,176367,835
Christopher,142312,517
Christopher,110911,583
Christopher,156360,508
Christopher,139222,868
Christopher,158420,230
Christopher,129799,690
Christopher,105572,639
Christopher,124089,770
Christopher,142085,64
Christopher,117679,735
Christopher,195553,61
Christopher,180647,579
Christopher,196498,944
Christopher,187039,759
Christopher,154898,808
Christopher,125050,872
Christopher,100509,935
Christopher,107444,895
Christopher,102910,380
Christopher,173422,939
Christopher,170932,23
Christopher,129388,834
Christopher,115174,335
Christopher,112959,315
Christopher,177711,778
Christopher,125830,546
Christopher,198145,113
Christopher,179614,536
Christopher,158534,575
Christopher,133612,530
Christopher,114564,997
Christopher,161362,623
Christopher,149240,408
Christopher,168194,355
Christopher,149557,436
Christopher,150464,532
Christopher,152237,476
Christopher,189498,997
Christopher,185236,345
Christopher,194760,952
Christopher,171211,907
Christopher,128222,747
Christopher,104391,509
Christopher,164037,413
Christopher,103162,669
Christopher,124013,922
Christopher,157970,38
Christopher,105452,593
Christopher,169664,210
Christopher,144320,337
Christopher,156345,271
Christopher,162106,183
Christopher,102437,781
Christopher,163859,784
Christopher,191825,245
Christopher,179044,706
Christopher,183546,692
Christopher,107372,860
Christopher,127112,408
Christopher,176616,618
Christopher,198291,574
Christopher,108272,229
Christopher,100759,518
Christopher,169951,272
Christopher,149971,998
Christopher,194467,255
Christopher,128460,713
Christopher,148116,672
Christopher,133955,759
Christopher,120155,288
Christopher,135742,619
Christopher,134011,772
Christopher,111971,842
Christopher,180370,383
Christopher,183658,881
Christopher,106664,141
Christopher,184071,945
Christopher,131298,677
Christopher,161868,440
Christopher,128992,59
Christopher,144291,998
Christopher,143629,934
Christopher,195365,245
Christopher,176357,156
Christopher,133647,295
Christopher,104486,308
Christopher,100419,744
Christopher,168629,755
Christopher,141603,483
Christopher,139205,548
Christopher,144525,475
Christopher,132549,245
Christopher,145121,295
Christopher,129745,711
Christopher,130673,248
Christopher,103849,74
Christopher,180240,474
Christopher,168363,543
Christopher,107787,523
Christopher,124692,291
Christopher,105463,417
Christopher,118799,599
Christopher,111626,664
Christopher,149250,649
Christopher,102973,245
Christopher,185166,350
Casey,108016,544
Casey,165111,277
Casey,194955,268
Casey,159188,498
Casey,128398,473
Casey,131258,993
Casey,117041,795
Casey,149892,933
Casey,104039,115
Casey,186256,707
Casey,103514,320
Casey,151213,660
Casey,135305,517
Casey,136071,647
Casey,139124,102
Casey,173577,943
Casey,171381,226
Casey,154389,468
Casey,171027,772
Casey,170278,978
Casey,178284,199
Casey,132950,472
Casey,162712,323
Casey,144102,263
Casey,172175,110
Casey,117667,478
Casey,154286,664
Casey,175182,803
Casey,170533,149
Casey,128986,814
Casey,121394,327
Casey,127923,791
Casey,116781,139
Casey,199523,583
Casey,143097,668
Casey,187064,357
Casey,189510,147
Casey,150591,224
Casey,197321,276
Casey,122663,237
Casey,175940,506
Casey,166452,283
Casey,166015,272
Casey,186524,604
Casey,155209,906
Casey,199735,66
Casey,190701,727
Casey,148113,899
Casey,129371,81
Casey,143203,743
Casey,153586,874
Casey,190398,312
Casey,156987,298
Casey,196578,306
Casey,173727,958
Casey,119501,684
Casey,142582,298
Casey,137274,620
Casey,118953,127
Casey,141977,131
Casey,131694,943
Casey,150568,548
Casey,190745,555
Casey,129460,224
Casey,121731,230
Casey,170794,629
Casey,129441,392
Casey,145437,182
Casey,100099,464
Casey,119322,208
Casey,150202,915
Casey,105302,559
Casey,178600,553
Casey,189051,692
Casey,153627,868
Casey,193007,161
Casey,194380,10
Casey,199204,153
Casey,130695,300
Casey,106669,500
Casey,158225,378
Casey,121848,196
Casey,171905,137
Casey,121250,126
Casey,177699,929
Casey,120976,712
Casey,142626,563
Casey,192555,217
Casey,191459,947
Casey,194993,771
Casey,103699,960
Casey,181216,376
Casey,121939,429
Casey,108464,839
Casey,144038,872
Casey,169155,924
Casey,166895,726
Casey,175057,369
Casey,187973,244
Casey,137023,849
Casey,110653,857
Casey,196705,537
Casey,176824,400
Casey,164711,500
Casey,142015,363
Casey,104506,137
Casey,175394,440
Casey,104409,52
Casey,157745,308
Casey,196540,507
Casey,112036,295
Casey,179925,762
Casey,166535,996
Casey,133854,977
Casey,120193,905
Casey,146535,612
Casey,160832,595
Casey,186052,431
Casey,144553,450
Casey,173369,807
Casey,140742,550
Casey,168317,95
Casey,153963,655
Casey,109580,391
Casey,101895,636
Casey,101851,136
Casey,160067,79
Casey,165530,86
Casey,135197,943
Casey,140136,653
Casey,124378,229
Casey,149521,887
Casey,163342,425
Casey,197046,85
Casey,106540,728
Casey,110105,857
Casey,140274,892
Casey,109614,241
Casey,127746,591
Casey,186056,760
Casey,169450,342
Casey,167693,780
Casey,171992,393
Casey,190340,23
Casey,183701,559
Casey,118521,64
Casey,105502,819
Casey,187357,189
Casey,114686,486
Casey,102934,996
Casey,180987,156
Casey,105512,365
Casey,187680,207
Casey,133025,826
Casey,191603,806
Casey,109395,716
Casey,183453,258
Casey,196627,951
Casey,170273,443
Casey,199109,114
Casey,107522,341
Casey,173119,776
Casey,123831,522
Casey,125011,1
Casey,139510,702
Casey,178472,874
Casey,137091,81
Casey,170855,125
Casey,116768,983
Casey,103071,678
Casey,171141,566
Casey,172684,580
Casey,133384,796
Casey,160935,370
Casey,103114,46
Casey,134356,465
Casey,128967,613
Casey,179842,164
Casey,131345,629
Casey,104149,957
Casey,101827,88
Casey,113759,903
Casey,129646,676
Casey,107427,988
Casey,119750,147
Casey,114609,589
Casey,119506,959
Casey,138161,699
Casey,104291,51
Casey,111299,172
Casey,130428,470
Casey,184193,860
Casey,182573,920
Casey,180328,761
Casey,140917,886
Casey,159773,21
Casey,107596,23
Casey,179466,889
Casey,137420,840
Casey,134528,53
Casey,116556,784
Casey,125412,18
Casey,139470,551
Casey,139725,138
Casey,183596,631
Casey,105391,483
Casey,130761,683
Casey,107496,229
Casey,145849,777
Casey,164506,949
Casey,162365,595
Casey,185396,945
Casey,110439,546
Casey,163394,230
Casey,181402,204
Casey,193495,16
Casey,112469,867
Casey,180982,25
Casey,176054,261
Casey,103078,372
Casey,159391,770
Casey,139723,352
Casey,179327,912
Casey,100187,320
Casey,138284,771
Casey,182133,6
Casey,177294,824
Casey,103663,395
Casey,110207,747
Casey,191409,874
Casey,150524,967
Casey,118378,298
Casey,193970,225
Casey,177537,282
Casey,134073,978
Casey,105008,490
Casey,190010,512
Casey,124788,929
Casey,180529,448
Casey,181043,908
Casey,139257,79
Casey,156908,154
Casey,154206,103
Casey,142424,525
Casey,138615,534
Casey,169721,446
Casey,156007,758
Casey,104613,426
Casey,150915,606
Casey,132114,531
Casey,127146,850
Casey,121576,467
Casey,147905,988
Casey,167711,280
Casey,192416,627
Casey,100571,482
Casey,119955,3
Casey,134216,51
Casey,155491,625
Casey,119835,160
Casey,126943,299
Casey,192967,170
Casey,152982,613
Casey,139275,409
Casey,174169,487
Casey,135286,894
Casey,114474,631
Casey,150288,991
Casey,148251,632
Casey,108078,406
Casey,127136,65
Casey,152723,891
Casey,122848,765
Casey,190327,930
Casey,186603,717
Casey,194458,201
Casey,165882,384
Casey,163289,618
Casey,139011,900
Casey,132092,65
Casey,117467,842
Casey,173271,988
Casey,151718,783
Casey,122105,490
Casey,196247,593
Casey,107272,475
Casey,128898,19
Casey,124760,425
Casey,192481,355
Casey,126710,564
Casey,100711,944
Casey,191137,167
Casey,129253,381
Casey,142259,180
Casey,133859,123
Casey,121201,671
Casey,100737,75
Casey,120292,550
Casey,168259,501
Casey,103649,838
Casey,106390,820
Casey,137404,123
Casey,191560,488
Casey,131742,450
Casey,127352,181
Casey,186450,675
Casey,176779,542
Casey,100207,589
Casey,170661,373
Casey,127092,326
Casey,108321,204
Casey,171440,875
Casey,197939,934
Casey,136016,732
Casey,195297,475
Casey,153607,155
Casey,158728,228
Casey,143867,395
Casey,115553,584
Casey,194206,924
Casey,166949,874
Casey,113541,166
Casey,112622,86
Casey,143944,689
Casey,105096,508
Casey,121764,116
Casey,119727,4
Casey,170637,895
Casey,168553,492
Casey,187472,13
Casey,126203,106
Casey,102050,518
Casey,168513,181
Casey,164213,375
Casey,126942,168
Casey,120736,777
Casey,178275,978
Casey,115859,780
Casey,198077,218
Casey,132678,577
Casey,151992,466
Casey,185655,374
Casey,122740,320
Casey,147405,167
Casey,158109,396
Casey,164691,84
Casey,105053,498
Casey,127846,817
Casey,167938,35
Casey,121330,354
Casey,134574,901
Casey,176810,431
Casey,103592,815
Casey,130342,667
Casey,170752,358
Casey,175862,204
Casey,104416,910
Casey,169844,128
Casey,124020,816
Casey,134860,683
Casey,182374,459
Casey,102739,443
Casey,135167,85
Casey,197809,385
Casey,179586,365
Casey,158966,873
Casey,174541,648
Casey,153733,338
Casey,185862,252
Casey,127423,233
Casey,167792,825
Casey,130639,999
Casey,128137,150
Casey,128726,517
Casey,124558,193
Casey,151411,996
Casey,168599,730
Casey,162803,753
Casey,137003,405
Casey,171826,765
Casey,120259,199
Casey,125328,3
Casey,157630,929
Casey,105334,992
Casey,128474,549
Casey,188934,828
Casey,136845,569
Casey,170543,515
Casey,196522,427
Casey,188010,355
Casey,171690,358
Casey,174466,22
Casey,150364,914
Casey,109024,606
Casey,160003,604
Casey,158864,2
Casey,124735,868
Casey,166911,396
Casey,193193,162
Casey,107392,887
Casey,105025,457
Casey,138316,951
Casey,128385,800
Casey,176020,739
Casey,187740,419
Casey,116479,34
Casey,172717,89
Casey,124379,633
Casey,174363,142
Casey,120571,190
Casey,159681,53
Casey,161655,798
Casey,131519,676
Casey,101199,544
Casey,133998,751
Casey,165837,831
Casey,118533,229
Casey,119821,97
Casey,135532,261
Casey,182054,586
Casey,129271,634
Casey,135012,932
Casey,161069,674
Casey,160958,88
Casey,148447,79
Casey,138576,43
Casey,158305,815
Casey,198254,209
Casey,106161,842
Casey,131637,496
Casey,146454,966
Casey,150877,440
Casey,148231,354
Casey,193006,223
Casey,137528,377
Casey,162238,685
Casey,173841,301
Casey,183602,39
Casey,106816,923
Casey,108071,294
Casey,144720,57
Casey,105206,302
Casey,100361,487
Casey,195410,403
Casey,161875,762
Casey,105805,24
Casey,167871,493
Casey,184323,900
Casey,140906,547
Casey,170587,252
Casey,178658,253
Casey,143536,224
Casey,165576,66
Casey,184795,451
Casey,130311,382
Casey,154621,659
Casey,109697,370
Casey,131000,926
Casey,164836,223
Casey,111533,518
Casey,119113,620
Casey,162577,234
Casey,191973,66
Casey,199698,34
Casey,162289,83
Casey,155580,713
Casey,124970,429
Casey,138786,401
Casey,190827,708
Casey,165122,878
Casey,178314,296
Casey,174217,937
Casey,187580,543
Casey,128204,307
Casey,166475,926
Casey,169891,884
Casey,135429,694
Casey,148133,78
Casey,178778,532
Casey,111051,437
Casey,126831,660
Casey,152972,616
Casey,174667,909
Casey,198711,581
Casey,161062,595
Casey,125862,649
Casey,176813,778
Casey,184933,124
Casey,117429,446
Casey,107863,242
Casey,162603,370
Casey,143730,772
Casey,186332,472
Casey,156608,999
Casey,170666,91
Casey,157704,522
Casey,102803,408
Casey,103528,219
Casey,195704,417
Casey,138975,24
Casey,113489,626
Casey,113611,97
Casey,140288,932
Casey,139201,492
Casey,155446,746
Casey,188262,133
Casey,179083,45
Casey,154696,859
Casey,186338,996
Casey,106987,804
Casey,144581,791
Casey,128662,462
Casey,129593,36
Casey,107959,49
Casey,183939,997
Casey,177309,610
Casey,110480,231
Casey,181615,259
Casey,167052,30
Casey,133423,524
Casey,186222,362
Casey,181457,669
Casey,167931,610
Casey,141953,798
Casey,105176,991
Casey,100488,386
Casey,100990,65
Casey,157148,810
Casey,169907,183
Casey,105459,239
Casey,112791,942
Casey,197359,230
Casey,124435,91
Casey,117748,914
Casey,143292,498
Casey,103948,522
Casey,155160,854
Casey,163474,118
Casey,127579,640
Casey,188280,682
Casey,187899,550
Casey,191872,931
Casey,170924,848
Casey,178570,203
Casey,180450,813
Casey,141996,486
Casey,182670,766
Casey,156310,205
Casey,161637,576
Casey,189199,716
Casey,121786,809
Casey,124026,304
Casey,188709,683
Casey,134889,457
Casey,101825,383
Casey,139799,154
Casey,159613,496
Casey,199334,533
Casey,129077,550
Casey,164771,802
Casey,144397,970
Casey,123869,572
Casey,134325,437
Casey,150722,418
Casey,140292,821
Casey,116656,575
Casey,103598,945
Casey,131174,642
Casey,138725,852
Casey,127609,134
Casey,196680,806
Casey,134504,533
Casey,139772,885
Casey,178179,999
Casey,156573,177
Casey,119850,722
Casey,100223,685
Casey,127824,335
Casey,199668,877
Casey,112671,855
Casey,159421,653
Casey,188026,216
Casey,161065,82
Casey,193787,185
Casey,148438,998
Casey,125381,864
Casey,128533,735
Casey,108416,286
Casey,116725,44
Casey,178042,870
Casey,170344,662
Casey,114702,406
Casey,140439,955
Casey,140065,423
Casey,104727,262
Casey,183238,865
Casey,180655,680
Casey,105647,55
Casey,105316,91
Casey,197661,430
Casey,123495,965
Casey,191040,873
Casey,107919,834
Casey,144848,137
Casey,197556,88
Casey,160858,724
Casey,133112,134
Casey,149896,419
Casey,165701,983
Casey,165770,121
Casey,176719,612
Casey,121016,668
Casey,134287,888
Casey,131603,661
Casey,166199,366
Casey,125462,764
Casey,142779,870
Casey,136323,757
Casey,119754,181
Casey,193188,89
Casey,176741,716
Casey,141078,844
Casey,157583,872
Casey,159030,578
Casey,184750,606
Casey,128507,554
Casey,150009,721
Casey,182005,931
Casey,140415,119
Casey,154723,598
Casey,141776,19
Casey,155329,725
Casey,104749,836
Casey,138732,105
Casey,194804,715
Casey,131915,693
Casey,105870,176
Casey,154089,886
Casey,122730,530
Casey,149517,129
Casey,111219,758
Casey,173487,100
Casey,105939,411
Casey,171785,184
Casey,167926,450
Casey,100870,33
Casey,111917,560
Casey,104688,331
Casey,135841,340
Casey,162976,540
Casey,177524,781
Casey,142902,798
Casey,127813,853
Casey,178466,173
Casey,176196,760
Casey,157101,286
Casey,158663,967
Casey,181949,172
Casey,167902,84
Casey,122942,657
Casey,104209,333
Casey,170685,863
Casey,121315,755
Casey,163263,989
Casey,132136,177
Casey,143527,175
Casey,166659,621
Casey,102486,544
Casey,174803,713
Casey,134029,527
Casey,173288,620
Casey,184623,753
Casey,176671,318
Casey,130309,963
Casey,152581,829
Casey,165320,144
Casey,182863,770
Casey,171559,667
Casey,118810,501
Casey,129362,552
Casey,149559,651
Casey,148310,133
Casey,115951,167
Casey,187635,117
Casey,138113,723
Casey,116915,479
Casey,131428,469
Casey,138577,114
Casey,117540,494
Casey,106190,47
Casey,102827,7
Casey,193236,324
Casey,101393,692
Casey,123296,159
Casey,109071,82
Casey,120476,454
Casey,126518,416
Casey,186933,362
Casey,171096,310
Casey,116971,308
Casey,192411,434
Casey,187272,293
Casey,171590,714
Casey,132526,771
Casey,103157,455
Casey,154950,863
Casey,150840,330
Casey,122343,221
Casey,174299,156
Casey,129064,796
Casey,185986,763
Casey,170811,28
Casey,180167,160
Casey,183965,602
Casey,106925,248
Casey,154906,732
Casey,152943,247
Casey,159260,283
Casey,192080,89
Casey,178068,465
Casey,149462,578
Casey,105663,403
Casey,194809,623
Casey,118119,179
Casey,143124,849
Casey,164668,139
Casey,154641,336
Casey,175784,969
Casey,129884,877
Casey,101505,581
Casey,125248,566
Casey,122283,220
Casey,106607,426
Casey,110666,801
Casey,147813,280
Casey,123920,180
Casey,181267,678
Casey,123817,830
Casey,199055,933
Casey,124224,714
Casey,157534,367
Casey,179117,740
Casey,197974,605
Casey,133006,867
Casey,133847,100
Casey,152945,399
Casey,181943,776
Casey,114795,456
Casey,105091,626
Casey,140156,681
Casey,184913,675
Casey,188207,777
Casey,130889,562
Casey,114717,297
Casey,141367,469
Casey,117746,147
Casey,184988,363
Casey,137721,464
Casey,113470,297
Casey,191270,776
Casey,171220,610
Casey,149369,819
Casey,141808,655
Casey,119142,660
Casey,133494,746
Casey,193144,596
Casey,145629,228
Casey,158149,300
Casey,128084,184
Casey,165728,257
Casey,135004,607
Casey,102423,67
Casey,190748,409
Casey,179231,858
Casey,176431,489
Casey,173896,510
Casey,155502,645
Casey,172087,795
Casey,131669,566
Casey,101796,4
Casey,195507,740
Casey,154080,301
Casey,105501,796
Casey,133122,312
Casey,162564,173
Casey,153009,201
Casey,157351,52
Casey,119891,279
Casey,159222,31
Casey,160580,538
Casey,169521,40
Casey,179719,85
Casey,124852,82
Casey,126736,905
Casey,130475,308
Casey,120260,424
Casey,187180,186
Casey,148237,583
Casey,116788,784
Casey,100982,803
Casey,125792,816
Casey,185169,786
Casey,123423,230
Casey,152802,917
Casey,135062,270
Casey,154516,837
Casey,180013,658
Casey,146411,910
Casey,165110,968
Casey,166406,981
Casey,156177,412
Casey,166831,375
Casey,147816,284
Casey,151281,903
Casey,178649,643
Casey,123509,160
Casey,114335,440
Casey,159829,826
Casey,115737,231
Casey,111415,54
Casey,153234,638
Casey,128566,817
Casey,102287,11
Casey,116008,19
Casey,137547,645
Casey,150127,715
Casey,103752,218
Casey,171428,95
Casey,122755,548
Casey,199983,86
Casey,184865,778
Casey,194264,884
Casey,114077,381
Casey,146341,740
Casey,113037,757
Casey,113899,555
Casey,102745,708
Casey,137707,308
Casey,142781,408
Casey,178142,243
Casey,139217,717
Casey,140016,346
Casey,196802,659
Casey,141056,654
Casey,104169,490
Casey,119397,831
Casey,134430,663
Casey,115506,259
Casey,151440,831
Casey,131039,406
Casey,178209,46
Casey,196557,312
Casey,135021,809
Casey,163747,319
Casey,160061,420
Casey,131466,143
Casey,113686,368
Casey,178235,973
Casey,140304,33
Casey,167067,565
Casey,126894,943
Casey,103775,683
Casey,146122,307
Casey,196796,85
Casey,195280,538
Casey,173885,407
Casey,101911,912
Casey,101452,730
Casey,175758,269
Casey,174963,669
Casey,188050,318
Casey,180862,876
Casey,155192,356
Casey,159082,845
Casey,145766,702
Casey,138241,345
Casey,153537,350
Casey,151748,625
Casey,150737,952
Casey,192384,507
Casey,185252,660
Casey,195030,225
Casey,120206,286
Casey,112636,346
Casey,182540,242
Casey,196924,92
Casey,129238,921
Casey,112334,350
Casey,141556,547
Casey,141091,51
Casey,152511,614
Casey,164378,709
Casey,198273,577
Casey,115254,484
Casey,190896,647
Casey,103139,826
Casey,183894,580
Casey,115458,453
Casey,152042,178
Casey,129928,400
Casey,168707,217
Casey,172569,615
Casey,100001,374
Casey,123505,87
Casey,128339,924
Casey,116401,783
Casey,182455,129
Casey,162980,611
Casey,121816,492
Casey,166676,838
Casey,174179,869
Casey,161847,19
Casey,172405,401
Casey,117758,497
Casey,180424,11
Casey,130219,179
Casey,159665,445
Casey,120679,479
Casey,160202,997
Casey,146814,160
Casey,173105,456
Casey,194800,791
Casey,175869,165
Casey,118965,265
Casey,164880,238
Casey,184174,750
Casey,150243,864
Casey,159670,595
Casey,100008,724
Casey,101008,429
Casey,133504,35
Casey,120952,154
Casey,110245,987
Casey,100757,564
Casey,178772,544
Casey,150796,805
Casey,171705,497
Casey,152601,35
Casey,162921,355
Casey,125901,342
Casey,104367,503
Casey,108669,788
Casey,145178,334
Casey,142163,286
Casey,136279,962
Casey,195651,688
Casey,163784,464
Casey,129095,529
Casey,185453,689
Casey,164219,615
Casey,182435,132
Casey,172127,592
Casey,118287,418
Callie,132903,534
Callie,139462,816
Callie,127537,510
Callie,175721,876
Callie,127497,955
Callie,180000,997
Callie,136259,602
Callie,152738,934
Callie,113043,612
Callie,123576,379
Callie,145011,221
Callie,174987,818
Callie,190654,775
Callie,110854,757
Callie,179196,769
Callie,102107,834
Callie,115918,515
Callie,170471,753
Callie,191726,666
Callie,185879,890
Callie,151010,217
Callie,163498,461
Callie,159216,449
Callie,132184,971
Callie,109983,343
Callie,110358,733
Callie,114730,475
Callie,197419,790
Callie,141494,451
Callie,137053,655
Callie,139048,320
Callie,156407,423
Callie,183836,830
Callie,175683,169
Callie,192644,746
Callie,161136,386
Callie,195797,669
Callie,174757,415
Callie,188504,468
Callie,189920,70
Callie,130019,652
Callie,144213,525
Callie,116239,394
Callie,182907,589
Callie,190952,301
Callie,172822,910
Callie,119337,574
Callie,100409,335
Callie,113649,984
Callie,101955,951
Callie,132485,736
Callie,123839,959
Callie,153447,735
Callie,179553,571
Callie,156581,220
Callie,178564,980
Callie,139825,768
Callie,103363,637
Callie,187520,419
Callie,129350,493
Callie,103045,907
Callie,127368,216
Callie,119816,773
Callie,177042,98
Callie,147661,840
Callie,143489,80
Callie,104253,604
Callie,141454,710
Callie,119510,70
Callie,121918,224
Callie,106347,3
Callie,154233,99
Callie,146930,919
Callie,116755,583
Callie,115124,165
Callie,141881,396
Callie,102564,393
Callie,163791,956
Callie,190027,975
Callie,130357,430
Callie,127870,805
Callie,150522,915
Callie,113313,434
Callie,158407,893
Callie,181287,867
Callie,119904,30
Callie,135744,517
Callie,144049,405
Callie,170619,219
Callie,146784,269
Callie,133184,8
Callie,185129,547
Callie,175232,11
Callie,140175,848
Callie,189206,630
Callie,161827,703
Callie,188148,847
Callie,141062,141
Callie,174988,245
Callie,116123,895
Callie,119710,661
Callie,188728,144
Callie,199154,441
Callie,106501,259
Callie,197895,549
Callie,137858,538
Callie,181277,899
Callie,196133,425
Callie,167856,662
Callie,133669,485
Callie,122328,381
Callie,111566,263
Callie,161680,632
Callie,123626,616
Callie,196080,36
Callie,124849,182
Callie,148291,887
Callie,128606,935
Callie,156531,713
Callie,132240,175
Callie,131667,82
Callie,104204,196
Callie,162201,564
Callie,132431,230
Callie,184222,287
Callie,191467,731
Callie,117695,729
Callie,132616,813
Callie,125320,695
Callie,107326,837
Callie,177184,998
Callie,138733,513
Callie,148936,236
Callie,185802,325
Callie,176567,332
Callie,113307,402
Callie,111347,449
Callie,160086,630
Callie,175802,493
Callie,187809,459
Callie,101917,777
Callie,195409,683
Callie,156548,224
Callie,140834,91
Callie,163176,859
Callie,107016,538
Callie,104716,986
Callie,185428,380
Callie,152474,84
Callie,181865,893
Callie,171588,79
Callie,185822,108
Callie,183328,813
Callie,188097,150
Callie,153802,331
Callie,157440,891
Callie,187584,152
Callie,112583,765
Callie,129834,671
Callie,119798,781
Callie,158584,378
Callie,131612,53
Callie,135366,49
Callie,145657,644
Callie,105407,401
Callie,126275,443
Callie,175617,149
Callie,173401,665
Callie,102841,895
Callie,181419,112
Callie,195294,298
Callie,114230,962
Callie,148377,301
Callie,150804,442
Callie,178256,95
Callie,119936,451
Callie,135211,813
Callie,118335,662
Callie,126909,831
Callie,111204,437
Callie,190775,421
Callie,117120,36
Callie,158669,198
Callie,183076,275
Callie,184031,750
Callie,168735,254
Callie,132246,78
Callie,184567,260
Callie,173002,899
Callie,133441,277
Callie,193077,172
Callie,138681,427
Callie,143098,83
Callie,103914,617
Callie,146953,993
Callie,161259,633
Callie,126313,172
Callie,195508,881
Callie,157097,168
Callie,197080,241
Callie,161075,108
Callie,105823,804
Callie,145050,375
Callie,160426,320
Callie,102383,463
Callie,183053,948
Callie,135934,672
Callie,173022,477
Callie,107065,359
Callie,101340,632
Callie,196335,502
Callie,140031,748
Callie,162338,259
Callie,198495,344
Callie,144608,877
Callie,155763,321
Callie,198190,339
Callie,124167,840
Callie,100813,259
Callie,146097,591
Callie,159932,47
Callie,169421,637
Callie,121832,782
Callie,135113,324
Callie,117214,978
Callie,100480,818
Callie,193401,901
Callie,138645,367
Callie,109035,148
Callie,128387,518
Callie,184785,244
Callie,117781,941
Callie,102992,723
Callie,199838,371
Callie,131196,287
Callie,124166,5
Callie,190532,466
Callie,169707,964
Callie,144630,75
Callie,123854,480
Callie,179852,818
Callie,109751,587
Callie,109260,850
Callie,152701,79
Callie,140815,384
Callie,121425,774
Callie,162473,894
Callie,111003,942
Callie,107668,898
Callie,122720,553
Callie,136998,493
Callie,153326,917
Callie,173354,714
Callie,157020,744
Callie,125673,327
Callie,101795,571
Callie,189258,877
Callie,131532,434
Callie,157706,846
Callie,150372,461
Callie,198752,593
Callie,170156,68
Callie,107249,840
Callie,110189,323
Callie,151696,493
Callie,190820,636
Callie,105717,731
Callie,189507,825
Callie,153301,277
Callie,115888,84
Callie,150874,511
Callie,191783,161
Callie,199928,152
Callie,117150,764
Callie,102834,989
Callie,157011,240
Callie,138538,315
Callie,141691,369
Callie,163364,1000
Callie,175126,643
Callie,194106,726
Callie,101318,72
Callie,199201,195
Callie,189575,799
Callie,174290,265
Callie,190373,628
Callie,167956,199
Callie,163499,602
Callie,186713,645
Callie,150475,335
Callie,118932,841
Callie,190594,13
Callie,196724,245
Callie,110914,682
Callie,144868,175
Callie,130104,552
Callie,169977,330
Callie,174019,828
Callie,174528,736
Callie,170453,239
Callie,129029,721
Callie,111691,860
Callie,126296,536
Callie,126520,76
Callie,117217,510
Callie,105638,461
Callie,182061,676
Callie,151827,271
Callie,196505,578
Callie,177315,62
Callie,197578,600
Callie,186430,483
Callie,172762,279
Callie,140931,250
Callie,127282,74
Callie,148332,80
Callie,144315,822
Callie,135658,946
Callie,132767,118
Callie,122164,527
Callie,197033,872
Callie,126217,421
Callie,139643,205
Callie,190015,531
Callie,196087,458
Callie,115650,94
Callie,155499,441
Callie,167117,178
Callie,116057,900
Callie,140073,732
Callie,161902,282
Callie,135222,582
Callie,139993,86
Callie,162370,443
Callie,174827,2
Callie,187424,315
Callie,188438,788
Callie,114636,380
Callie,182547,898
Callie,181005,554
Callie,154204,283
Callie,188082,391
Callie,131347,168
Callie,194217,594
Callie,195314,631
Callie,148703,411
Callie,193586,437
Callie,175414,767
Callie,192593,283
Callie,144236,715
Callie,174232,424
Callie,185146,733
Callie,159696,554
Callie,135897,467
Callie,115109,85
Callie,125741,583
Callie,156139,371
Callie,195994,124
Callie,128459,870
Callie,184699,115
Callie,176441,626
Callie,191016,218
Callie,177839,432
Callie,168050,608
Callie,164417,656
Callie,126508,289
Callie,156750,97
Callie,182982,422
Callie,139116,770
Callie,157400,416
Callie,176298,108
Callie,171610,419
Callie,156898,733
Callie,106606,181
Callie,156717,87
Callie,100858,626
Callie,158428,991
Callie,199707,798
Callie,135370,708
Callie,163275,132
Callie,169560,549
Callie,122612,637
Callie,190926,549
Callie,193969,93
Callie,195170,266
Callie,126802,854
Callie,108029,651
Callie,143135,81
Callie,106383,613
Callie,103248,702
Callie,114345,428
Callie,138070,617
Callie,142803,581
Callie,129236,522
Callie,189831,692
Callie,181666,53
Callie,115056,127
Callie,148547,806
Callie,141951,582
Callie,131020,778
Callie,147627,735
Callie,192491,757
Callie,174080,885
Callie,130373,388
Callie,170002,393
Callie,143611,413
Callie,100009,650
Callie,146951,824
Callie,188585,167
Callie,135917,791
Callie,178741,882
Callie,187236,240
Callie,134716,217
Callie,195347,500
Callie,164290,641
Callie,126067,774
Callie,173890,990
Callie,140586,98
Callie,172758,412
Callie,120889,276
Callie,104764,77
Callie,193760,747
Callie,111707,41
Callie,136716,871
Callie,101237,25
Callie,135455,752
Callie,157881,727
Callie,173785,179
Callie,181892,597
Callie,131940,233
Callie,147084,831
Callie,177120,98
Callie,132902,977
Callie,141123,948
Callie,198128,807
Callie,144591,978
Callie,192882,724
Callie,151579,515
Callie,178215,5
Callie,102076,227
Callie,185012,562
Callie,162132,281
Callie,146513,847
Callie,138842,811
Callie,176471,312
Callie,115567,259
Callie,116867,241
Callie,108035,277
Callie,195433,551
Callie,191411,923
Callie,141812,696
Callie,183368,847
Callie,166404,987
Callie,176245,976
Callie,179155,766
Callie,154979,356
Callie,176816,265
Callie,164426,763
Callie,150996,135
Callie,192387,557
Callie,193053,325
Callie,127246,550
Callie,188849,935
Callie,178487,289
Callie,158547,59
Callie,159354,743
Callie,167802,248
Callie,117569,736
Callie,136435,21
Callie,172029,132
Callie,175116,377
Callie,108796,446
Callie,166455,854
Callie,126921,984
Callie,157377,985
Callie,107812,77
Callie,150298,309
Callie,147000,613
Callie,159642,130
Callie,186503,133
Callie,126800,972
Callie,162681,502
Callie,120284,882
Callie,121277,911
Callie,157986,30
Callie,108453,838
Callie,104246,125
Callie,166721,529
Callie,131522,839
Callie,157615,87
Callie,199941,246
Callie,186877,655
Callie,139321,761
Callie,100901,981
Callie,141856,301
Callie,169260,734
Callie,112011,791
Callie,133869,634
Callie,122389,292
Callie,154128,545
Callie,174500,539
Callie,153252,944
Callie,132081,941
Callie,128816,579
Callie,139605,89
Callie,170516,30
Callie,149821,954
Callie,111779,922
Callie,143401,415
Callie,118704,714
Callie,197645,571
Callie,159912,756
Callie,193978,937
Callie,135519,30
Callie,166414,577
Callie,169124,651
Callie,103132,342
Callie,159076,520
Callie,120255,257
Callie,112410,804
Callie,191355,415
Callie,117751,495
Callie,137653,3
Callie,185910,219
Callie,137803,718
Callie,118935,577
Callie,102654,177
Callie,120376,160
Callie,170489,230
Callie,147796,49
Callie,170841,818
Callie,169236,371
Callie,188347,20
Callie,193757,15
Callie,102915,704
Callie,152574,950
Callie,158179,87
Callie,187258,769
Callie,121179,748
Callie,121768,910
Callie,197680,587
Callie,109317,11
Callie,192511,729
Callie,122877,96
Callie,130383,460
Callie,102642,423
Callie,150071,640
Callie,183337,222
Callie,122525,442
Callie,126081,885
Callie,182131,817
Callie,158674,59
Callie,140205,787
Callie,180397,263
Callie,185463,404
Callie,189328,943
Callie,112116,735
Callie,130040,314
Callie,144532,583
Callie,192156,124
Callie,102660,712
Callie,115315,721
Callie,111937,160
Callie,114028,881
Callie,169999,160
Callie,166397,589
Callie,134853,525
Callie,127345,542
Callie,169870,548
Callie,105791,154
Callie,178966,262
Callie,183179,41
Callie,190072,412
Callie,124552,785
Callie,143603,33
Callie,133629,37
Callie,197902,6
Callie,164873,706
Callie,135242,590
Callie,106027,645
Callie,106241,828
Callie,172634,830
Callie,164565,777
Callie,147185,425
Callie,104706,658
Callie,178670,375
Callie,170291,860
Callie,115048,714
Callie,139494,818
Callie,199944,487
Callie,101138,15
Callie,153724,860
Callie,187812,320
Callie,181499,427
Callie,183748,597
Callie,117122,552
Callie,180458,971
Callie,158673,401
Callie,132622,779
Callie,117609,349
Callie,173014,295
Callie,132975,522
Callie,156014,470
Callie,159218,760
Callie,163276,513
Callie,117898,589
Callie,111669,478
Callie,138361,363
Callie,103987,13
Callie,198284,444
Callie,194860,917
Callie,168781,115
Callie,113017,823
Callie,162764,258
Callie,128762,176
Callie,158132,126
Callie,171735,653
Callie,129220,895
Callie,113169,891
Callie,130719,880
Callie,175039,141
Callie,152072,55
Callie,121882,839
Callie,172749,755
Callie,154633,721
Callie,123666,372
Callie,112782,77
Callie,170960,846
Callie,145864,842
Callie,161600,46
Callie,140480,645
Callie,179652,900
Callie,140235,780
Callie,140461,313
Callie,124453,426
Callie,126655,576
Callie,170894,196
Callie,174807,962
Callie,189118,687
Callie,142766,183
Callie,109347,510
Callie,137957,742
Callie,109308,869
Callie,197602,906
Callie,110054,55
Callie,114950,146
Callie,166499,373
Callie,169753,546
Callie,128550,673
Callie,156954,668
Callie,176363,87
Callie,163757,582
Callie,122728,267
Callie,116561,769
Callie,104503,693
Callie,109270,672
Callie,121557,927
Callie,145563,748
Callie,132843,401
Callie,114125,258
Callie,178987,245
Callie,145181,948
Callie,131925,177
Callie,140963,514
Callie,132946,600
Callie,170204,959
Callie,152229,987
Callie,188302,506
Callie,194472,204
Callie,143710,393
Callie,115603,849
Callie,187179,854
Callie,143482,927
Callie,176548,334
Callie,148138,75
Callie,185310,533
Callie,118756,159
Callie,178188,218
Callie,112911,762
Callie,116935,549
Callie,126638,418
Callie,120967,765
Callie,188969,557
Callie,104700,631
Callie,115670,504
Callie,174091,967
Callie,157565,130
Callie,128198,391
Callie,111017,265
Callie,151451,145
Callie,150803,228
Callie,117728,615
Callie,182310,412
Callie,126718,967
Callie,161085,974
Callie,172186,989
Callie,114326,836
Callie,151289,723
Callie,171054,623
Callie,113764,406
Callie,158913,94
Callie,177175,897
Callie,165215,486
Callie,168856,886
Callie,166203,949
Callie,192909,720
Callie,147778,118
Callie,152351,111
Callie,168874,448
Callie,122935,709
Callie,175088,978
Callie,108578,244
Callie,166446,928
Callie,132669,463
Callie,135720,740
Callie,170038,43
Callie,158183,763
Callie,112576,894
Callie,186166,502
Callie,141321,910
Callie,146957,267
Callie,175262,659
Callie,187754,996
Callie,167744,523
Callie,113507,247
Callie,167712,531
Callie,155013,837
Callie,141529,756
Callie,146082,620
Callie,191571,855
Callie,190147,311
Callie,136094,10
Callie,155874,245
Callie,101487,21
Callie,193824,969
Callie,103222,6
Callie,156266,729
Callie,167587,534
Callie,175781,916
Callie,199127,772
Callie,147787,580
Callie,156189,567
Callie,178518,608
Callie,107315,970
Callie,126021,619
Callie,117259,696
Callie,161774,113
Callie,153927,254
Callie,119100,930
Callie,105431,849
Callie,127611,531
Callie,168676,412
Callie,167140,85
Callie,156147,579
Callie,193453,504
Callie,197892,134
Callie,184080,430
Callie,129306,621
Callie,177049,176
Callie,143382,457
Callie,168413,433
Callie,142434,488
Callie,153734,862
Callie,137269,68
Callie,169486,812
Callie,131527,786
Callie,114478,120
Callie,188519,14
Callie,117232,875
Callie,143245,461
Callie,199500,373
Callie,110339,470
Callie,158449,178
Callie,199352,585
Callie,190768,572
Callie,166038,146
Callie,124778,518
Callie,150744,794
Callie,127147,0
Callie,124578,370
Callie,140039,399
Callie,103804,326
Callie,112981,210
Callie,115307,552
Callie,159600,793
Callie,170730,635
Callie,108889,688
Callie,191162,48
Callie,185509,843
Callie,168764,263
Callie,130236,66
Callie,123942,648
Callie,186901,873
Callie,107102,405
Callie,184096,116
Callie,112967,712
Callie,185356,180
Callie,179141,240
Callie,111585,530
Callie,133513,316
Callie,107415,4
Callie,197337,439
Callie,127818,726
Callie,173801,498
Callie,154168,924
Callie,189127,266
Callie,176877,139
Callie,101025,356
Callie,118608,649
Callie,163109,67
Callie,181715,656
Callie,161979,377
Callie,158168,58
Callie,154944,901
Callie,164074,83
Callie,183354,170
Callie,182212,675
Callie,124979,856
Callie,159223,893
Callie,108725,202
Callie,183980,52
Callie,133597,977
Callie,140795,946
Callie,126963,783
Callie,191547,897
Callie,102741,822
Callie,141902,503
Callie,149076,866
Callie,162348,697
Callie,121938,334
Callie,107670,639
Callie,136955,700
Callie,109427,611
Callie,182860,530
Callie,167105,992
Callie,131902,96
Callie,198972,794
Callie,137418,123
Callie,185027,803
Callie,179163,160
Callie,192787,616
Callie,169336,833
Callie,164151,922
Callie,117083,686
Callie,192849,115
Callie,185121,451
Callie,166459,889
Callie,169717,239
Callie,189900,685
Callie,153196,728
Callie,113567,714
Callie,140302,782
Callie,149012,847
Callie,142296,728
Callie,111265,629
Callie,151402,364
Callie,114606,14
Callie,163527,877
Callie,192840,279
Callie,152214,181
Callie,140899,49
Callie,106717,523
Callie,113120,873
Callie,187901,491
Callie,164695,605
Callie,176665,780
Callie,136623,460
Callie,186984,48
Callie,129670,468
Callie,147051,542
Callie,115988,250
Callie,145197,585
Callie,124093,933
Callie,191602,803
Callie,129693,620
Callie,110241,47
Callie,186915,968
Callie,141763,39
Callie,162119,710
Callie,107092,233
Callie,130376,939
Callie,138319,993
Callie,199439,117
Callie,117507,156
Callie,108514,957
Callie,117585,66
Callie,156476,947
Callie,171846,508
Callie,192583,388
Callie,110300,748
Callie,114573,554
Callie,112133,249
Callie,197255,262
Callie,187830,469
Callie,130239,283
Callie,189912,653
Callie,171709,214
Callie,161368,609
Callie,126693,634
Callie,169362,630
Callie,181893,114
Callie,104726,251
Callie,169393,105
Callie,112348,911
Callie,173200,34
Callie,113532,573
Callie,175417,682
Callie,191125,161
Callie,130293,920
Callie,186588,704
Callie,174064,949
Callie,137487,6
Callie,180860,66
Callie,136503,834
Callie,154445,661
Callie,139078,806
Callie,179299,939
Callie,137092,167
Callie,176652,550
Callie,107874,397
Callie,115948,32
Callie,189630,450
Callie,150683,390
Callie,166191,617
Callie,119089,353
Callie,101886,503
Callie,112738,834
Callie,112642,422
Callie,168828,388
Callie,141392,317
Callie,169225,948
Callie,111218,635
Callie,185021,213
Callie,192492,978
Callie,170464,806
Callie,119716,586
Callie,175707,161
Callie,132892,614
Callie,192404,156
Callie,158982,357
Callie,171805,659
Callie,170706,855
Callie,107467,510
Callie,185858,261
Callie,104255,851
Callie,149487,827
Callie,149814,742
Callie,137685,36
Callie,120286,983
Callie,140345,383
Callie,194269,499
Callie,161056,193
Callie,115638,88
Callie,161821,826
Callie,189444,419
Callie,132941,634
Callie,137822,98
Callie,164396,51
Callie,122644,37
Callie,197907,199
Callie,108152,602
Callie,198432,598
Callie,155027,551
Callie,131456,466
Callie,148606,315
Callie,133602,303
Callie,109232,858
Callie,126305,333
Callie,153874,115
Callie,101413,605
Callie,122443,277
Callie,170956,736
Callie,106133,341
Callie,117012,181
Callie,103023,493
Callie,180442,65
Callie,101082,102
Callie,183361,222
Callie,183956,89
Callie,170390,833
Callie,153836,573
Callie,149267,833
Callie,110032,294
Callie,173357,858
Callie,168567,818
Callie,104783,175
Callie,166521,449
Callie,182978,882
Callie,121453,786
Callie,152508,699
Callie,112212,849
Callie,158809,913
Callie,101010,511
Callie,126970,355
Callie,185995,806
Callie,132016,326
Callie,107780,848
Callie,192157,823
Callie,157677,355
Callie,125066,435
Callie,106291,899
Callie,158976,116
Callie,194927,785
Callie,100089,618
Callie,128121,159
Callie,109727,976
Callie,107835,275
Callie,131078,228
Callie,175813,207
Callie,135220,431
Callie,151318,222
Callie,115696,28
Callie,102618,478
Callie,170928,762
Callie,151997,252
Callie,127705,296
Caldwell,189155,493
Caldwell,126859,533
Caldwell,168201,420
Caldwell,111411,802
Caldwell,120378,776
Caldwell,185772,702
Caldwell,138784,396
Caldwell,159096,82
Caldwell,114883,603
Caldwell,162103,204
Caldwell,157599,965
Caldwell,182192,287
Caldwell,170001,204
Caldwell,135582,930
Caldwell,114166,900
Caldwell,102466,855
Caldwell,112378,963
Caldwell,176351,82
Caldwell,171772,291
Caldwell,197997,447
Caldwell,139886,316
Caldwell,104189,3
Caldwell,129342,409
Caldwell,109259,885
Caldwell,163718,572
Caldwell,154160,435
Caldwell,104795,158
Caldwell,151572,216
Caldwell,196114,34
Caldwell,138271,461
Caldwell,155968,770
Caldwell,141966,867
Caldwell,105607,304
Caldwell,109708,812
Caldwell,146519,56
Caldwell,116364,279
Caldwell,168575,724
Caldwell,181533,717
Caldwell,132871,142
Caldwell,129068,604
Caldwell,128409,17
Caldwell,192526,598
Caldwell,134028,1
Caldwell,109332,354
Caldwell,170268,149
Caldwell,185373,170
Caldwell,133583,161
Caldwell,189238,357
Caldwell,158917,376
Caldwell,143250,217
Caldwell,187329,554
Caldwell,194207,679
Caldwell,182746,453
Caldwell,116271,148
Caldwell,198925,719
Caldwell,164283,499
Caldwell,183450,675
Caldwell,187760,978
Caldwell,119898,148
Caldwell,105257,512
Caldwell,158169,704
Caldwell,188137,304
Caldwell,173749,465
Caldwell,147093,962
Caldwell,188106,775
Caldwell,158079,262
Caldwell,184345,863
Caldwell,180416,442
Caldwell,170757,719
Caldwell,165224,266
Caldwell,104824,443
Caldwell,150049,594
Caldwell,130702,136
Caldwell,136938,353
Caldwell,116898,119
Caldwell,113692,984
Caldwell,176504,516
Caldwell,194515,933
Caldwell,176005,734
Caldwell,144892,465
Caldwell,103269,194
Caldwell,134894,466
Caldwell,162865,726
Caldwell,129835,202
Caldwell,140190,433
Caldwell,184467,441
Caldwell,148681,205
Caldwell,142840,813
Caldwell,175052,894
Caldwell,150599,15
Caldwell,181890,558
Caldwell,168062,334
Caldwell,182019,869
Caldwell,137231,120
Caldwell,136193,236
Caldwell,127881,858
Caldwell,147137,724
Caldwell,194810,57
Caldwell,135710,56
Caldwell,184551,720
Caldwell,184852,79
Caldwell,132339,829
Caldwell,135421,474
Caldwell,102236,494
Caldwell,132883,146
Caldwell,114707,813
Caldwell,142278,939
Caldwell,130969,690
Caldwell,143976,745
Caldwell,161520,686
Caldwell,154270,431
Caldwell,168004,53
Caldwell,186086,820
Caldwell,179412,146
Caldwell,152259,879
Caldwell,105731,292
Caldwell,156492,120
Caldwell,157601,234
Caldwell,164933,700
Caldwell,116681,643
Caldwell,191790,601
Caldwell,173514,424
Caldwell,182723,437
Caldwell,120789,103
Caldwell,106094,618
Caldwell,126660,244
Caldwell,194409,172
Caldwell,147375,46
Caldwell,116646,782
Caldwell,124405,785
Caldwell,178967,362
Caldwell,195929,560
Caldwell,197795,264
Caldwell,129790,47
Caldwell,167057,579
Caldwell,177446,666
Caldwell,195087,547
Caldwell,126273,470
Caldwell,116889,370
Caldwell,131761,550
Caldwell,162648,856
Caldwell,118185,155
Caldwell,163056,372
Caldwell,120787,750
Caldwell,139798,466
Caldwell,136924,184
Caldwell,110035,368
Caldwell,163075,103
Caldwell,118344,638
Caldwell,153389,490
Caldwell,130762,292
Caldwell,170800,497
Caldwell,141266,456
Caldwell,137307,661
Caldwell,103736,975
Caldwell,150633,555
Caldwell,189471,513
Caldwell,183794,914
Caldwell,130815,809
Caldwell,160395,475
Caldwell,157632,857
Caldwell,109403,158
Caldwell,168913,419
Caldwell,125907,521
Caldwell,171531,866
Caldwell,145652,997
Caldwell,151768,841
Caldwell,135510,450
Caldwell,164523,24
Caldwell,166826,472
Caldwell,189886,298
Caldwell,144405,671
Caldwell,127623,833
Caldwell,116930,569
Caldwell,111866,219
Caldwell,122354,847
Caldwell,164840,344
Caldwell,199251,834
Caldwell,128603,957
Caldwell,184562,957
Caldwell,161057,275
Caldwell,191666,267
Caldwell,165408,184
Caldwell,101273,18
Caldwell,159772,329
Caldwell,131702,339
Caldwell,132192,929
Caldwell,193638,776
Caldwell,126438,294
Caldwell,165357,791
Caldwell,134783,766
Caldwell,189310,3
Caldwell,195162,530
Caldwell,199578,701
Caldwell,153943,546
Caldwell,177261,300
Caldwell,183406,665
Caldwell,161998,499
Caldwell,108356,947
Caldwell,154095,383
Caldwell,180695,432
Caldwell,181230,456
Caldwell,101779,505
Caldwell,192498,100
Caldwell,139800,935
Caldwell,155122,698
Caldwell,190065,181
Caldwell,123125,638
Caldwell,190494,476
Caldwell,100666,827
Caldwell,188359,760
Caldwell,188326,476
Caldwell,108354,652
Caldwell,152575,643
Caldwell,134547,937
Caldwell,108869,974
Caldwell,104398,226
Caldwell,130886,455
Caldwell,195262,631
Caldwell,197723,335
Caldwell,178292,577
Caldwell,182371,205
Caldwell,134916,940
Caldwell,152066,326
Caldwell,161932,295
Caldwell,120061,48
Caldwell,105511,998
Caldwell,183977,341
Caldwell,199536,801
Caldwell,164182,49
Caldwell,155764,124
Caldwell,176509,783
Caldwell,194599,160
Caldwell,102714,309
Caldwell,173290,484
Caldwell,179449,333
Caldwell,164544,751
Caldwell,171456,101
Caldwell,124744,31
Caldwell,130677,25
Caldwell,136318,456
Caldwell,130648,551
Caldwell,140032,304
Caldwell,130855,689
Caldwell,144335,673
Caldwell,196326,121
Caldwell,166702,720
Caldwell,100673,852
Caldwell,104603,285
Caldwell,121543,159
Caldwell,111746,487
Caldwell,184002,800
Caldwell,152530,807
Caldwell,119324,343
Caldwell,155429,516
Caldwell,135027,447
Caldwell,103859,26
Caldwell,153683,823
Caldwell,142299,885
Caldwell,173340,557
Caldwell,135088,277
Caldwell,130334,905
Caldwell,126522,554
Caldwell,131372,989
Caldwell,141860,660
Caldwell,164825,372
Caldwell,176313,691
Caldwell,174126,59
Caldwell,187295,844
Caldwell,110997,571
Caldwell,194602,647
Caldwell,138058,731
Caldwell,100461,790
Caldwell,110457,850
Caldwell,193519,953
Caldwell,131266,631
Caldwell,159478,648
Caldwell,148957,393
Caldwell,122672,436
Caldwell,197637,359
Caldwell,148885,998
Caldwell,123837,342
Caldwell,114228,46
Caldwell,182940,605
Caldwell,142347,37
Caldwell,139540,645
Caldwell,106767,779
Caldwell,102328,568
Caldwell,147597,634
Caldwell,158429,167
Caldwell,102668,808
Caldwell,126905,506
Caldwell,108782,487
Caldwell,105764,859
Caldwell,104007,24
Caldwell,150669,22
Caldwell,157488,258
Caldwell,181434,904
Caldwell,190633,312
Caldwell,184518,844
Caldwell,120327,757
Caldwell,111794,569
Caldwell,164675,38
Caldwell,107495,337
Caldwell,185850,971
Caldwell,140299,59
Caldwell,112972,6
Caldwell,128197,244
Caldwell,159477,407
Caldwell,164916,830
Caldwell,153954,267
Caldwell,183391,691
Caldwell,112457,792
Caldwell,147324,812
Caldwell,109206,790
Caldwell,129092,670
Caldwell,162137,502
Caldwell,110704,132
Caldwell,188575,883
Caldwell,151060,388
Caldwell,128205,781
Caldwell,181546,69
Caldwell,132663,547
Caldwell,163973,590
Caldwell,134037,201
Caldwell,141834,779
Caldwell,161067,971
Caldwell,176819,529
Caldwell,125983,253
Caldwell,173176,561
Caldwell,175257,986
Caldwell,158818,237
Caldwell,171041,657
Caldwell,150400,828
Caldwell,191705,827
Caldwell,143258,538
Caldwell,153465,648
Caldwell,100028,51
Caldwell,109932,950
Caldwell,143021,754
Caldwell,119256,556
Caldwell,173759,743
Caldwell,144123,3
Caldwell,166623,862
Caldwell,160183,39
Caldwell,115760,12
Caldwell,192650,1
Caldwell,191337,589
Caldwell,112939,500
Caldwell,142107,298
Caldwell,118638,461
Caldwell,127573,704
Caldwell,156771,491
Caldwell,191548,780
Caldwell,166371,933
Caldwell,178104,850
Caldwell,112360,642
Caldwell,128659,29
Caldwell,106386,809
Caldwell,175819,428
Caldwell,197643,332
Caldwell,150615,91
Caldwell,184583,576
Caldwell,187879,733
Caldwell,127415,190
Caldwell,107320,144
Caldwell,190220,508
Caldwell,192140,43
Caldwell,132123,625
Caldwell,169305,706
Caldwell,193172,608
Caldwell,115705,32
Caldwell,188749,688
Caldwell,142080,9
Caldwell,168126,225
Caldwell,128558,655
Caldwell,112089,383
Caldwell,155526,477
Caldwell,115885,507
Caldwell,123409,200
Caldwell,184523,683
Caldwell,145169,478
Caldwell,126581,685
Caldwell,103113,52
Caldwell,129813,288
Caldwell,134624,585
Caldwell,146055,279
Caldwell,117263,694
Caldwell,194861,761
Caldwell,189840,759
Caldwell,111861,425
Caldwell,120082,548
Caldwell,199913,473
Caldwell,148090,61
Caldwell,121118,72
Caldwell,116702,249
Caldwell,179805,505
Caldwell,186895,518
Caldwell,161104,712
Caldwell,125847,892
Caldwell,129812,536
Caldwell,114001,497
Caldwell,145327,517
Caldwell,156186,715
Caldwell,182531,713
Caldwell,164649,461
Caldwell,164200,19
Caldwell,136530,384
Caldwell,121030,381
Caldwell,187007,747
Caldwell,144229,478
Caldwell,153530,926
Caldwell,170636,532
Caldwell,193304,303
Caldwell,187040,898
Caldwell,193799,16
Caldwell,177443,963
Caldwell,165729,12
Caldwell,116924,572
Caldwell,179474,207
Caldwell,120168,91
Caldwell,137846,219
Caldwell,174521,238
Caldwell,154840,592
Caldwell,171983,995
Caldwell,171681,840
Caldwell,122557,833
Caldwell,181328,743
Caldwell,115100,750
Caldwell,124012,372
Caldwell,146197,126
Caldwell,159897,679
Caldwell,158641,289
Caldwell,156516,868
Caldwell,141854,565
Caldwell,161110,879
Caldwell,182331,507
Caldwell,132334,695
Caldwell,187121,305
Caldwell,150916,179
Caldwell,195734,145
Caldwell,192935,968
Caldwell,127924,894
Caldwell,161038,482
Caldwell,179345,112
Caldwell,115911,105
Caldwell,130348,67
Caldwell,181160,324
Caldwell,121920,70
Caldwell,145937,307
Caldwell,124264,568
Caldwell,193616,103
Caldwell,168901,367
Caldwell,105732,326
Caldwell,107889,336
Caldwell,100162,182
Caldwell,136632,255
Caldwell,178832,510
Caldwell,159042,297
Caldwell,182650,291
Caldwell,146083,458
Caldwell,196571,697
Caldwell,131287,482
Caldwell,159894,852
Caldwell,169173,490
Caldwell,147743,186
Caldwell,199313,87
Caldwell,150168,732
Caldwell,130081,631
Caldwell,126043,504
Caldwell,163486,61
Caldwell,166968,764
Caldwell,157245,820
Caldwell,156055,707
Caldwell,188390,637
Caldwell,171056,6
Caldwell,128779,516
Caldwell,183005,242
Caldwell,110365,732
Caldwell,105015,476
Caldwell,170799,705
Caldwell,161467,5
Caldwell,183376,811
Caldwell,180657,260
Caldwell,187723,317
Caldwell,178388,5
Caldwell,121714,9
Caldwell,177862,199
Caldwell,146689,256
Caldwell,156528,20
Caldwell,189972,763
Caldwell,109505,32
Caldwell,178441,451
Caldwell,173934,60
Caldwell,133620,954
Caldwell,186617,674
Caldwell,193187,756
Caldwell,191438,940
Caldwell,198868,868
Caldwell,197613,936
Caldwell,189531,71
Caldwell,105602,476
Caldwell,101960,907
Caldwell,195754,522
Caldwell,131613,515
Caldwell,102301,53
Caldwell,134264,786
Caldwell,194872,293
Caldwell,114915,940
Caldwell,129750,250
Caldwell,155752,194
Caldwell,120647,145
Caldwell,174766,169
Caldwell,183534,558
Caldwell,162799,163
Caldwell,142932,680
Caldwell,162457,901
Caldwell,132299,558
Caldwell,130304,502
Caldwell,159629,855
Caldwell,186763,917
Caldwell,144783,644
Caldwell,186327,957
Caldwell,188025,831
Caldwell,172131,28
Caldwell,178345,343
Caldwell,113889,670
Caldwell,169104,330
Caldwell,113502,525
Caldwell,134209,735
Caldwell,113287,633
Caldwell,153183,860
Caldwell,111993,82
Caldwell,156302,426
Caldwell,111163,190
Caldwell,154997,799
Caldwell,157910,545
Caldwell,172837,75
Caldwell,113677,491
Caldwell,109440,748
Caldwell,176348,127
Caldwell,173662,236
Caldwell,133416,16
Caldwell,155391,1000
Caldwell,182482,279
Caldwell,193409,81
Caldwell,134364,865
Caldwell,153261,347
Caldwell,104929,876
Caldwell,104724,455
Caldwell,149594,952
Caldwell,187317,35
Caldwell,136357,318
Caldwell,127899,998
Caldwell,183248,114
Caldwell,119425,724
Caldwell,142676,724
Caldwell,119135,911
Caldwell,152001,262
Caldwell,124363,603
Caldwell,176889,902
Caldwell,102918,139
Caldwell,181652,674
Caldwell,110336,980
Caldwell,112093,614
Caldwell,184214,677
Caldwell,135663,963
Caldwell,179746,797
Caldwell,198363,161
Caldwell,175026,513
Caldwell,146479,441
Caldwell,186116,294
Caldwell,189590,492
Caldwell,133007,510
Caldwell,131225,949
Caldwell,122402,624
Caldwell,126481,187
Caldwell,148503,865
Caldwell,102707,704
Caldwell,111608,744
Caldwell,142990,676
Caldwell,156466,269
Caldwell,158727,772
Caldwell,184908,291
Caldwell,148063,105
Caldwell,142761,186
Caldwell,178962,323
Caldwell,130510,442
Caldwell,181561,138
Caldwell,106682,305
Caldwell,142231,490
Caldwell,169928,594
Caldwell,187006,725
Caldwell,187989,862
Caldwell,123759,537
Caldwell,129860,750
Caldwell,164186,920
Caldwell,133451,243
Caldwell,158484,747
Caldwell,154105,383
Caldwell,158591,413
Caldwell,185740,793
Caldwell,191500,573
Caldwell,114692,253
Caldwell,198660,594
Caldwell,107056,526
Caldwell,131986,317
Caldwell,115390,52
Caldwell,144958,835
Caldwell,187683,912
Caldwell,137016,886
Caldwell,145678,703
Caldwell,159692,691
Caldwell,143080,645
Caldwell,122319,726
Caldwell,187626,823
Caldwell,148725,56
Caldwell,153972,971
Caldwell,196050,419
Caldwell,150950,138
Caldwell,181316,919
Caldwell,153623,48
Caldwell,123923,938
Caldwell,143077,369
Caldwell,176967,315
Caldwell,100772,822
Caldwell,141258,91
Caldwell,135199,180
Caldwell,188891,452
Caldwell,102976,968
Caldwell,106821,456
Caldwell,165992,37
Caldwell,163420,503
Caldwell,141033,927
Caldwell,194852,704
Caldwell,149340,232
Caldwell,130203,17
Caldwell,117627,837
Caldwell,195279,858
Caldwell,188797,237
Caldwell,152795,515
Caldwell,171451,63
Caldwell,169495,462
Caldwell,118245,0
Caldwell,195462,905
Caldwell,154553,248
Caldwell,122669,62
Caldwell,145027,837
Caldwell,174433,850
Caldwell,184836,699
Caldwell,191569,910
Caldwell,194676,198
Caldwell,187106,188
Caldwell,142749,590
Caldwell,131209,1000
Caldwell,192027,728
Caldwell,176808,909
Caldwell,136197,8
Caldwell,170887,894
Caldwell,172891,22
Caldwell,130284,870
Caldwell,134832,840
Caldwell,193339,497
Caldwell,121971,412
Caldwell,110529,920
Caldwell,171040,644
Caldwell,109909,263
Caldwell,121414,960
Caldwell,103232,15
Caldwell,183158,320
Caldwell,173883,170
Caldwell,194494,749
Caldwell,178474,27
Caldwell,109974,358
Caldwell,146526,524
Caldwell,163705,379
Caldwell,175935,174
Caldwell,172023,868
Caldwell,195229,921
Caldwell,114643,684
Caldwell,129728,458
Caldwell,185218,823
Caldwell,112010,387
Caldwell,199458,434
Caldwell,124472,454
Caldwell,191257,201
Caldwell,153478,55
Caldwell,101678,545
Caldwell,121914,205
Caldwell,123102,662
Caldwell,186483,545
Caldwell,100410,841
Caldwell,163390,456
Caldwell,109867,71
Caldwell,162063,663
Caldwell,107276,150
Caldwell,125667,160
Caldwell,132207,347
Caldwell,120150,818
Caldwell,159312,120
Caldwell,196604,599
Caldwell,131473,130
Caldwell,134340,946
Caldwell,116319,942
Caldwell,100174,494
Caldwell,163918,241
Caldwell,118548,487
Caldwell,118939,147
Caldwell,199226,257
Caldwell,138716,558
Caldwell,194046,836
Caldwell,123801,797
Caldwell,164078,698
Caldwell,165103,413
Caldwell,155423,499
Caldwell,135491,862
Caldwell,135215,932
Caldwell,188684,738
Caldwell,137102,941
Caldwell,164446,802
Caldwell,129097,733
Caldwell,157991,52
Caldwell,110868,721
Caldwell,154294,459
Caldwell,169706,380
Caldwell,150308,692
Caldwell,122077,749
Caldwell,154689,668
Caldwell,158574,501
Caldwell,184502,383
Caldwell,131391,172
Caldwell,128347,216
Caldwell,106923,652
Caldwell,195985,724
Caldwell,117470,273
Caldwell,141952,69
Caldwell,133936,437
Caldwell,114830,250
Caldwell,151659,19
Caldwell,156496,497
Caldwell,130763,353
Caldwell,147780,17
Caldwell,164542,857
Caldwell,148818,151
Caldwell,132069,407
Caldwell,119445,789
Caldwell,147323,81
Caldwell,137104,301
Caldwell,111214,603
Caldwell,183454,115
Caldwell,119118,771
Caldwell,123432,154
Caldwell,173473,909
Caldwell,169012,326
Caldwell,188268,918
Caldwell,164768,0
Caldwell,174459,881
Caldwell,167170,635
Caldwell,110524,736
Caldwell,126557,690
Caldwell,108480,268
Caldwell,190402,510
Caldwell,152905,592
Caldwell,150731,809
Caldwell,116986,346
Caldwell,145372,911
Caldwell,167995,896
Caldwell,119203,888
Caldwell,195007,265
Caldwell,115860,724
Caldwell,169327,285
Caldwell,121711,145
Caldwell,136413,962
Caldwell,130728,651
Caldwell,121026,564
Caldwell,115895,997
Caldwell,188406,462
Caldwell,154262,304
Caldwell,119603,638
Caldwell,113195,420
Caldwell,149868,488
Caldwell,135789,907
Caldwell,193734,502
Caldwell,118741,19
Caldwell,103266,507
Caldwell,162098,158
Caldwell,172850,755
Caldwell,193296,78
Caldwell,138999,403
Caldwell,199142,824
Caldwell,142314,521
Caldwell,180635,335
Caldwell,151185,790
Caldwell,174722,192
Caldwell,194402,18
Caldwell,106443,869
Caldwell,171241,528
Caldwell,124156,542
Caldwell,103425,125
Caldwell,191289,391
Caldwell,187947,134
Caldwell,124999,707
Caldwell,158156,497
Caldwell,196956,564
Caldwell,134235,378
Caldwell,104681,338
Caldwell,111001,455
Caldwell,173461,554
Caldwell,173137,260
Caldwell,118972,200
Caldwell,180530,763
Caldwell,142061,882
Caldwell,172278,576
Caldwell,148220,227
Caldwell,162656,220
Caldwell,186917,649
Caldwell,111505,413
Caldwell,173445,675
Caldwell,165453,734
Caldwell,199867,268
Caldwell,144026,590
Caldwell,133909,567
Caldwell,100365,871
Caldwell,139208,457
Caldwell,193605,771
Caldwell,184490,908
Caldwell,134816,737
Caldwell,191998,318
Caldwell,177733,149
Caldwell,176185,35
Caldwell,126572,324
Caldwell,180309,450
Caldwell,153404,348
Caldwell,192568,578
Caldwell,184994,316
Caldwell,111038,857
Caldwell,166032,729
Caldwell,145448,509
Caldwell,125447,638
Caldwell,178347,420
Caldwell,194873,402
Caldwell,118969,977
Caldwell,135439,336
Caldwell,143537,440
Caldwell,170992,784
Caldwell,179826,689
Caldwell,150698,700
Caldwell,153375,840
Caldwell,120412,553
Caldwell,179407,972
Caldwell,120828,923
Caldwell,172080,928
Caldwell,148117,353
Caldwell,175951,382
Caldwell,112468,66
Caldwell,109794,479
Caldwell,170503,164
Caldwell,196175,905
Caldwell,134559,680
Caldwell,161122,354
Caldwell,195729,221
Caldwell,199621,425
Caldwell,178140,748
Caldwell,161954,502
Caldwell,151853,267
Caldwell,192399,209
Caldwell,152420,470
Caldwell,192825,743
Caldwell,123276,265
Caldwell,118587,794
Caldwell,118060,541
Caldwell,112471,452
Caldwell,136591,336
Caldwell,196867,334
Caldwell,143500,33
Caldwell,187903,162
Caldwell,184849,480
Caldwell,167387,881
Caldwell,126792,469
Caldwell,102145,57
Caldwell,139312,393
Caldwell,100611,586
Caldwell,181648,217
Caldwell,153436,739
Caldwell,155471,869
Caldwell,123886,891
Caldwell,121233,961
Caldwell,198120,733
Caldwell,148164,93
Caldwell,199918,847
Caldwell,160573,679
Caldwell,123993,54
Caldwell,136474,855
Caldwell,130128,674
Caldwell,186545,22
Caldwell,176871,532
Caldwell,162404,857
Caldwell,164708,692
Caldwell,117883,936
Caldwell,180557,709
Caldwell,123335,843
Caldwell,139439,971
Caldwell,144455,868
Caldwell,151830,986
Caldwell,187902,117
Caldwell,149597,179
Caldwell,133053,104
Caldwell,120326,385
Caldwell,133845,346
Caldwell,121737,145
Caldwell,172602,138
Caldwell,157393,798
Caldwell,179789,652
Caldwell,114504,414
Caldwell,138466,505
Caldwell,197706,733
Caldwell,171601,889
Caldwell,127028,857
Caldwell,126424,818
Caldwell,190892,655
Caldwell,188886,234
Caldwell,187122,365
Caldwell,191937,18
Caldwell,175954,405
Caldwell,177656,526
Caldwell,192153,938
Caldwell,118492,512
Caldwell,199743,272
Caldwell,188409,188
Caldwell,187826,164
Caldwell,143812,239
Caldwell,134416,815
Caldwell,183110,303
Caldwell,104916,194
Caldwell,157645,20
Caldwell,140247,943
Caldwell,175592,290
Caldwell,167743,36
Caldwell,163598,355
Caldwell,119564,322
Caldwell,186530,509
Caldwell,185845,188
Caldwell,138124,276
Caldwell,142708,823
Caldwell,125015,407
Caldwell,128180,296
Caldwell,190655,963
Caldwell,111178,711
Caldwell,135550,470
Caldwell,170572,626
Caldwell,147133,222
Caldwell,161651,155
Caldwell,157425,131
Caldwell,185659,214
Caldwell,138660,774
Caldwell,182610,273
Caldwell,149128,426
Caldwell,187145,291
Caldwell,193763,237
Caldwell,176970,817
Caldwell,101558,398
Caldwell,129951,416
Caldwell,181807,50
Caldwell,144177,941
Caldwell,116486,337
Caldwell,112306,79
Caldwell,122212,724
Caldwell,165371,869
Caldwell,187604,355
Caldwell,117469,788
Caldwell,195509,119
Caldwell,154394,258
Caldwell,191677,209
Caldwell,102601,91
Caldwell,174842,299
Caldwell,162654,71
Caldwell,166528,225
Caldwell,167253,798
Caldwell,147498,655
Caldwell,189308,1
Caldwell,191301,514
Caldwell,148255,663
Caldwell,142333,210
Caldwell,193001,263
Caldwell,116567,576
Caldwell,128392,570
Caldwell,170827,252
Caldwell,147884,19
Caldwell,187385,163
Caldwell,148268,432
Caldwell,195009,464
Caldwell,180237,321
Caldwell,102302,742
Caldwell,172476,807
Caldwell,147904,698
Caldwell,100715,955
Caldwell,137520,412
Caldwell,134536,821
Caldwell,187789,297
Caldwell,147870,27
Caldwell,165030,981
Caldwell,191579,829
Caldwell,169128,170
Caldwell,187468,990
Caldwell,135995,185
Caldwell,171450,908
Caldwell,172820,692
Caldwell,154512,998
Caldwell,194246,613
Caldwell,131497,920
Caldwell,176625,361
Caldwell,118949,500
Caldwell,165656,298
Caldwell,159425,868
Caldwell,116805,752
Caldwell,169903,643
Caldwell,136074,996
Caldwell,103422,119
Caldwell,177573,208
Caldwell,180378,939
Caldwell,125171,131
Caldwell,171615,154
Caldwell,189009,45
Caldwell,111650,508
Cailin,105926,83
Cailin,181442,423
Cailin,170301,32
Cailin,196481,231
Cailin,120894,820
Cailin,121007,467
Cailin,123567,189
Cailin,134280,557
Cailin,191927,897
Cailin,103851,316
Cailin,188618,731
Cailin,180813,887
Cailin,183720,352
Cailin,146116,548
Cailin,118383,716
Cailin,152585,863
Cailin,104597,564
Cailin,117801,176
Cailin,144992,251
Cailin,110638,317
Cailin,106520,270
Cailin,138961,775
Cailin,100905,992
Cailin,114338,541
Cailin,108222,292
Cailin,185168,371
Cailin,104068,264
Cailin,155656,661
Cailin,155886,464
Cailin,168302,156
Cailin,184168,640
Cailin,169831,410
Cailin,110181,610
Cailin,153826,662
Cailin,146560,43
Cailin,165307,885
Cailin,116334,350
Cailin,197070,864
Cailin,181350,101
Cailin,182372,744
Cailin,113741,368
Cailin,198502,805
Cailin,129402,34
Cailin,123142,264
Cailin,105880,243
Cailin,124052,150
Cailin,106972,209
Cailin,126086,419
Cailin,174584,168
Cailin,193733,228
Cailin,122591,541
Cailin,137826,386
Cailin,124648,857
Cailin,163878,358
Cailin,108654,860
Cailin,167290,866
Cailin,106949,708
Cailin,181986,670
Cailin,100817,919
Cailin,100228,991
Cailin,108013,749
Cailin,151504,366
Cailin,165473,0
Cailin,168731,546
Cailin,130945,135
Cailin,183442,996
Cailin,104701,78
Cailin,122588,637
Cailin,105090,206
Cailin,123477,580
Cailin,130488,627
Cailin,118543,836
Cailin,105170,843
Cailin,175149,34
Cailin,183324,874
Cailin,176015,207
Cailin,158101,525
Cailin,107599,861
Cailin,109468,68
Cailin,104663,847
Cailin,158615,725
Cailin,101510,99
Cailin,186685,901
Cailin,168127,983
Cailin,174612,842
Cailin,140421,167
Cailin,113651,979
Cailin,142072,764
Cailin,192786,212
Cailin,148578,105
Cailin,131661,737
Cailin,196717,138
Cailin,109737,561
Cailin,149900,914
Cailin,125763,670
Cailin,119208,768
Cailin,155513,604
Cailin,133491,265
Cailin,191399,979
Cailin,100609,981
Cailin,128810,246
Cailin,133014,894
Cailin,195260,657
Cailin,111161,933
Cailin,158467,557
Cailin,179933,561
Cailin,109026,737
Cailin,111572,817
Cailin,135037,360
Cailin,119488,381
Cailin,150625,252
Cailin,176829,750
Cailin,120887,900
Cailin,101252,281
Cailin,173600,843
Cailin,138390,408
Cailin,106826,228
Cailin,139916,778
Cailin,126841,877
Cailin,163087,246
Cailin,149371,516
Cailin,193210,396
Cailin,186146,968
Cailin,135365,614
Cailin,138437,205
Cailin,134166,633
Cailin,145321,749
Cailin,174943,446
Cailin,165911,524
Cailin,105874,157
Cailin,106885,961
Cailin,158544,445
Cailin,169952,454
Cailin,105150,295
Cailin,144409,620
Cailin,185442,727
Cailin,187753,634
Cailin,122185,885
Cailin,113291,980
Cailin,145645,906
Cailin,187306,355
Cailin,140315,104
Cailin,195482,295
Cailin,163630,113
Cailin,101970,787
Cailin,193547,337
Cailin,194120,496
Cailin,106202,828
Cailin,105827,377
Cailin,139469,268
Cailin,132343,508
Cailin,123078,336
Cailin,142024,137
Cailin,178933,253
Cailin,115794,853
Cailin,165698,538
Cailin,100152,130
Cailin,173606,967
Cailin,119420,97
Cailin,166850,225
Cailin,129070,231
Cailin,129224,743
Cailin,106319,946
Cailin,196255,150
Cailin,126982,985
Cailin,150325,226
Cailin,181945,26
Cailin,168954,570
Cailin,164819,825
Cailin,162340,337
Cailin,194316,906
Cailin,177777,670
Cailin,179540,926
Cailin,121149,937
Cailin,152202,733
Cailin,115389,266
Cailin,103879,777
Cailin,173994,168
Cailin,113732,386
Cailin,134602,405
Cailin,193597,727
Cailin,189024,966
Cailin,132675,150
Cailin,132846,453
Cailin,118616,570
Cailin,133469,600
Cailin,113060,591
Cailin,163840,707
Cailin,187289,14
Cailin,126289,364
Cailin,182583,978
Cailin,115190,529
Cailin,151470,972
Cailin,131943,387
Cailin,127888,442
Cailin,179541,460
Cailin,148380,484
Cailin,102214,749
Cailin,107654,807
Cailin,121681,876
Cailin,152875,764
Cailin,110013,843
Cailin,172190,924
Cailin,153079,657
Cailin,106006,802
Cailin,141226,824
Cailin,130266,133
Cailin,114148,718
Cailin,109849,791
Cailin,142369,462
Cailin,137485,751
Cailin,168537,891
Cailin,102156,958
Cailin,169045,2
Cailin,155879,640
Cailin,157675,790
Cailin,158379,855
Cailin,151577,58
Cailin,135659,658
Cailin,167991,316
Cailin,115858,359
Cailin,156515,708
Cailin,133884,243
Cailin,178668,20
Cailin,102704,255
Cailin,193406,15
Cailin,161039,297
Cailin,165890,721
Cailin,142860,352
Cailin,128183,611
Cailin,103342,801
Cailin,165228,69
Cailin,115121,552
Cailin,162744,794
Cailin,117745,383
Cailin,130589,554
Cailin,152711,135
Cailin,128541,79
Cailin,193333,435
Cailin,152680,643
Cailin,181195,927
Cailin,165533,850
Cailin,134518,653
Cailin,121593,371
Cailin,122378,68
Cailin,117700,361
Cailin,145691,922
Cailin,117611,217
Cailin,152651,721
Cailin,198373,931
Cailin,164488,739
Cailin,191394,229
Cailin,196617,905
Cailin,176232,182
Cailin,144619,54
Cailin,127053,311
Cailin,106098,102
Cailin,136521,673
Cailin,106262,989
Cailin,195002,353
Cailin,170597,880
Cailin,126988,485
Cailin,126790,537
Cailin,179692,466
Cailin,134710,980
Cailin,179924,477
Cailin,170308,176
Cailin,134032,193
Cailin,193190,848
Cailin,127512,399
Cailin,155111,557
Cailin,132980,55
Cailin,163509,456
Cailin,167472,290
Cailin,179675,942
Cailin,143605,543
Cailin,103560,822
Cailin,131819,391
Cailin,148640,919
Cailin,136817,979
Cailin,184154,554
Cailin,189800,936
Cailin,171110,12
Cailin,117224,533
Cailin,190439,147
Cailin,143659,589
Cailin,129102,851
Cailin,145390,261
Cailin,196817,268
Cailin,136863,361
Cailin,114890,668
Cailin,151147,195
Cailin,119138,286
Cailin,149326,717
Cailin,130835,281
Cailin,171558,363
Cailin,192220,389
Cailin,159414,853
Cailin,168378,639
Cailin,167887,286
Cailin,184477,9
Cailin,185420,304
Cailin,180867,729
Cailin,148971,748
Cailin,161699,282
Cailin,136362,471
Cailin,109493,269
Cailin,106149,136
Cailin,120139,509
Cailin,158862,32
Cailin,157812,459
Cailin,182935,406
Cailin,103401,545
Cailin,172143,726
Cailin,182684,625
Cailin,185878,185
Cailin,135989,32
Cailin,135810,166
Cailin,193985,861
Cailin,124895,983
Cailin,174301,392
Cailin,189325,900
Cailin,159936,803
Cailin,178768,491
Cailin,186973,489
Cailin,128576,591
Cailin,172401,289
Cailin,197940,760
Cailin,116142,684
Cailin,199937,78
Cailin,199800,995
Cailin,162849,484
Cailin,164658,545
Cailin,198330,63
Cailin,171127,789
Cailin,101930,144
Cailin,104798,200
Cailin,125976,966
Cailin,195796,846
Cailin,189829,541
Cailin,106070,276
Cailin,126566,391
Cailin,127898,779
Cailin,123052,996
Cailin,189598,915
Cailin,163984,818
Cailin,122231,594
Cailin,194010,310
Cailin,181658,54
Cailin,181093,800
Cailin,108189,131
Cailin,115601,239
Cailin,167412,546
Cailin,110317,104
Cailin,133719,385
Cailin,169252,322
Cailin,101176,562
Cailin,166454,29
Cailin,104119,918
Cailin,131110,203
Cailin,134420,229
Cailin,142962,29
Cailin,171064,304
Cailin,186497,152
Cailin,128457,793
Cailin,183035,696
Cailin,187001,285
Cailin,194621,263
Cailin,198668,62
Cailin,115525,13
Cailin,199090,625
Cailin,133278,309
Cailin,106726,637
Cailin,174119,889
Cailin,156854,123
Cailin,165951,817
Cailin,169659,561
Cailin,169224,267
Cailin,178069,999
Cailin,111498,409
Cailin,157538,35
Cailin,116831,600
Cailin,191010,427
Cailin,188234,386
Cailin,176267,421
Cailin,168849,296
Cailin,119588,185
Cailin,145198,994
Cailin,137623,925
Cailin,104906,456
Cailin,153355,871
Cailin,156779,412
Cailin,103094,668
Cailin,118385,48
Cailin,146311,494
Cailin,130006,798
Cailin,135717,261
Cailin,146708,953
Cailin,129809,470
Cailin,135893,805
Cailin,171516,39
Cailin,194374,807
Cailin,108973,531
Cailin,124071,476
Cailin,111760,100
Cailin,186562,833
Cailin,107340,470
Cailin,153270,600
Cailin,129987,392
Cailin,110942,353
Cailin,140321,87
Cailin,142476,764
Cailin,116863,949
Cailin,161799,987
Cailin,196298,302
Cailin,107296,871
Cailin,164805,470
Cailin,185559,472
Cailin,143835,849
Cailin,144680,833
Cailin,104920,157
Cailin,120832,506
Cailin,184584,771
Cailin,120192,577
Cailin,127641,172
Cailin,126320,485
Cailin,174051,579
Cailin,181228,639
Cailin,154371,784
Cailin,162297,754
Cailin,127129,853
Cailin,129897,889
Cailin,137883,696
Cailin,186760,960
Cailin,125721,20
Cailin,197658,566
Cailin,191499,560
Cailin,147021,66
Cailin,107809,548
Cailin,124067,608
Cailin,193021,818
Cailin,120047,504
Cailin,168998,523
Cailin,180145,616
Cailin,166069,247
Cailin,150884,575
Cailin,108196,313
Cailin,163597,702
Cailin,142090,241
Cailin,171404,952
Cailin,109321,196
Cailin,173806,64
Cailin,130567,536
Cailin,184611,223
Cailin,182672,307
Cailin,161345,645
Cailin,183963,147
Cailin,151345,652
Cailin,191638,561
Cailin,128801,537
Cailin,178248,766
Cailin,122976,261
Cailin,188916,93
Cailin,149563,115
Cailin,140200,683
Cailin,188650,352
Cailin,134708,746
Cailin,126835,317
Cailin,120754,946
Cailin,148505,296
Cailin,133171,217
Cailin,110119,145
Cailin,167559,948
Cailin,164451,616
Cailin,171389,352
Cailin,156682,543
Cailin,113785,259
Cailin,118324,476
Cailin,139899,483
Cailin,183375,279
Cailin,141647,127
Cailin,103899,357
Cailin,157720,514
Cailin,152157,274
Cailin,154263,469
Cailin,189146,671
Cailin,124462,466
Cailin,185776,418
Cailin,112610,599
Cailin,157341,193
Cailin,175854,443
Cailin,104098,71
Cailin,184307,798
Cailin,110850,845
Cailin,110856,134
Cailin,102366,747
Cailin,104768,268
Cailin,178577,877
Cailin,146523,494
Cailin,174223,322
Cailin,163795,336
Cailin,187416,309
Cailin,181048,3
Cailin,129409,127
Cailin,150503,947
Cailin,127359,295
Cailin,159044,310
Cailin,178181,860
Cailin,103777,721
Cailin,119542,982
Cailin,120848,267
Cailin,165660,626
Cailin,136263,373
Cailin,134778,212
Cailin,117426,48
Cailin,103989,394
Cailin,131325,864
Cailin,159892,983
Cailin,186004,142
Cailin,116516,593
Cailin,103052,349
Cailin,185545,387
Cailin,144836,134
Cailin,145368,471
Cailin,187126,76
Cailin,185380,398
Cailin,151800,308
Cailin,185947,604
Cailin,119929,925
Cailin,145922,996
Cailin,183138,93
Cailin,198861,46
Cailin,121778,298
Cailin,102974,875
Cailin,158184,942
Cailin,180382,646
Cailin,185548,933
Cailin,166904,636
Cailin,148470,569
Cailin,145276,690
Cailin,161656,418
Cailin,163183,475
Cailin,154797,258
Cailin,131275,764
Cailin,153000,202
Cailin,124830,790
Cailin,133999,350
Cailin,169864,279
Cailin,119403,174
Cailin,188725,940
Cailin,197993,61
Cailin,192755,779
Cailin,120057,133
Cailin,169181,525
Cailin,151408,930
Cailin,137622,546
Cailin,121031,550
Cailin,169737,470
Cailin,146795,515
Cailin,104022,463
Cailin,164116,865
Cailin,173265,992
Cailin,128270,382
Cailin,152521,857
Cailin,168701,780
Cailin,167945,783
Cailin,117339,316
Cailin,116286,328
Cailin,100986,672
Cailin,105467,566
Cailin,149730,746
Cailin,185662,800
Cailin,115461,539
Cailin,190877,509
Cailin,119924,675
Cailin,166953,122
Cailin,176855,223
Cailin,141089,89
Cailin,117498,57
Cailin,159576,352
Cailin,100510,815
Cailin,170422,282
Cailin,155508,526
Cailin,136001,627
Cailin,192549,688
Cailin,168221,67
Cailin,122025,180
Cailin,183558,447
Cailin,180696,666
Cailin,109380,936
Cailin,160576,127
Cailin,133257,641
Cailin,109636,310
Cailin,187292,981
Cailin,116369,365
Cailin,125737,735
Cailin,197609,623
Cailin,141731,112
Cailin,132267,861
Cailin,105380,476
Cailin,137284,987
Cailin,172126,410
Cailin,107459,909
Cailin,132146,448
Cailin,166760,328
Cailin,100698,533
Cailin,135535,838
Cailin,191772,106
Cailin,157644,77
Cailin,139335,299
Cailin,181088,647
Cailin,166091,377
Cailin,134639,343
Cailin,118230,357
Cailin,127973,587
Cailin,132607,802
Cailin,180159,353
Cailin,191784,187
Cailin,134612,943
Cailin,147583,259
Cailin,148257,698
Cailin,192432,23
Cailin,125674,987
Cailin,104541,210
Cailin,127347,528
Cailin,196663,556
Cailin,192233,584
Cailin,147418,872
Cailin,197845,43
Cailin,182165,454
Cailin,153098,646
Cailin,158307,614
Cailin,125346,44
Cailin,128874,428
Cailin,183745,506
Cailin,193992,511
Cailin,160204,261
Cailin,101488,233
Cailin,101857,510
Cailin,183215,497
Cailin,163942,632
Cailin,152786,102
Cailin,126233,664
Cailin,167853,362
Cailin,161032,204
Cailin,108072,973
Cailin,181229,536
Cailin,111995,827
Cailin,145019,958
Cailin,136880,68
Cailin,132472,931
Cailin,138331,984
Cailin,136836,592
Cailin,138297,480
Cailin,155672,251
Cailin,173657,889
Cailin,192605,554
Cailin,168559,882
Cailin,155070,518
Cailin,134147,825
Cailin,102397,811
Cailin,151139,273
Cailin,177883,346
Cailin,172805,628
Cailin,146422,551
Cailin,112484,582
Cailin,194392,773
Cailin,162520,305
Cailin,122754,813
Cailin,170641,313
Cailin,175458,448
Cailin,119140,983
Cailin,178151,432
Cailin,110602,381
Cailin,129544,901
Cailin,122586,1
Cailin,146788,348
Cailin,122605,451
Cailin,129895,142
Cailin,120228,549
Cailin,126904,872
Cailin,159814,954
Cailin,184092,373
Cailin,127607,298
Cailin,188151,280
Cailin,124121,205
Cailin,116554,853
Cailin,179035,488
Cailin,167066,425
Cailin,162322,765
Cailin,140610,158
Cailin,151195,414
Cailin,167874,404
Cailin,101146,204
Cailin,127065,290
Cailin,136717,113
Cailin,196978,554
Cailin,183505,617
Cailin,178931,299
Cailin,139045,884
Cailin,140285,973
Cailin,198189,796
Cailin,174550,66
Cailin,166468,467
Cailin,196315,756
Cailin,116193,888
Cailin,128643,4
Cailin,169070,629
Cailin,162051,477
Cailin,118293,896
Cailin,159938,933
Cailin,193945,288
Cailin,170402,984
Cailin,101848,840
Cailin,134718,488
Cailin,185181,2
Cailin,127361,173
Cailin,189527,596
Cailin,135308,97
Cailin,173893,9
Cailin,160600,963
Cailin,128561,619
Cailin,123520,633
Cailin,162965,426
Cailin,156592,511
Cailin,115344,460
Cailin,109205,587
Cailin,188624,657
Cailin,187914,341
Cailin,192712,155
Cailin,130484,214
Cailin,136731,421
Cailin,166798,411
Cailin,164073,808
Cailin,102796,151
Cailin,157714,131
Cailin,104653,12
Cailin,180151,570
Cailin,137722,819
Cailin,116040,425
Cailin,121850,282
Cailin,151670,449
Cailin,166151,127
Cailin,185134,566
Cailin,104438,19
Cailin,114039,661
Cailin,172700,782
Cailin,182134,776
Cailin,158060,164
Cailin,140908,292
Cailin,178118,820
Cailin,132120,407
Cailin,131846,356
Cailin,127976,603
Cailin,104308,894
Cailin,169686,198
Cailin,158188,234
Cailin,119216,410
Cailin,191791,518
Cailin,109842,475
Cailin,120537,780
Cailin,110199,19
Cailin,107196,948
Cailin,182641,398
Cailin,122613,371
Cailin,159080,164
Cailin,164178,36
Cailin,130230,482
Cailin,189947,585
Cailin,116610,850
Cailin,115302,580
Cailin,189738,442
Cailin,131214,294
Cailin,165498,363
Cailin,184905,458
Cailin,197256,324
Cailin,101085,84
Cailin,106639,49
Cailin,109344,20
Cailin,126300,584
Cailin,136019,368
Cailin,142212,93
Cailin,162175,991
Cailin,164607,709
Cailin,175591,441
Cailin,155742,108
Cailin,117863,519
Cailin,143787,841
Cailin,120076,901
Cailin,193191,556
Cailin,186950,571
Cailin,188830,801
Cailin,155128,198
Cailin,149375,354
Cailin,111554,895
Cailin,157492,208
Cailin,139521,764
Cailin,164894,475
Cailin,132810,466
Cailin,197291,631
Cailin,173790,156
Cailin,161091,591
Cailin,119082,232
Cailin,128628,518
Cailin,149469,41
Cailin,185675,902
Cailin,145794,235
Cailin,176742,213
Cailin,182489,3
Cailin,152976,693
Cailin,195536,67
Cailin,194272,209
Cailin,119127,255
Cailin,134464,587
Cailin,124995,46
Cailin,192429,245
Cailin,158523,86
Cailin,103673,844
Cailin,167810,509
Cailin,100783,114
Cailin,150542,542
Cailin,156512,988
Cailin,184280,810
Cailin,141193,774
Cailin,103500,195
Cailin,138693,679
Cailin,149914,273
Cailin,105704,120
Cailin,172098,856
Cailin,110696,463
Cailin,133274,502
Cailin,140820,902
Cailin,165946,596
Cailin,168612,297
Cailin,144798,17
Cailin,150256,233
Cailin,113130,957
Cailin,154221,14
Cailin,147759,201
Cailin,145459,868
Cailin,165971,642
Cailin,196574,616
Cailin,125604,470
Cailin,135702,868
Cailin,161289,793
Cailin,181325,530
Cailin,141279,278
Cailin,184742,129
Cailin,167829,380
Cailin,107179,651
Cailin,114955,117
Cailin,127551,482
Cailin,199648,409
Cailin,188523,471
Cailin,168741,78
Cailin,199765,297
Cailin,197685,801
Cailin,186486,671
Cailin,199367,238
Cailin,109806,975
Cailin,153017,592
Cailin,139372,131
Cailin,155412,695
Cailin,196834,281
Cailin,172490,143
Cailin,145995,518
Cailin,100358,366
Cailin,120491,787
Cailin,137379,991
Cailin,143845,875
Cailin,154848,649
Cailin,118134,39
Cailin,171408,534
Cailin,129921,760
Cailin,164465,336
Cailin,189283,397
Cailin,184899,695
Cailin,195538,735
Cailin,144101,814
Cailin,117036,976
Cailin,173871,438
Cailin,136239,750
Cailin,192077,33
Cailin,117070,240
Cailin,123009,568
Cailin,187701,467
Cailin,126304,443
Cailin,173816,509
Cailin,162364,544
Cailin,169887,316
Cailin,198021,635
Cailin,192348,285
Cailin,124649,688
Cailin,181825,739
Cailin,126701,904
Cailin,142225,281
Cailin,118454,656
Cailin,134934,883
Cailin,119776,242
Cailin,151685,812
Cailin,140208,308
Cailin,106153,690
Cailin,159498,878
Cailin,190170,154
Cailin,163451,638
Cailin,143805,37
Cailin,192142,83
Cailin,135355,935
Cailin,199290,679
Cailin,117109,101
Cailin,150456,194
Cailin,192015,992
Cailin,100079,149
Cailin,184333,179
Cailin,166686,226
Cailin,101581,654
Cailin,161721,797
Cailin,144561,952
Cailin,121925,199
Cailin,170027,466
Cailin,195635,278
Cailin,149637,157
Cailin,101891,304
Cailin,192691,915
Cailin,121806,9
Cailin,122538,44
Cailin,101167,845
Cailin,129855,285
Cailin,127649,495
Cailin,188164,219
Cailin,118085,811
Cailin,127546,452
Cailin,112955,952
Cailin,144321,321
Cailin,118195,387
Cailin,153849,231
Cailin,188949,446
Cailin,152055,627
Cailin,171474,301
Cailin,178575,795
Cailin,174218,983
Cailin,195556,920
Cailin,143346,211
Cailin,192199,358
Cailin,196977,804
Cailin,156325,177
Cailin,133372,307
Cailin,152180,258
Cailin,127703,775
Cailin,177636,373
Cailin,185365,648
Cailin,188416,874
Cailin,196839,799
Cailin,169766,745
Cailin,126480,544
Cailin,104490,964
Cailin,193342,327
Cailin,151499,943
Cailin,119294,205
Cailin,135811,597
Cailin,165572,430
Cailin,137749,355
Cailin,171635,213
Cailin,137348,941
Cailin,174209,804
Cailin,174575,596
Cailin,155768,110
Cailin,166164,27
Cailin,104718,382
Cailin,168533,204
Cailin,184287,87
Cailin,102818,358
Cailin,112343,456
Cailin,115442,393
Cailin,102371,524
Cailin,104939,940
Cailin,123448,552
Cailin,129672,506
Cailin,169523,286
Cailin,157989,508
Cailin,133046,990
Cailin,140594,60
Cailin,104958,774
Cailin,158436,366
Cailin,197065,559
Cailin,197045,26
Cailin,175843,639
Cailin,189147,828
Cailin,134201,964
Cailin,177948,53
Cailin,191968,378
Cailin,141926,11
Cailin,107869,303
Cailin,114925,873
Cailin,174194,321
Cailin,199001,844
Cailin,135993,447
Cailin,145154,330
Cailin,168661,990
Cailin,108878,855
Cailin,118975,737
Cailin,163328,131
Cailin,103407,25
Cailin,151276,843
Cailin,172088,782
Cailin,147982,792
Cailin,109749,702
Cailin,160197,431
Cailin,120372,387
Cailin,166458,170
Cailin,198104,750
Cailin,112515,247
Cailin,101996,872
Cailin,191778,349
Cailin,148205,36
Cailin,180689,423
Cailin,120161,174
Cailin,141943,826
Cailin,175777,524
Cailin,149241,828
Cailin,124991,583
Cailin,112957,335
Cailin,100437,745
Cailin,136735,449
Cailin,179252,762
Cailin,107979,788
Cailin,133445,688
Cailin,115762,212
Cailin,111809,846
Basil,153241,724
Basil,160142,575
Basil,177343,494
Basil,134919,895
Basil,138182,852
Basil,163466,660
Basil,165676,986
Basil,198279,638
Basil,165055,317
Basil,150824,922
Basil,187455,695
Basil,158645,40
Basil,162004,374
Basil,123593,816
Basil,184276,986
Basil,150026,566
Basil,101745,341
Basil,180146,515
Basil,135919,375
Basil,192181,675
Basil,157474,935
Basil,177355,466
Basil,148953,241
Basil,145420,137
Basil,163277,784
Basil,196731,444
Basil,190949,74
Basil,121268,712
Basil,101430,712
Basil,134435,862
Basil,128940,55
Basil,154786,363
Basil,103103,852
Basil,191876,98
Basil,188071,255
Basil,141320,69
Basil,117644,576
Basil,184361,339
Basil,181300,472
Basil,157517,521
Basil,181273,410
Basil,127663,198
Basil,190153,162
Basil,140598,777
Basil,128511,736
Basil,126845,803
Basil,115001,872
Basil,161872,359
Basil,124725,587
Basil,161613,719
Basil,174085,866
Basil,183338,363
Basil,171718,609
Basil,112474,562
Basil,138966,618
Basil,108825,458
Basil,157335,638
Basil,177576,950
Basil,114579,635
Basil,128875,893
Basil,135684,655
Basil,129462,181
Basil,123864,940
Basil,184885,189
Basil,111524,839
Basil,126458,726
Basil,154639,190
Basil,193575,985
Basil,158642,545
Basil,129962,653
Basil,194764,568
Basil,177178,764
Basil,163242,359
Basil,183382,125
Basil,175901,126
Basil,119122,940
Basil,104873,892
Basil,153715,558
Basil,129383,628
Basil,149292,654
Basil,171194,55
Basil,123883,964
Basil,122579,464
Basil,186720,909
Basil,160496,179
Basil,147456,631
Basil,108256,424
Basil,121846,417
Basil,162485,954
Basil,139412,264
Basil,115245,863
Basil,110889,606
Basil,124270,745
Basil,182790,741
Basil,158928,429
Basil,134245,593
Basil,111963,482
Basil,118816,142
Basil,149361,825
Basil,138822,764
Basil,146960,154
Basil,146493,479
Basil,197164,530
Basil,195863,825
Basil,122228,164
Basil,188512,211
Basil,106047,364
Basil,138816,818
Basil,166876,202
Basil,119371,833
Basil,142013,264
Basil,100086,656
Basil,185015,648
Basil,145845,879
Basil,186808,993
Basil,154061,986
Basil,189832,42
Basil,150427,658
Basil,195115,38
Basil,117812,589
Basil,126556,264
Basil,136751,996
Basil,155619,877
Basil,174445,241
Basil,111960,2
Basil,137663,965
Basil,152918,577
Basil,136241,755
Basil,140063,501
Basil,109839,431
Basil,160119,136
Basil,177181,520
Basil,160263,432
Basil,100951,430
Basil,121815,462
Basil,194389,961
Basil,148851,627
Basil,128961,763
Basil,135349,261
Basil,141562,686
Basil,164717,59
Basil,130734,345
Basil,134525,873
Basil,183153,273
Basil,107420,459
Basil,114357,618
Basil,183531,310
Basil,134553,78
Basil,183732,874
Basil,185767,906
Basil,185506,213
Basil,193567,930
Basil,165585,397
Basil,158437,44
Basil,184937,669
Basil,168188,386
Basil,193684,148
Basil,153588,930
Basil,103624,63
Basil,157724,639
Basil,113986,415
Basil,100236,655
Basil,133253,332
Basil,146562,942
Basil,142310,51
Basil,167590,487
Basil,191568,714
Basil,111894,513
Basil,161596,171
Basil,170288,664
Basil,145716,620
Basil,121788,865
Basil,196530,467
Basil,160253,123
Basil,177874,121
Basil,147011,552
Basil,114410,928
Basil,123534,538
Basil,150527,426
Basil,181719,335
Basil,164308,919
Basil,148812,535
Basil,157050,789
Basil,177478,398
Basil,196199,377
Basil,173380,483
Basil,130602,607
Basil,137669,180
Basil,163706,68
Basil,158931,727
Basil,195918,994
Basil,123988,457
Basil,179867,539
Basil,176890,237
Basil,114655,559
Basil,186079,940
Basil,186734,80
Basil,152158,70
Basil,195611,459
Basil,136064,565
Basil,175607,403
Basil,163892,628
Basil,107650,56
Basil,137173,345
Basil,192338,731
Basil,197954,509
Basil,198819,185
Basil,115237,315
Basil,120379,988
Basil,123619,887
Basil,137619,458
Basil,111721,282
Basil,108292,467
Basil,192918,491
Basil,116354,172
Basil,133917,114
Basil,102847,910
Basil,149766,411
Basil,180911,529
Basil,142590,37
Basil,146304,341
Basil,182618,117
Basil,192866,79
Basil,183543,558
Basil,150974,659
Basil,199137,934
Basil,136390,136
Basil,191201,367
Basil,126591,335
Basil,173912,716
Basil,194167,240
Basil,106056,395
Basil,198538,983
Basil,118071,197
Basil,134702,113
Basil,100565,608
Basil,119913,768
Basil,134757,583
Basil,188000,324
Basil,166153,906
Basil,137220,245
Basil,144328,489
Basil,107007,648
Basil,186269,715
Basil,185345,45
Basil,138926,225
Basil,179969,211
Basil,102588,171
Basil,125223,396
Basil,198549,450
Basil,101634,665
Basil,151071,723
Basil,148333,550
Basil,163975,817
Basil,159910,328
Basil,168915,739
Basil,113573,219
Basil,117299,978
Basil,125356,831
Basil,175119,125
Basil,192628,993
Basil,146745,123
Basil,118876,391
Basil,125834,668
Basil,126066,793
Basil,186246,154
Basil,164608,782
Basil,199830,502
Basil,153638,660
Basil,151891,611
Basil,199977,688
Basil,117522,607
Basil,145182,505
Basil,194865,642
Basil,167592,796
Basil,164313,619
Basil,195859,854
Basil,102229,574
Basil,123754,941
Basil,147533,260
Basil,178250,855
Basil,141774,336
Basil,125672,622
Basil,101918,907
Basil,128698,895
Basil,124268,930
Basil,183685,517
Basil,185726,76
Basil,165016,254
Basil,198598,280
Basil,103621,971
Basil,177447,264
Basil,112921,180
Basil,194826,76
Basil,169179,311
Basil,185449,993
Basil,121734,237
Basil,161854,70
Basil,116300,225
Basil,144889,238
Basil,182437,544
Basil,110205,113
Basil,137560,715
Basil,177062,31
Basil,181590,113
Basil,190473,92
Basil,100172,946
Basil,104112,584
Basil,131970,752
Basil,145641,55
Basil,100866,795
Basil,154175,605
Basil,193837,967
Basil,178537,892
Basil,161750,832
Basil,199761,482
Basil,169582,473
Basil,118357,983
Basil,168190,433
Basil,183411,684
Basil,185482,892
Basil,158291,898
Basil,198157,994
Basil,167143,528
Basil,172081,745
Basil,187926,350
Basil,170625,94
Basil,135136,14
Basil,193377,529
Basil,150134,464
Basil,163411,150
Basil,124008,385
Basil,156963,790
Basil,117966,744
Basil,146962,796
Basil,107103,621
Basil,159804,632
Basil,161276,744
Basil,102813,414
Basil,151389,947
Basil,199678,911
Basil,118693,513
Basil,191319,455
Basil,120557,625
Basil,178237,657
Basil,138351,655
Basil,156622,789
Basil,116162,972
Basil,162332,994
Basil,173433,215
Basil,177737,496
Basil,158609,31
Basil,116749,393
Basil,105718,655
Basil,143450,375
Basil,151671,486
Basil,163739,939
Basil,151151,225
Basil,125922,554
Basil,109541,53
Basil,153646,984
Basil,176358,481
Basil,196226,466
Basil,187335,698
Basil,192469,903
Basil,108313,514
Basil,105538,886
Basil,107591,698
Basil,110899,20
Basil,155916,155
Basil,194303,409
Basil,134957,777
Basil,115431,353
Basil,113196,840
Basil,134203,796
Basil,198225,46
Basil,114920,145
Basil,134515,18
Basil,112781,935
Basil,109931,465
Basil,142657,972
Basil,108854,929
Basil,194833,324
Basil,119446,935
Basil,130520,263
Basil,151604,564
Basil,158884,797
Basil,156399,421
Basil,113014,686
Basil,103012,28
Basil,180337,139
Basil,171940,890
Basil,116523,571
Basil,150360,947
Basil,108172,309
Basil,190500,882
Basil,180346,601
Basil,166072,306
Basil,147446,121
Basil,153995,339
Basil,118367,756
Basil,174561,301
Basil,115339,208
Basil,161258,441
Basil,145932,397
Basil,124741,404
Basil,158232,683
Basil,106770,32
Basil,138170,737
Basil,159179,54
Basil,116711,538
Basil,181564,731
Basil,122603,356
Basil,142678,342
Basil,191164,441
Basil,129133,543
Basil,126758,959
Basil,193822,94
Basil,103750,190
Basil,150490,415
Basil,109603,130
Basil,163507,542
Basil,111069,334
Basil,190930,591
Basil,144317,252
Basil,190292,729
Basil,120240,983
Basil,120250,64
Basil,195823,138
Basil,174984,690
Basil,192919,995
Basil,126892,942
Basil,129629,834
Basil,103977,138
Basil,130725,899
Basil,122931,754
Basil,188353,753
Basil,124025,461
Basil,129036,664
Basil,152335,232
Basil,182558,311
Basil,174309,36
Basil,128434,686
Basil,138537,755
Basil,190087,702
Basil,165545,282
Basil,128294,921
Basil,110301,32
Basil,139229,137
Basil,114703,326
Basil,198642,446
Basil,163523,635
Basil,175649,643
Basil,159503,156
Basil,121982,758
Basil,183276,155
Basil,104004,262
Basil,103878,268
Basil,143711,488
Basil,125802,888
Basil,151073,232
Basil,183696,36
Basil,149082,494
Basil,164690,953
Basil,185086,659
Basil,112197,749
Basil,138388,713
Basil,157008,602
Basil,139284,668
Basil,113394,452
Basil,111227,286
Basil,113790,121
Basil,177916,545
Basil,100869,722
Basil,149380,343
Basil,127269,740
Basil,105756,234
Basil,117871,706
Basil,119079,582
Basil,103444,235
Basil,150467,562
Basil,133417,692
Basil,180047,534
Basil,116377,998
Basil,188958,487
Basil,170451,433
Basil,191263,717
Basil,135922,162
Basil,188074,352
Basil,168602,154
Basil,150881,573
Basil,144460,232
Basil,104987,708
Basil,101622,286
Basil,180455,717
Basil,166907,72
Basil,118790,801
Basil,166338,500
Basil,139112,742
Basil,140279,967
Basil,109866,144
Basil,183098,565
Basil,109129,731
Basil,145600,345
Basil,149341,787
Basil,199036,811
Basil,111938,622
Basil,166599,777
Basil,102335,845
Basil,182245,783
Basil,131893,939
Basil,198340,856
Basil,114836,156
Basil,121952,398
Basil,108625,729
Basil,181602,393
Basil,197463,88
Basil,123812,815
Basil,140365,864
Basil,187939,711
Basil,189470,10
Basil,175879,54
Basil,140809,612
Basil,150401,835
Basil,151816,669
Basil,152446,387
Basil,137955,168
Basil,130660,228
Basil,189755,72
Basil,117301,851
Basil,134355,65
Basil,174251,364
Basil,135987,175
Basil,158975,558
Basil,111665,769
Basil,102018,432
Basil,132664,456
Basil,149130,143
Basil,172063,957
Basil,123398,31
Basil,179159,746
Basil,118643,111
Basil,111429,157
Basil,144883,203
Basil,192956,117
Basil,153041,847
Basil,199832,104
Basil,158955,135
Basil,145494,932
Basil,173144,607
Basil,164540,820
Basil,169695,113
Basil,164631,242
Basil,141579,993
Basil,181304,533
Basil,158546,89
Basil,193060,613
Basil,143444,375
Basil,166391,370
Basil,187538,652
Basil,134237,779
Basil,145032,418
Basil,101861,423
Basil,105740,882
Basil,145622,724
Basil,154353,8
Basil,164155,650
Basil,196719,179
Basil,165957,660
Basil,184923,950
Basil,192103,935
Basil,156523,998
Basil,142302,265
Basil,167538,749
Basil,101726,76
Basil,146030,848
Basil,148360,774
Basil,159136,967
Basil,162872,102
Basil,124613,815
Basil,100483,603
Basil,176426,548
Basil,147691,335
Basil,135232,941
Basil,133036,708
Basil,193514,715
Basil,128145,25
Basil,135603,703
Basil,147117,290
Basil,153520,35
Basil,197289,853
Basil,157463,490
Basil,191349,360
Basil,171212,22
Basil,176241,673
Basil,173769,218
Basil,165858,224
Basil,182052,24
Basil,125233,414
Basil,131726,823
Basil,193626,416
Basil,169800,804
Basil,147800,217
Basil,171845,856
Basil,110722,869
Basil,139614,122
Basil,102673,47
Basil,179767,256
Basil,194586,410
Basil,174029,257
Basil,176206,744
Basil,183325,48
Basil,144382,658
Basil,170178,377
Basil,150624,17
Basil,100909,271
Basil,136869,140
Basil,136216,30
Basil,106984,14
Basil,165783,286
Basil,197418,697
Basil,120277,70
Basil,193843,512
Basil,193332,455
Basil,151620,610
Basil,107667,595
Basil,133712,77
Basil,144670,735
Basil,171173,774
Basil,126775,917
Basil,169876,275
Basil,179258,233
Basil,191718,858
Basil,166083,924
Basil,156241,408
Basil,169370,131
Basil,185646,222
Basil,122100,87
Basil,187146,288
Basil,190878,773
Basil,139834,628
Basil,132715,46
Basil,184755,615
Basil,134823,961
Basil,199158,844
Basil,146029,118
Basil,125280,885
Basil,193122,611
Basil,179946,688
Basil,107696,598
Basil,168694,562
Basil,188602,550
Basil,150905,895
Basil,143072,255
Basil,125547,342
Basil,177755,601
Basil,152686,170
Basil,160399,387
Basil,131869,193
Basil,130036,199
Basil,185160,378
Basil,161559,913
Basil,163811,135
Basil,118849,386
Basil,156283,409
Basil,148811,292
Basil,131531,478
Basil,197120,773
Basil,120077,720
Basil,167126,174
Basil,155455,953
Basil,126222,825
Basil,113753,335
Basil,106371,927
Basil,116265,471
Basil,184942,484
Basil,136884,692
Basil,180084,150
Basil,130858,379
Basil,175098,232
Basil,123868,491
Basil,182662,307
Basil,199385,631
Basil,143523,816
Basil,116766,395
Basil,160954,648
Basil,159168,160
Basil,173564,424
Basil,109150,121
Basil,155339,392
Basil,123387,732
Basil,137475,162
Basil,172276,209
Basil,145561,32
Basil,140961,405
Basil,149357,488
Basil,175495,217
Basil,190865,613
Basil,176296,831
Basil,168229,568
Basil,138517,716
Basil,102089,646
Basil,135198,248
Basil,183252,251
Basil,107715,33
Basil,170217,550
Basil,142267,34
Basil,194846,188
Basil,184231,278
Basil,127891,880
Basil,125804,994
Basil,116810,66
Basil,173329,926
Basil,171502,472
Basil,136991,267
Basil,164624,474
Basil,134967,312
Basil,104591,227
Basil,180818,648
Basil,144354,888
Basil,178713,505
Basil,115802,553
Basil,190438,744
Basil,113819,515
Basil,108287,558
Basil,111157,701
Basil,194482,516
Basil,115628,605
Basil,185918,547
Basil,194473,659
Basil,158475,994
Basil,105266,688
Basil,145451,775
Basil,195988,771
Basil,186571,45
Basil,105468,851
Basil,149651,349
Basil,149756,706
Basil,120694,501
Basil,171397,381
Basil,187666,610
Basil,115991,232
Basil,127665,810
Basil,148391,344
Basil,184362,88
Basil,165577,795
Basil,146473,696
Basil,198005,346
Basil,132707,104
Basil,184378,746
Basil,183700,687
Basil,160533,808
Basil,103763,960
Basil,182995,466
Basil,199145,221
Basil,161903,248
Basil,189011,467
Basil,138776,824
Basil,126447,834
Basil,140801,958
Basil,164193,641
Basil,115539,164
Basil,178943,771
Basil,185456,803
Basil,170647,981
Basil,141238,130
Basil,155308,158
Basil,145161,452
Basil,171187,836
Basil,112173,64
Basil,133479,545
Basil,160400,66
Basil,116363,873
Basil,146774,695
Basil,170815,400
Basil,181582,979
Basil,127496,140
Basil,120276,619
Basil,170221,188
Basil,125499,894
Basil,181251,172
Basil,165039,130
Basil,156590,761
Basil,133194,337
Basil,110100,807
Basil,136607,506
Basil,103197,374
Basil,146920,893
Basil,190026,124
Basil,142651,518
Basil,190699,271
Basil,142000,267
Basil,133906,592
Basil,181996,441
Basil,178467,700
Basil,152012,844
Basil,150285,91
Basil,142856,383
Basil,198779,954
Basil,141337,479
Basil,175259,839
Basil,140171,253
Basil,165462,201
Basil,183227,641
Basil,120622,887
Basil,128378,602
Basil,146388,431
Basil,172808,50
Basil,197364,91
Basil,154424,299
Basil,188814,913
Basil,123630,298
Basil,138646,435
Basil,134945,292
Basil,156232,218
Basil,125898,505
Basil,120098,21
Basil,164402,830
Basil,147719,395
Basil,149047,284
Basil,120452,847
Basil,123150,977
Basil,142506,197
Basil,169440,650
Basil,116213,847
Basil,170418,374
Basil,192041,87
Basil,198505,197
Basil,117466,95
Basil,165850,745
Basil,102969,110
Basil,170854,377
Basil,144887,873
Basil,161447,846
Basil,107857,636
Basil,148625,621
Basil,144322,932
Basil,195258,533
Basil,168414,669
Basil,144103,901
Basil,117457,246
Basil,140881,598
Basil,138139,954
Basil,161436,33
Basil,141901,167
Basil,125758,561
Basil,117965,290
Basil,122035,633
Basil,180435,879
Basil,165768,205
Basil,165390,350
Basil,127974,431
Basil,180189,94
Basil,152472,356
Basil,162775,717
Basil,182182,319
Basil,168562,503
Basil,121807,741
Basil,107948,200
Basil,155134,86
Basil,143329,146
Basil,150621,45
Basil,160320,66
Basil,120956,467
Basil,127941,916
Basil,146878,609
Basil,128224,274
Basil,145259,983
Basil,174888,9
Basil,152525,754
Basil,100490,605
Basil,126407,396
Basil,167377,119
Basil,162441,932
Basil,140363,723
Basil,126140,170
Basil,116280,787
Basil,179793,590
Basil,191819,615
Basil,158702,181
Basil,152405,978
Basil,194542,344
Basil,152823,928
Basil,185942,685
Basil,142284,79
Basil,103573,515
Basil,127405,668
Basil,169429,562
Basil,175676,243
Basil,153010,497
Basil,137898,540
Basil,163002,654
Basil,133928,237
Basil,142886,500
Basil,130372,112
Basil,121338,921
Basil,165582,558
Basil,175253,694
Basil,125515,982
Basil,110689,310
Basil,102172,880
Basil,130468,307
Basil,142030,761
Basil,170779,521
Basil,109827,670
Basil,104830,243
Basil,196448,484
Basil,173792,732
Basil,108533,183
Basil,128818,795
Basil,199878,857
Basil,122682,293
Basil,189548,470
Basil,144079,118
Basil,149117,513
Basil,163610,539
Basil,169617,269
Basil,154792,311
Basil,156253,296
Basil,168744,385
Basil,125290,573
Basil,176897,170
Basil,175170,614
Basil,148180,266
Basil,101629,733
Basil,194110,391
Basil,142383,471
Basil,116067,533
Basil,192693,178
Basil,182800,798
Basil,123682,930
Basil,117069,707
Basil,120508,981
Basil,183140,941
Basil,110368,682
Basil,186860,454
Basil,149206,218
Basil,165227,285
Basil,193954,5
Basil,130585,108
Basil,129692,923
Basil,117779,864
Basil,119770,23
Basil,123563,121
Basil,157340,942
Basil,189906,59
Basil,180556,433
Basil,190692,73
Basil,132251,866
Basil,138470,617
Basil,147281,400
Basil,173024,919
Basil,128716,396
Basil,158363,11
Basil,197649,411
Basil,132924,837
Basil,117184,172
Basil,140782,327
Basil,152864,783
Basil,162538,619
Basil,138084,211
Basil,196454,95
Basil,168909,756
Basil,132629,183
Basil,179769,427
Basil,127270,887
Basil,153460,843
Basil,183862,141
Basil,175031,413
Basil,169571,785
Basil,124456,674
Basil,186772,294
Basil,138209,256
Basil,104533,128
Basil,128783,316
Basil,155830,804
Basil,142775,604
Basil,152612,958
Basil,179071,135
Basil,102218,412
Basil,168827,374
Basil,145173,918
Basil,125927,627
Basil,183587,870
Basil,127952,248
Basil,124893,622
Basil,125117,781
Basil,103430,767
Basil,117524,681
Basil,183719,557
Basil,163915,483
Basil,195867,13
Basil,117546,508
Basil,112190,674
Basil,171972,226
Basil,183729,378
Basil,106090,58
Basil,137694,400
Basil,138094,196
Basil,190789,680
Basil,114075,894
Basil,171897,480
Basil,183440,601
Basil,194721,478
Basil,185185,941
Basil,179895,51
Basil,135295,710
Basil,198439,227
Basil,163530,193
Basil,128191,90
Basil,171704,661
Basil,138246,610
Basil,195148,833
Basil,117882,65
Basil,136738,146
Aspen,122657,335
Aspen,144529,942
Aspen,163677,657
Aspen,100005,123
Aspen,161165,974
Aspen,181623,991
Aspen,154711,928
Aspen,178691,190
Aspen,130289,368
Aspen,178164,512
Aspen,100293,883
Aspen,163155,727
Aspen,111316,877
Aspen,175934,655
Aspen,159204,672
Aspen,124709,599
Aspen,110855,571
Aspen,161707,841
Aspen,135159,568
Aspen,143047,914
Aspen,151064,121
Aspen,195948,458
Aspen,174854,632
Aspen,188763,65
Aspen,160779,107
Aspen,142303,940
Aspen,134830,434
Aspen,149139,271
Aspen,191886,1
Aspen,155115,937
Aspen,120926,64
Aspen,145946,169
Aspen,150228,200
Aspen,120341,243
Aspen,129560,154
Aspen,114741,455
Aspen,174838,676
Aspen,193131,753
Aspen,139990,775
Aspen,149753,265
Aspen,158493,46
Aspen,114508,847
Aspen,112456,644
Aspen,177342,427
Aspen,114482,804
Aspen,193416,958
Aspen,178546,448
Aspen,153043,978
Aspen,151122,149
Aspen,125621,843
Aspen,143682,683
Aspen,182293,981
Aspen,121091,11
Aspen,114498,916
Aspen,173547,522
Aspen,104839,872
Aspen,146597,749
Aspen,103372,277
Aspen,196151,485
Aspen,100262,370
Aspen,191828,216
Aspen,141893,761
Aspen,159094,41
Aspen,187342,643
Aspen,189078,13
Aspen,145060,197
Aspen,163799,703
Aspen,139944,944
Aspen,131874,992
Aspen,158848,641
Aspen,115777,181
Aspen,187501,635
Aspen,184079,462
Aspen,156454,711
Aspen,174406,743
Aspen,173236,972
Aspen,119042,111
Aspen,126672,706
Aspen,185669,65
Aspen,184281,105
Aspen,114483,666
Aspen,152373,784
Aspen,172755,664
Aspen,182325,701
Aspen,116489,364
Aspen,157493,345
Aspen,167283,881
Aspen,191967,284
Aspen,164922,1000
Aspen,109506,203
Aspen,102206,931
Aspen,135706,275
Aspen,130320,311
Aspen,179218,515
Aspen,143532,31
Aspen,193541,677
Aspen,170227,964
Aspen,193924,691
Aspen,177560,911
Aspen,132497,545
Aspen,136610,408
Aspen,101128,467
Aspen,103796,101
Aspen,172367,721
Aspen,127582,603
Aspen,154258,136
Aspen,132429,781
Aspen,189154,195
Aspen,130760,793
Aspen,138090,508
Aspen,174066,564
Aspen,127213,572
Aspen,149003,677
Aspen,105282,694
Aspen,118674,509
Aspen,119752,629
Aspen,141540,833
Aspen,112626,341
Aspen,106236,230
Aspen,124028,57
Aspen,142725,12
Aspen,177088,209
Aspen,153239,81
Aspen,193139,93
Aspen,143115,576
Aspen,146996,754
Aspen,121609,106
Aspen,117976,243
Aspen,165630,54
Aspen,196347,411
Aspen,188598,416
Aspen,148945,497
Aspen,122199,943
Aspen,139012,643
Aspen,177708,436
Aspen,110217,226
Aspen,189634,578
Aspen,141007,907
Aspen,147188,450
Aspen,143255,452
Aspen,118628,230
Aspen,157753,21
Aspen,134193,597
Aspen,134571,700
Aspen,132308,677
Aspen,130754,124
Aspen,104876,116
Aspen,153155,553
Aspen,174401,593
Aspen,147154,637
Aspen,128921,213
Aspen,190066,45
Aspen,135687,140
Aspen,181110,23
Aspen,122215,793
Aspen,159003,541
Aspen,155536,286
Aspen,102251,97
Aspen,123590,905
Aspen,161556,178
Aspen,104784,588
Aspen,148472,265
Aspen,116229,754
Aspen,173623,946
Aspen,189263,843
Aspen,114501,972
Aspen,116825,941
Aspen,120772,247
Aspen,181470,127
Aspen,142135,414
Aspen,171733,966
Aspen,135901,825
Aspen,165384,733
Aspen,172340,535
Aspen,170243,120
Aspen,156671,261
Aspen,182346,434
Aspen,125624,22
Aspen,147102,511
Aspen,170149,901
Aspen,153897,788
Aspen,145243,280
Aspen,119646,478
Aspen,195494,813
Aspen,153688,230
Aspen,134413,465
Aspen,132369,434
Aspen,168643,480
Aspen,131393,845
Aspen,132713,901
Aspen,164716,892
Aspen,179757,55
Aspen,130062,723
Aspen,152948,872
Aspen,117384,512
Aspen,143499,720
Aspen,166066,429
Aspen,166908,270
Aspen,173830,929
Aspen,118696,615
Aspen,119094,991
Aspen,131674,45
Aspen,197166,592
Aspen,134436,295
Aspen,100270,925
Aspen,156259,824
Aspen,148702,645
Aspen,151986,541
Aspen,199895,269
Aspen,157408,855
Aspen,153990,554
Aspen,123096,651
Aspen,186453,965
Aspen,113884,359
Aspen,104857,438
Aspen,105428,170
Aspen,174227,79
Aspen,140515,172
Aspen,198016,33
Aspen,197870,846
Aspen,123163,364
Aspen,109916,616
Aspen,139548,37
Aspen,164099,928
Aspen,164476,933
Aspen,113932,931
Aspen,108046,473
Aspen,138082,252
Aspen,195359,17
Aspen,133422,937
Aspen,194968,739
Aspen,166243,188
Aspen,109118,300
Aspen,170851,869
Aspen,168402,333
Aspen,166529,327
Aspen,151807,380
Aspen,117952,942
Aspen,165618,258
Aspen,103273,536
Aspen,191713,494
Aspen,136438,798
Aspen,149114,639
Aspen,177132,744
Aspen,134818,177
Aspen,116893,313
Aspen,130787,534
Aspen,113262,612
Aspen,186822,673
Aspen,158210,426
Aspen,196674,538
Aspen,112177,504
Aspen,172631,140
Aspen,187430,173
Aspen,132990,757
Aspen,108706,463
Aspen,183423,179
Aspen,145762,240
Aspen,152475,949
Aspen,160805,405
Aspen,197051,7
Aspen,111420,859
Aspen,116750,386
Aspen,147938,947
Aspen,137229,145
Aspen,155837,287
Aspen,113572,990
Aspen,143850,95
Aspen,109471,945
Aspen,188712,699
Aspen,136028,105
Aspen,176913,663
Aspen,110612,496
Aspen,161256,744
Aspen,129266,903
Aspen,167528,127
Aspen,186900,19
Aspen,107901,802
Aspen,122076,439
Aspen,186174,918
Aspen,105141,433
Aspen,108096,123
Aspen,163204,417
Aspen,145087,681
Aspen,148819,800
Aspen,162642,868
Aspen,165651,214
Aspen,120625,740
Aspen,180054,496
Aspen,179714,192
Aspen,164750,35
Aspen,101249,480
Aspen,186739,910
Aspen,137747,414
Aspen,157540,385
Aspen,137363,877
Aspen,183307,597
Aspen,158250,98
Aspen,100325,274
Aspen,100313,355
Aspen,188300,881
Aspen,157404,421
Aspen,116534,302
Aspen,151775,728
Aspen,185778,216
Aspen,143020,895
Aspen,147402,385
Aspen,147730,206
Aspen,132509,635
Aspen,106345,984
Aspen,150565,624
Aspen,122130,937
Aspen,100104,235
Aspen,148007,356
Aspen,152076,158
Aspen,180366,642
Aspen,128927,524
Aspen,107819,426
Aspen,147774,263
Aspen,130722,768
Aspen,121294,756
Aspen,150987,829
Aspen,105620,292
Aspen,172006,353
Aspen,156188,850
Aspen,164924,827
Aspen,124267,488
Aspen,184411,890
Aspen,193366,145
Aspen,176231,699
Aspen,172239,98
Aspen,160029,235
Aspen,166202,780
Aspen,178972,843
Aspen,168388,263
Aspen,127467,372
Aspen,134444,56
Aspen,153036,968
Aspen,116272,943
Aspen,176629,727
Aspen,157220,599
Aspen,140135,96
Aspen,192277,358
Aspen,191535,778
Aspen,109591,745
Aspen,190035,781
Aspen,191597,412
Aspen,129548,995
Aspen,125851,965
Aspen,148312,352
Aspen,109705,984
Aspen,183009,277
Aspen,117018,897
Aspen,159842,72
Aspen,110244,462
Aspen,149007,827
Aspen,148096,911
Aspen,105230,143
Aspen,183316,322
Aspen,111135,129
Aspen,186479,665
Aspen,181904,212
Aspen,190920,328
Aspen,103101,966
Aspen,195964,4
Aspen,109106,97
Aspen,119526,560
Aspen,160653,468
Aspen,180898,413
Aspen,125078,54
Aspen,163495,722
Aspen,141031,115
Aspen,103690,459
Aspen,106882,152
Aspen,192240,161
Aspen,163917,71
Aspen,117645,898
Aspen,112090,261
Aspen,171365,837
Aspen,197341,716
Aspen,155927,603
Aspen,103410,778
Aspen,173908,1000
Aspen,196981,395
Aspen,120445,963
Aspen,193030,565
Aspen,192783,310
Aspen,184484,803
Aspen,109447,823
Aspen,180057,617
Aspen,139361,692
Aspen,173995,443
Aspen,150011,236
Aspen,106076,958
Aspen,138598,72
Aspen,108430,127
Aspen,100339,797
Aspen,177856,413
Aspen,160565,150
Aspen,189223,364
Aspen,161336,907
Aspen,195304,143
Aspen,184485,354
Aspen,137953,394
Aspen,163762,753
Aspen,111583,817
Aspen,152774,607
Aspen,100998,962
Aspen,170452,246
Aspen,125791,467
Aspen,153981,522
Aspen,138603,934
Aspen,128812,682
Aspen,145972,226
Aspen,160830,802
Aspen,176088,809
Aspen,111459,740
Aspen,110426,601
Aspen,133500,718
Aspen,137856,832
Aspen,122320,102
Aspen,149713,557
Aspen,170507,54
Aspen,183141,5
Aspen,114614,997
Aspen,134972,555
Aspen,111718,733
Aspen,106172,640
Aspen,181178,162
Aspen,132508,550
Aspen,189209,695
Aspen,175238,710
Aspen,166923,651
Aspen,111206,721
Aspen,133975,877
Aspen,152671,85
Aspen,106194,362
Aspen,123311,328
Aspen,179406,622
Aspen,188135,994
Aspen,165709,81
Aspen,111890,233
Aspen,143173,434
Aspen,158676,228
Aspen,190916,875
Aspen,191659,468
Aspen,134240,783
Aspen,175906,340
Aspen,154567,255
Aspen,196742,973
Aspen,154734,853
Aspen,197371,204
Aspen,188077,53
Aspen,169383,233
Aspen,106911,321
Aspen,130157,732
Aspen,120233,194
Aspen,101513,372
Aspen,120262,181
Aspen,187267,849
Aspen,151574,734
Aspen,160421,943
Aspen,197496,132
Aspen,110331,911
Aspen,198614,830
Aspen,117027,554
Aspen,133195,456
Aspen,197957,593
Aspen,195351,742
Aspen,147260,705
Aspen,156127,365
Aspen,179720,364
Aspen,154043,844
Aspen,168853,556
Aspen,161009,256
Aspen,126327,735
Aspen,103035,619
Aspen,167911,886
Aspen,131309,855
Aspen,184397,269
Aspen,123227,364
Aspen,114025,679
Aspen,106053,195
Aspen,133309,467
Aspen,137524,293
Aspen,139278,568
Aspen,186786,31
Aspen,165424,101
Aspen,181979,499
Aspen,196058,710
Aspen,107134,919
Aspen,151079,577
Aspen,197282,987
Aspen,143332,577
Aspen,196951,783
Aspen,188993,149
Aspen,117327,188
Aspen,169531,940
Aspen,102832,329
Aspen,145741,958
Aspen,189304,417
Aspen,185443,452
Aspen,137529,758
Aspen,100528,954
Aspen,177546,727
Aspen,148762,499
Aspen,146872,379
Aspen,185069,900
Aspen,103077,710
Aspen,162254,628
Aspen,140471,167
Aspen,171952,459
Aspen,130656,136
Aspen,181333,322
Aspen,152644,693
Aspen,183712,189
Aspen,180399,772
Aspen,105258,738
Aspen,118982,135
Aspen,143348,645
Aspen,162039,141
Aspen,118564,731
Aspen,136022,575
Aspen,100189,201
Aspen,186887,311
Aspen,193894,95
Aspen,101662,141
Aspen,182696,588
Aspen,121597,334
Aspen,175135,428
Aspen,189097,636
Aspen,124802,738
Aspen,196125,707
Aspen,138542,427
Aspen,111812,280
Aspen,144361,328
Aspen,167392,396
Aspen,157821,291
Aspen,179976,632
Aspen,159534,268
Aspen,178522,832
Aspen,151244,531
Aspen,199763,144
Aspen,101084,767
Aspen,111349,392
Aspen,161631,231
Aspen,194326,643
Aspen,183027,125
Aspen,102264,420
Aspen,195804,864
Aspen,131858,869
Aspen,198717,695
Aspen,172598,752
Aspen,131305,386
Aspen,113151,9
Aspen,101024,413
Aspen,121167,913
Aspen,178660,463
Aspen,139558,30
Aspen,196803,319
Aspen,155719,167
Aspen,125269,347
Aspen,102489,523
Aspen,192821,412
Aspen,155836,979
Aspen,106777,409
Aspen,180855,715
Aspen,161906,615
Aspen,168905,952
Aspen,137002,798
Aspen,186031,852
Aspen,182067,43
Aspen,180067,284
Aspen,174416,145
Aspen,127871,556
Aspen,140004,276
Aspen,179374,676
Aspen,120216,671
Aspen,117273,71
Aspen,107810,931
Aspen,191992,871
Aspen,170469,641
Aspen,158677,821
Aspen,181176,417
Aspen,184600,151
Aspen,115299,886
Aspen,123577,305
Aspen,103179,776
Aspen,107832,735
Aspen,193735,867
Aspen,163741,904
Aspen,173519,975
Aspen,125622,412
Aspen,137468,396
Aspen,194990,988
Aspen,144073,610
Aspen,114671,745
Aspen,152888,695
Aspen,110660,629
Aspen,174617,60
Aspen,158262,144
Aspen,147727,574
Aspen,116284,899
Aspen,197654,272
Aspen,186512,790
Aspen,109553,718
Aspen,135572,600
Aspen,178130,76
Aspen,116044,888
Aspen,150311,139
Aspen,187816,703
Aspen,146079,853
Aspen,188449,187
Aspen,121584,509
Aspen,154484,328
Aspen,183695,687
Aspen,154693,776
Aspen,157442,449
Aspen,126805,696
Aspen,139399,293
Aspen,115395,357
Aspen,103434,275
Aspen,103395,252
Aspen,107515,220
Aspen,196099,646
Aspen,129810,849
Aspen,196136,377
Aspen,124622,35
Aspen,119885,52
Aspen,176230,480
Aspen,191961,7
Aspen,166624,386
Aspen,137586,37
Aspen,118775,465
Aspen,180719,49
Aspen,129944,58
Aspen,111673,985
Aspen,142026,363
Aspen,128809,757
Aspen,133286,483
Aspen,189452,573
Aspen,152333,521
Aspen,159049,526
Aspen,193696,1000
Aspen,122400,468
Aspen,183143,371
Aspen,133138,217
Aspen,161319,957
Aspen,158157,596
Aspen,187689,18
Aspen,132614,401
Aspen,107230,873
Aspen,163041,102
Aspen,199486,994
Aspen,171911,438
Aspen,174419,970
Aspen,141254,940
Aspen,123016,724
Aspen,168662,169
Aspen,180068,576
Aspen,195977,26
Aspen,105885,939
Aspen,104021,462
Aspen,118915,987
Aspen,167721,913
Aspen,136965,570
Aspen,115884,866
Aspen,180482,161
Aspen,138233,87
Aspen,181919,913
Aspen,154935,942
Aspen,178057,102
Aspen,156675,467
Aspen,129149,778
Aspen,183162,157
Aspen,152260,761
Aspen,172860,687
Aspen,175007,912
Aspen,167172,504
Aspen,119661,998
Aspen,122842,707
Aspen,166119,672
Aspen,143266,184
Aspen,157336,868
Aspen,190012,697
Aspen,185429,225
Aspen,147986,289
Aspen,152547,616
Aspen,126121,207
Aspen,181320,260
Aspen,143750,496
Aspen,164929,87
Aspen,198086,632
Aspen,152757,951
Aspen,190597,335
Aspen,119417,723
Aspen,187582,700
Aspen,103326,821
Aspen,110969,956
Aspen,102379,560
Aspen,166960,853
Aspen,182065,385
Aspen,119490,845
Aspen,135974,738
Aspen,136984,238
Aspen,143984,39
Aspen,129959,869
Aspen,186273,25
Aspen,112140,36
Aspen,105241,8
Aspen,176141,687
Aspen,111298,307
Aspen,138648,404
Aspen,128970,551
Aspen,178725,443
Aspen,104894,907
Aspen,136161,608
Aspen,109335,547
Aspen,148290,305
Aspen,176521,686
Aspen,181092,784
Aspen,121633,704
Aspen,131533,69
Aspen,153818,161
Aspen,141970,565
Aspen,118898,618
Aspen,133161,409
Aspen,148080,923
Aspen,139594,524
Aspen,104955,935
Aspen,183373,828
Aspen,109788,239
Aspen,172640,481
Aspen,127559,540
Aspen,124975,276
Aspen,165434,258
Aspen,165087,818
Aspen,141790,611
Aspen,194493,446
Aspen,188335,276
Aspen,155635,810
Aspen,197118,12
Aspen,189966,543
Aspen,110513,271
Aspen,123735,24
Aspen,132065,169
Aspen,122462,785
Aspen,162890,55
Aspen,128234,256
Aspen,114464,65
Aspen,179197,491
Aspen,121310,47
Aspen,182141,126
Aspen,146612,574
Aspen,169454,987
Aspen,142106,638
Aspen,189277,704
Aspen,189858,979
Aspen,117337,227
Aspen,188428,359
Aspen,126148,747
Aspen,119277,908
Aspen,176832,27
Aspen,145093,928
Aspen,124884,184
Aspen,148601,671
Aspen,145586,624
Aspen,198111,268
Aspen,101653,395
Aspen,178262,235
Aspen,150541,60
Aspen,155091,843
Aspen,138226,142
Aspen,142273,970
Aspen,169169,42
Aspen,119830,579
Aspen,169490,470
Aspen,104660,978
Aspen,168091,228
Aspen,196382,718
Aspen,105972,987
Aspen,195383,657
Aspen,157771,250
Aspen,138004,433
Aspen,126799,526
Aspen,134583,391
Aspen,165444,439
Aspen,123887,619
Aspen,103496,827
Aspen,141227,334
Aspen,144518,322
Aspen,191314,766
Aspen,145018,982
Aspen,188877,240
Aspen,189330,171
Aspen,161326,854
Aspen,137973,270
Aspen,122511,123
Aspen,124159,869
Aspen,150970,176
Aspen,147060,280
Aspen,170974,446
Aspen,155952,235
Aspen,157392,644
Aspen,190508,333
Aspen,193839,241
Aspen,104413,333
Aspen,171385,881
Aspen,190973,320
Aspen,164532,23
Aspen,106019,822
Aspen,180864,867
Aspen,101519,301
Aspen,169485,220
Aspen,152793,387
Aspen,160254,441
Aspen,103600,77
Aspen,185043,386
Aspen,118795,342
Aspen,103256,330
Aspen,133733,888
Aspen,188672,638
Aspen,126955,881
Aspen,145977,624
Aspen,192331,307
Aspen,191789,897
Aspen,142672,803
Aspen,162659,394
Aspen,173270,573
Aspen,169476,321
Aspen,143207,196
Aspen,199345,759
Aspen,153368,254
Aspen,130415,521
Aspen,157951,234
Aspen,188008,385
Aspen,139433,744
Aspen,178246,4
Aspen,186180,301
Aspen,134687,123
Aspen,115231,924
Aspen,138890,126
Aspen,173503,450
Aspen,142091,807
Aspen,120611,240
Aspen,110384,769
Aspen,197385,309
Aspen,134621,590
Aspen,107274,914
Aspen,150529,365
Aspen,125774,632
Aspen,150018,350
Aspen,197272,704
Aspen,128983,748
Aspen,180718,881
Aspen,117641,193
Aspen,195563,215
Aspen,183456,283
Aspen,173719,187
Aspen,149865,376
Aspen,120525,826
Aspen,180287,801
Aspen,162499,746
Aspen,134844,530
Aspen,113993,851
Aspen,147891,157
Aspen,159724,154
Aspen,167554,760
Aspen,174088,295
Aspen,125636,828
Aspen,162703,837
Aspen,120630,170
Aspen,112780,342
Aspen,171869,547
Aspen,161460,896
Aspen,117272,580
Aspen,120983,322
Aspen,170959,853
Aspen,166872,991
Aspen,109107,179
Aspen,159208,643
Aspen,107531,740
Aspen,131241,117
Aspen,105811,336
Aspen,166878,678
Aspen,132934,862
Aspen,109349,543
Aspen,113065,713
Aspen,145429,978
Aspen,186481,692
Aspen,113701,439
Aspen,177206,539
Aspen,143756,837
Aspen,177566,53
Aspen,105662,563
Aspen,151393,96
Aspen,165553,844
Aspen,174641,431
Aspen,176085,469
Aspen,115803,839
Aspen,114355,91
Aspen,144699,186
Aspen,173353,69
Aspen,193274,137
Aspen,178353,555
Aspen,105564,988
Aspen,124907,589
Aspen,140821,858
Aspen,114130,193
Aspen,108083,488
Aspen,148208,280
Aspen,176437,879
Aspen,188882,484
Aspen,113155,407
Aspen,167261,550
Aspen,153838,251
Aspen,124983,976
Aspen,184733,455
Aspen,116665,575
Aspen,172888,284
Aspen,158298,772
Aspen,122766,583
Aspen,195360,610
Aspen,150829,825
Aspen,186673,11
Aspen,130978,124
Aspen,180552,714
Aspen,124883,243
Aspen,152884,158
Aspen,179759,502
Aspen,165996,214
Aspen,138790,366
Aspen,193179,587
Aspen,163200,353
Aspen,125423,490
Aspen,111907,998
Aspen,101480,898
Aspen,130983,977
Aspen,107949,997
Aspen,156991,577
Aspen,158866,662
Aspen,148983,949
Aspen,160432,647
Aspen,189968,284
Aspen,194072,22
Aspen,112758,725
Aspen,182114,279
Aspen,117421,83
Aspen,104949,331
Aspen,161889,12
Aspen,183970,375
Aspen,195680,44
Aspen,151179,241
Aspen,120409,174
Aspen,139333,687
Aspen,119968,64
Aspen,130914,470
Aspen,118442,255
Aspen,153319,937
Aspen,106030,737
Aspen,128267,329
Aspen,176870,856
Aspen,113830,128
Aspen,197143,223
Aspen,186349,935
Aspen,124331,509
Aspen,169953,492
Aspen,132562,906
Aspen,118376,299
Aspen,198665,422
Aspen,176908,730
Aspen,140816,864
Aspen,130407,786
Aspen,130507,264
Aspen,142659,397
Aspen,185674,913
Aspen,165360,423
Aspen,196843,804
Aspen,161300,487
Aspen,105080,932
Aspen,144485,585
Aspen,182348,663
Aspen,199713,515
Aspen,125848,503
Aspen,151611,681
Aspen,105860,823
Aspen,110702,465
Aspen,112598,557
Aspen,125490,389
Aspen,119809,864
Aspen,192358,931
Aspen,195238,129
Aspen,159861,644
Aspen,191767,929
Aspen,190552,721
Aspen,186689,494
Aspen,137792,86
Aspen,130148,740
Aspen,146467,835
Aspen,194355,992
Aspen,188741,649
Aspen,168252,814
Aspen,136119,505
Aspen,161950,214
Aspen,177899,126
Aspen,192642,848
Aspen,118266,909
Aspen,106647,53
Aspen,133325,103
Aquila,195380,294
Aquila,141250,860
Aquila,198640,149
Aquila,187597,182
Aquila,135998,626
Aquila,104730,878
Aquila,117456,959
Aquila,161297,360
Aquila,106367,64
Aquila,177274,464
Aquila,152092,108
Aquila,143380,889
Aquila,189324,626
Aquila,150940,755
Aquila,103498,233
Aquila,156926,963
Aquila,141791,987
Aquila,103883,683
Aquila,154227,929
Aquila,116082,665
Aquila,129568,432
Aquila,118590,273
Aquila,125288,641
Aquila,121275,29
Aquila,162419,167
Aquila,161826,278
Aquila,163171,792
Aquila,178437,936
Aquila,158741,127
Aquila,110216,539
Aquila,193121,901
Aquila,190571,179
Aquila,155026,93
Aquila,181630,489
Aquila,112451,611
Aquila,161992,895
Aquila,116488,229
Aquila,110489,761
Aquila,112415,548
Aquila,137633,488
Aquila,139436,184
Aquila,199693,616
Aquila,132064,597
Aquila,149324,116
Aquila,187959,829
Aquila,128468,895
Aquila,151399,153
Aquila,144209,941
Aquila,179089,32
Aquila,127714,500
Aquila,142005,634
Aquila,188419,46
Aquila,149285,866
Aquila,114399,655
Aquila,114312,152
Aquila,117499,695
Aquila,123379,780
Aquila,180652,613
Aquila,195946,535
Aquila,101072,62
Aquila,180290,943
Aquila,150219,2
Aquila,181975,498
Aquila,135768,338
Aquila,180508,84
Aquila,189536,680
Aquila,135860,697
Aquila,126113,287
Aquila,126852,594
Aquila,102123,514
Aquila,187500,632
Aquila,175213,812
Aquila,168803,655
Aquila,191669,674
Aquila,185018,811
Aquila,167714,782
Aquila,155363,755
Aquila,150092,114
Aquila,142609,872
Aquila,133037,768
Aquila,129274,797
Aquila,108004,93
Aquila,170294,534
Aquila,104787,175
Aquila,153752,525
Aquila,149454,742
Aquila,182831,118
Aquila,130330,811
Aquila,117755,245
Aquila,180589,682
Aquila,164477,108
Aquila,113984,670
Aquila,152562,173
Aquila,120529,129
Aquila,104400,499
Aquila,124959,446
Aquila,120464,672
Aquila,143251,583
Aquila,192231,730
Aquila,155961,505
Aquila,173300,973
Aquila,135895,413
Aquila,106250,784
Aquila,168163,198
Aquila,148603,130
Aquila,180318,473
Aquila,157848,775
Aquila,149248,392
Aquila,114530,958
Aquila,137911,883
Aquila,194935,190
Aquila,186525,426
Aquila,110643,308
Aquila,184372,437
Aquila,115248,657
Aquila,125951,193
Aquila,184236,680
Aquila,185706,266
Aquila,197171,372
Aquila,130597,173
Aquila,162020,199
Aquila,115485,543
Aquila,172099,526
Aquila,129100,626
Aquila,119574,883
Aquila,182298,384
Aquila,158548,554
Aquila,120959,809
Aquila,112858,576
Aquila,124601,967
Aquila,165204,337
Aquila,185816,976
Aquila,147997,797
Aquila,109848,224
Aquila,111875,39
Aquila,100434,751
Aquila,112784,182
Aquila,112081,562
Aquila,127662,822
Aquila,198947,191
Aquila,189174,79
Aquila,141507,950
Aquila,185376,719
Aquila,175073,41
Aquila,140021,534
Aquila,170631,591
Aquila,191621,880
Aquila,149311,277
Aquila,177127,504
Aquila,189461,543
Aquila,164338,535
Aquila,111602,947
Aquila,168993,471
Aquila,187924,569
Aquila,176863,859
Aquila,160454,740
Aquila,198966,829
Aquila,107600,899
Aquila,140253,142
Aquila,108142,581
Aquila,172114,276
Aquila,117378,786
Aquila,159644,289
Aquila,188744,677
Aquila,102823,316
Aquila,148271,745
Aquila,140964,279
Aquila,170446,299
Aquila,157139,888
Aquila,178457,322
Aquila,160539,840
Aquila,148092,730
Aquila,142688,88
Aquila,133755,774
Aquila,193660,775
Aquila,130818,269
Aquila,181012,50
Aquila,104163,865
Aquila,189506,631
Aquila,188437,591
Aquila,160348,218
Aquila,100264,979
Aquila,173713,463
Aquila,106572,355
Aquila,199071,719
Aquila,162562,692
Aquila,109951,946
Aquila,100267,481
Aquila,169665,437
Aquila,115944,755
Aquila,187863,844
Aquila,151310,623
Aquila,138039,75
Aquila,198656,490
Aquila,109952,19
Aquila,177575,652
Aquila,179284,345
Aquila,166281,793
Aquila,142088,905
Aquila,190713,904
Aquila,199431,820
Aquila,101875,565
Aquila,193800,57
Aquila,126412,695
Aquila,154189,144
Aquila,103486,351
Aquila,187464,937
Aquila,108848,920
Aquila,111311,396
Aquila,188736,442
Aquila,177029,37
Aquila,167462,158
Aquila,170606,705
Aquila,142909,92
Aquila,118835,825
Aquila,158361,32
Aquila,198797,461
Aquila,153832,998
Aquila,115044,921
Aquila,145546,677
Aquila,118218,455
Aquila,190074,957
Aquila,116901,651
Aquila,117243,357
Aquila,189336,459
Aquila,146262,364
Aquila,167247,309
Aquila,102473,591
Aquila,138465,49
Aquila,117612,369
Aquila,114674,394
Aquila,143803,861
Aquila,171963,804
Aquila,127698,227
Aquila,125948,81
Aquila,134653,94
Aquila,138178,291
Aquila,175048,396
Aquila,101096,636
Aquila,161241,405
Aquila,119998,422
Aquila,166463,813
Aquila,116648,626
Aquila,138344,389
Aquila,161987,671
Aquila,163467,192
Aquila,121200,294
Aquila,160171,419
Aquila,120527,574
Aquila,112309,102
Aquila,107877,979
Aquila,160116,867
Aquila,172883,297
Aquila,146956,261
Aquila,189381,422
Aquila,160916,359
Aquila,184316,530
Aquila,133939,566
Aquila,132802,460
Aquila,170517,87
Aquila,115699,331
Aquila,106177,602
Aquila,190290,480
Aquila,186618,926
Aquila,105203,726
Aquila,151044,403
Aquila,101635,639
Aquila,143753,665
Aquila,143927,926
Aquila,117943,989
Aquila,157558,918
Aquila,154088,729
Aquila,198408,103
Aquila,136925,510
Aquila,131556,725
Aquila,190204,34
Aquila,174696,551
Aquila,151176,651
Aquila,149288,552
Aquila,164815,589
Aquila,156180,556
Aquila,167394,556
Aquila,189023,512
Aquila,109426,633
Aquila,194566,7
Aquila,154093,831
Aquila,134164,689
Aquila,114907,323
Aquila,115394,661
Aquila,105144,838
Aquila,161909,81
Aquila,109400,380
Aquila,127718,919
Aquila,140888,38
Aquila,110017,879
Aquila,163931,905
Aquila,104545,77
Aquila,117588,341
Aquila,127613,706
Aquila,112592,826
Aquila,196668,382
Aquila,114886,564
Aquila,113421,379
Aquila,190360,920
Aquila,194126,437
Aquila,139405,428
Aquila,174324,368
Aquila,126615,465
Aquila,150068,383
Aquila,120827,588
Aquila,108837,749
Aquila,156937,15
Aquila,155609,879
Aquila,155503,254
Aquila,133516,319
Aquila,174713,112
Aquila,182576,819
Aquila,115986,557
Aquila,170984,275
Aquila,186920,964
Aquila,100855,185
Aquila,128991,110
Aquila,180206,997
Aquila,198492,835
Aquila,177150,33
Aquila,148285,380
Aquila,142969,885
Aquila,136468,580
Aquila,111412,833
Aquila,105426,222
Aquila,161487,907
Aquila,183624,630
Aquila,111198,90
Aquila,184566,872
Aquila,196292,385
Aquila,183864,738
Aquila,131931,119
Aquila,147766,773
Aquila,174995,972
Aquila,122032,671
Aquila,174631,786
Aquila,100746,237
Aquila,179183,883
Aquila,134421,644
Aquila,141327,981
Aquila,104029,776
Aquila,109807,186
Aquila,101003,165
Aquila,130877,958
Aquila,161830,919
Aquila,112338,976
Aquila,163024,784
Aquila,121663,703
Aquila,105958,509
Aquila,183824,608
Aquila,191404,901
Aquila,188455,808
Aquila,104851,685
Aquila,197673,902
Aquila,161805,621
Aquila,156806,966
Aquila,144778,436
Aquila,167340,374
Aquila,101383,836
Aquila,118640,699
Aquila,175472,495
Aquila,176097,846
Aquila,194711,894
Aquila,187324,287
Aquila,120074,349
Aquila,183083,573
Aquila,189463,637
Aquila,146634,709
Aquila,193657,601
Aquila,145966,310
Aquila,161855,66
Aquila,101156,473
Aquila,119128,73
Aquila,155922,111
Aquila,101191,858
Aquila,197678,856
Aquila,107408,543
Aquila,102982,862
Aquila,148523,34
Aquila,128487,245
Aquila,128615,432
Aquila,171881,33
Aquila,131276,335
Aquila,127367,451
Aquila,137073,773
Aquila,130123,512
Aquila,168880,939
Aquila,164352,678
Aquila,142575,91
Aquila,148201,458
Aquila,185967,209
Aquila,199239,683
Aquila,157542,11
Aquila,152017,712
Aquila,100782,412
Aquila,174698,675
Aquila,128156,833
Aquila,182283,831
Aquila,123431,96
Aquila,161657,566
Aquila,187027,300
Aquila,183638,30
Aquila,198771,605
Aquila,127236,477
Aquila,166538,733
Aquila,104866,657
Aquila,195167,198
Aquila,127331,704
Aquila,107829,355
Aquila,157921,742
Aquila,124941,855
Aquila,148246,907
Aquila,178749,432
Aquila,165392,53
Aquila,100383,991
Aquila,197483,360
Aquila,155971,458
Aquila,129080,468
Aquila,194371,62
Aquila,143958,338
Aquila,137954,198
Aquila,156383,703
Aquila,189193,306
Aquila,190503,112
Aquila,178023,667
Aquila,178232,731
Aquila,115677,844
Aquila,129698,593
Aquila,125610,473
Aquila,196703,191
Aquila,130249,593
Aquila,108401,303
Aquila,159780,209
Aquila,144081,872
Aquila,149745,914
Aquila,103710,104
Aquila,120592,919
Aquila,175064,86
Aquila,173221,995
Aquila,103832,173
Aquila,157342,517
Aquila,184151,561
Aquila,120441,454
Aquila,191633,630
Aquila,174182,59
Aquila,173060,509
Aquila,118286,307
Aquila,140043,79
Aquila,117597,391
Aquila,109223,879
Aquila,180425,623
Aquila,199923,153
Aquila,161963,204
Aquila,132292,964
Aquila,163023,910
Aquila,103254,139
Aquila,141675,339
Aquila,162464,101
Aquila,118009,955
Aquila,170261,305
Aquila,161905,986
Aquila,153479,712
Aquila,184722,4
Aquila,100661,691
Aquila,160724,553
Aquila,168403,698
Aquila,108853,915
Aquila,112335,831
Aquila,107275,805
Aquila,186710,281
Aquila,136031,857
Aquila,130176,253
Aquila,198480,219
Aquila,134186,355
Aquila,111266,752
Aquila,130944,804
Aquila,193529,316
Aquila,100981,538
Aquila,141206,621
Aquila,168628,502
Aquila,165264,529
Aquila,139686,841
Aquila,182250,917
Aquila,100404,784
Aquila,197745,204
Aquila,128086,529
Aquila,125018,271
Aquila,162991,167
Aquila,198132,762
Aquila,195417,499
Aquila,160611,655
Aquila,134728,75
Aquila,143225,514
Aquila,158234,559
Aquila,109105,657
Aquila,180491,525
Aquila,142199,411
Aquila,174455,631
Aquila,100617,294
Aquila,127931,713
Aquila,179659,319
Aquila,144540,550
Aquila,101119,589
Aquila,104327,632
Aquila,179835,646
Aquila,185094,189
Aquila,151811,951
Aquila,100833,604
Aquila,116024,138
Aquila,178184,362
Aquila,115479,737
Aquila,136227,784
Aquila,111333,783
Aquila,159511,953
Aquila,145045,319
Aquila,155620,438
Aquila,103092,954
Aquila,134867,103
Aquila,135354,685
Aquila,108349,4
Aquila,183801,914
Aquila,190415,770
Aquila,134646,221
Aquila,121098,563
Aquila,160409,161
Aquila,180236,11
Aquila,160232,902
Aquila,125884,115
Aquila,199150,478
Aquila,116539,733
Aquila,138923,337
Aquila,104536,401
Aquila,197618,370
Aquila,199291,244
Aquila,168018,727
Aquila,120782,373
Aquila,167014,866
Aquila,139910,984
Aquila,138803,754
Aquila,193166,763
Aquila,141402,39
Aquila,178445,680
Aquila,195153,938
Aquila,116533,794
Aquila,180283,75
Aquila,123357,918
Aquila,150169,538
Aquila,146294,511
Aquila,121694,677
Aquila,177818,692
Aquila,104467,72
Aquila,119856,816
Aquila,143256,310
Aquila,150370,909
Aquila,131673,891
Aquila,141569,593
Aquila,129615,747
Aquila,107580,480
Aquila,102574,188
Aquila,179227,74
Aquila,180132,137
Aquila,174610,815
Aquila,146381,782
Aquila,195420,551
Aquila,126339,434
Aquila,134304,626
Aquila,178560,380
Aquila,170200,398
Aquila,196664,229
Aquila,196739,82
Aquila,126470,395
Aquila,161512,806
Aquila,123045,839
Aquila,181843,416
Aquila,129337,783
Aquila,133726,332
Aquila,170993,576
Aquila,120845,893
Aquila,116308,599
Aquila,122420,107
Aquila,148939,13
Aquila,101205,646
Aquila,160071,977
Aquila,159906,82
Aquila,171688,233
Aquila,133888,888
Aquila,179682,225
Aquila,117689,143
Aquila,136162,116
Aquila,129345,78
Aquila,193859,242
Aquila,170599,54
Aquila,164431,32
Aquila,104120,490
Aquila,117885,635
Aquila,176969,361
Aquila,134651,990
Aquila,119338,3
Aquila,101997,453
Aquila,119852,304
Aquila,152702,787
Aquila,180481,813
Aquila,193675,231
Aquila,191464,458
Aquila,157444,902
Aquila,153307,336
Aquila,157221,787
Aquila,140791,43
Aquila,184184,215
Aquila,137008,364
Aquila,159825,767
Aquila,175179,603
Aquila,152688,102
Aquila,173454,357
Aquila,162536,205
Aquila,133404,955
Aquila,151215,511
Aquila,117910,459
Aquila,153526,90
Aquila,135207,439
Aquila,101326,118
Aquila,197295,888
Aquila,124334,804
Aquila,150430,89
Aquila,182292,799
Aquila,109236,175
Aquila,173272,54
Aquila,101465,530
Aquila,156234,485
Aquila,175359,108
Aquila,159086,276
Aquila,177735,146
Aquila,160384,668
Aquila,197573,565
Aquila,151667,667
Aquila,180803,856
Aquila,118165,290
Aquila,110661,397
Aquila,165995,150
Aquila,183941,348
Aquila,115031,588
Aquila,167357,126
Aquila,103764,265
Aquila,184749,183
Aquila,138990,530
Aquila,105745,669
Aquila,107186,601
Aquila,111100,362
Aquila,122341,999
Aquila,150477,844
Aquila,175322,186
Aquila,104498,302
Aquila,147858,311
Aquila,162401,650
Aquila,117275,743
Aquila,190442,643
Aquila,131581,104
Aquila,132208,431
Aquila,163622,431
Aquila,147046,234
Aquila,120133,250
Aquila,186816,369
Aquila,116276,519
Aquila,138381,83
Aquila,114369,328
Aquila,111090,169
Aquila,172441,561
Aquila,192188,994
Aquila,179030,48
Aquila,177071,112
Aquila,178309,898
Aquila,198349,257
Aquila,136878,260
Aquila,184414,819
Aquila,139689,985
Aquila,152484,120
Aquila,118513,509
Aquila,135692,519
Aquila,132945,623
Aquila,166615,571
Aquila,160495,186
Aquila,176666,434
Aquila,154543,144
Aquila,133734,263
Aquila,115604,393
Aquila,132180,779
Aquila,196650,960
Aquila,154415,289
Aquila,180017,528
Aquila,113409,453
Aquila,182963,917
Aquila,144353,304
Aquila,189586,914
Aquila,162191,891
Aquila,183556,210
Aquila,138249,556
Aquila,142318,776
Aquila,121913,298
Aquila,146596,361
Aquila,141925,193
Aquila,139625,511
Aquila,190610,853
Aquila,161996,680
Aquila,130361,769
Aquila,112407,376
Aquila,124719,897
Aquila,168911,438
Aquila,127857,777
Aquila,172435,937
Aquila,135645,143
Aquila,131198,590
Aquila,107041,289
Aquila,197519,723
Aquila,161526,988
Aquila,171457,710
Aquila,100582,415
Aquila,172964,317
Aquila,194642,393
Aquila,136806,767
Aquila,120903,451
Aquila,120890,989
Aquila,134480,485
Aquila,193244,836
Aquila,146925,167
Aquila,181534,196
Aquila,184843,255
Aquila,167094,539
Aquila,162068,802
Aquila,129691,569
Aquila,109389,177
Aquila,111453,626
Aquila,155064,391
Aquila,162035,859
Aquila,175915,542
Aquila,116753,366
Aquila,186714,60
Aquila,186331,24
Aquila,141711,853
Aquila,122142,178
Aquila,101306,640
Aquila,186474,587
Aquila,167694,199
Aquila,142731,899
Aquila,144469,532
Aquila,171401,790
Aquila,141436,686
Aquila,116096,490
Aquila,198253,99
Aquila,133867,958
Aquila,146558,697
Aquila,100891,647
Aquila,155193,510
Aquila,105922,874
Aquila,158303,372
Aquila,140993,255
Aquila,190483,699
Aquila,112649,511
Aquila,150540,981
Aquila,158580,51
Aquila,108245,409
Aquila,120091,217
Aquila,176609,572
Aquila,173316,885
Aquila,169356,976
Aquila,116890,431
Aquila,166438,568
Aquila,109056,337
Aquila,133929,905
Aquila,176017,976
Aquila,124587,1000
Aquila,158103,753
Aquila,125475,773
Aquila,121384,433
Aquila,199451,206
Aquila,193794,671
Aquila,126772,762
Aquila,171063,633
Aquila,124221,20
Aquila,142514,169
Aquila,141432,585
Aquila,190646,11
Aquila,188731,15
Aquila,124811,699
Aquila,192847,839
Aquila,132811,323
Aquila,193526,806
Aquila,176620,213
Aquila,138364,172
Aquila,152826,832
Aquila,119106,901
Aquila,114599,642
Aquila,119855,518
Aquila,106810,230
Aquila,175667,492
Aquila,167317,583
Aquila,172400,846
Aquila,168223,376
Aquila,196811,509
Aquila,185956,240
Aquila,152895,995
Aquila,187442,600
Aquila,193979,150
Aquila,100165,542
Aquila,116480,972
Aquila,172919,721
Aquila,169882,911
Aquila,129204,132
Aquila,157301,438
Aquila,121403,301
Aquila,166753,650
Aquila,141308,738
Aquila,118369,275
Aquila,185560,136
Aquila,129072,18
Aquila,175314,134
Aquila,128065,238
Aquila,175602,91
Aquila,181526,52
Aquila,144629,950
Aquila,163445,537
Aquila,185530,290
Aquila,152360,206
Aquila,162321,164
Aquila,162602,827
Aquila,198738,617
Aquila,111829,331
Aquila,179366,979
Aquila,107075,162
Aquila,120533,398
Aquila,180498,296
Aquila,142384,435
Aquila,184331,398
Aquila,144479,504
Aquila,163644,42
Aquila,183010,61
Aquila,136842,458
Aquila,170094,583
Aquila,167241,436
Aquila,118148,729
Aquila,146049,718
Aquila,161103,345
Aquila,121224,515
Aquila,188027,678
Aquila,193720,214
Aquila,188352,764
Aquila,124934,615
Aquila,158457,251
Aquila,191449,427
Aquila,183707,683
Aquila,156661,491
Aquila,104201,306
Aquila,106463,26
Aquila,110313,675
Aquila,176399,577
Aquila,133407,663
Aquila,165466,959
Aquila,171677,822
Aquila,163190,990
Aquila,104167,687
Aquila,141004,13
Aquila,118419,283
Aquila,142885,948
Aquila,196183,530
Aquila,148836,134
Aquila,172632,535
Aquila,184313,311
Aquila,105253,701
Aquila,147396,732
Aquila,159628,591
Aquila,158144,825
Aquila,173954,512
Aquila,168762,380
Aquila,102914,330
Aquila,160205,35
Aquila,143085,993
Aquila,177170,562
Aquila,154261,781
Aquila,126126,981
Aquila,181378,731
Aquila,135254,18
Aquila,194550,593
Aquila,141363,724
Aquila,150022,389
Aquila,139545,90
Aquila,153669,701
Aquila,180465,31
Aquila,183210,355
Aquila,154799,169
Aquila,106193,751
Aquila,115203,387
Aquila,177333,482
Aquila,167639,935
Aquila,165817,604
Aquila,134990,467
Aquila,159915,105
Aquila,120545,63
Aquila,130322,532
Aquila,173728,761
Aquila,108148,757
Aquila,163129,168
Aquila,149948,399
Aquila,126151,560
Aquila,196708,799
Aquila,149397,70
Aquila,180833,344
Aquila,140050,969
Aquila,135066,948
Aquila,140092,429
Aquila,146567,580
Aquila,180222,345
Aquila,171534,279
Aquila,130609,578
Aquila,155587,283
Aquila,136520,545
Aquila,131455,391
Aquila,115849,396
Aquila,127489,479
Aquila,192682,611
Aquila,106686,363
Aquila,177534,728
Aquila,186554,101
Aquila,125886,175
Aquila,103458,90
Aquila,142564,4
Aquila,190369,956
Aquila,117798,353
Aquila,153565,381
Aquila,172622,518
Aquila,188169,970
Aquila,104645,567
Aquila,122050,802
Aquila,106546,882
Aquila,164572,432
Aquila,109204,707
Aquila,197802,106
Aquila,100459,146
Aquila,144816,293
Aquila,124512,991
Aquila,106313,574
Aquila,168440,15
Aquila,184800,670
Aquila,151508,586
Aquila,116390,182
Aquila,150051,547
Aquila,184713,136
Aquila,125245,283
Aquila,138533,733
Aquila,194818,362
Aquila,182556,827
Aquila,171713,361
Aquila,194077,745
Aquila,153551,418
Aquila,197304,728
Aquila,121105,825
Aquila,168341,523
Aquila,115744,196
Aquila,177824,537
Aquila,198036,232
Aquila,136611,215
Aquila,191978,226
Aquila,155640,347
Aquila,131916,304
Aquila,175548,996
Aquila,169583,244
Aquila,144975,230
Aquila,120550,961
Aquila,177368,74
Aquila,122596,644
Anne,105906,23
Anne,194847,327
Anne,111598,591
Anne,187842,573
Anne,141938,797
Anne,120337,871
Anne,136639,740
Anne,103665,377
Anne,155862,5
Anne,153725,913
Anne,135711,626
Anne,104437,728
Anne,145756,473
Anne,114072,782
Anne,186870,623
Anne,199207,284
Anne,195137,608
Anne,172304,604
Anne,105784,804
Anne,123675,682
Anne,123131,571
Anne,176610,836
Anne,193644,45
Anne,176920,652
Anne,106482,34
Anne,166880,310
Anne,134056,50
Anne,112337,819
Anne,166487,2
Anne,138273,387
Anne,153292,256
Anne,146605,830
Anne,116112,691
Anne,179918,617
Anne,128429,401
Anne,139969,204
Anne,169687,865
Anne,111774,829
Anne,100499,166
Anne,126484,279
Anne,174824,859
Anne,104714,524
Anne,152046,667
Anne,165755,885
Anne,137789,587
Anne,101141,1
Anne,121796,233
Anne,151596,742
Anne,154195,170
Anne,189513,504
Anne,173311,400
Anne,127482,786
Anne,126366,203
Anne,195626,466
Anne,173660,180
Anne,123230,365
Anne,114987,829
Anne,122182,413
Anne,182039,732
Anne,106213,173
Anne,109054,767
Anne,193015,930
Anne,129618,980
Anne,109320,833
Anne,173065,879
Anne,106431,245
Anne,141107,852
Anne,192430,777
Anne,133702,779
Anne,187047,240
Anne,179207,57
Anne,173392,771
Anne,115723,796
Anne,110690,169
Anne,107498,312
Anne,192050,589
Anne,182130,613
Anne,166014,511
Anne,118819,590
Anne,116428,403
Anne,190825,835
Anne,161182,754
Anne,174274,928
Anne,160290,986
Anne,144220,415
Anne,135614,500
Anne,109532,551
Anne,132071,171
Anne,145919,959
Anne,127142,298
Anne,107014,895
Anne,171459,577
Anne,186718,699
Anne,115639,752
Anne,135249,443
Anne,185821,375
Anne,165241,893
Anne,181614,521
Anne,136225,910
Anne,175079,501
Anne,151405,517
Anne,167465,382
Anne,145656,153
Anne,180338,458
Anne,147227,359
Anne,104455,248
Anne,109039,743
Anne,166299,266
Anne,124059,971
Anne,115740,54
Anne,177719,133
Anne,157240,373
Anne,108926,510
Anne,188888,94
Anne,120162,484
Anne,188325,571
Anne,162866,78
Anne,195622,642
Anne,154745,470
Anne,154739,406
Anne,176814,121
Anne,132073,111
Anne,146585,645
Anne,167173,461
Anne,159461,930
Anne,148670,267
Anne,199094,495
Anne,125581,726
Anne,149391,509
Anne,170955,379
Anne,185424,776
Anne,152494,744
Anne,190161,979
Anne,146633,19
Anne,185577,195
Anne,138879,557
Anne,125885,880
Anne,171801,707
Anne,150204,706
Anne,102389,839
Anne,112966,667
Anne,119778,833
Anne,163952,777
Anne,103587,2
Anne,196639,599
Anne,156203,372
Anne,125489,858
Anne,148984,858
Anne,148453,550
Anne,132442,319
Anne,190044,34
Anne,152187,866
Anne,102388,456
Anne,186347,151
Anne,121183,968
Anne,172055,857
Anne,127483,199
Anne,106355,246
Anne,123198,316
Anne,176134,190
Anne,149181,325
Anne,192542,991
Anne,165413,812
Anne,154348,608
Anne,192509,865
Anne,148868,126
Anne,129508,273
Anne,173921,599
Anne,124163,861
Anne,152592,151
Anne,187857,799
Anne,129207,572
Anne,160376,797
Anne,196390,939
Anne,179894,678
Anne,196421,829
Anne,169039,235
Anne,185101,582
Anne,165285,903
Anne,176256,180
Anne,102686,50
Anne,192579,719
Anne,183838,183
Anne,168935,567
Anne,141100,444
Anne,133690,48
Anne,119883,929
Anne,182299,51
Anne,179521,596
Anne,130035,737
Anne,186987,748
Anne,130288,616
Anne,118183,182
Anne,160718,130
Anne,149494,410
Anne,146931,661
Anne,150021,112
Anne,168793,626
Anne,138427,782
Anne,102929,393
Anne,156425,342
Anne,129047,836
Anne,173460,478
Anne,133327,736
Anne,111121,276
Anne,190524,150
Anne,103786,738
Anne,148148,461
Anne,113423,447
Anne,105417,893
Anne,137184,542
Anne,177201,550
Anne,110640,692
Anne,112305,461
Anne,154295,15
Anne,139235,205
Anne,137022,600
Anne,114689,951
Anne,118417,498
Anne,185709,394
Anne,181915,473
Anne,135120,766
Anne,148486,590
Anne,196918,937
Anne,159402,10
Anne,187579,920
Anne,141267,264
Anne,153358,679
Anne,156297,216
Anne,178995,704
Anne,174543,42
Anne,169240,174
Anne,148403,234
Anne,133980,748
Anne,129567,671
Anne,161444,759
Anne,108876,431
Anne,170044,463
Anne,181174,876
Anne,182991,592
Anne,144192,829
Anne,112695,355
Anne,164245,773
Anne,174729,566
Anne,170198,218
Anne,158737,725
Anne,165286,13
Anne,140654,5
Anne,130024,143
Anne,179638,91
Anne,186288,169
Anne,119682,503
Anne,127765,225
Anne,103538,47
Anne,185056,263
Anne,167985,444
Anne,136191,136
Anne,165316,114
Anne,196020,804
Anne,179987,786
Anne,111183,954
Anne,187435,39
Anne,146734,731
Anne,128336,172
Anne,143153,760
Anne,183268,202
Anne,169410,819
Anne,124415,308
Anne,121644,99
Anne,190986,722
Anne,183072,980
Anne,113839,836
Anne,137011,890
Anne,194836,891
Anne,196966,416
Anne,143700,726
Anne,101021,231
Anne,128937,659
Anne,129760,380
Anne,187054,450
Anne,167016,214
Anne,141662,9
Anne,197358,803
Anne,159140,96
Anne,153593,212
Anne,180141,982
Anne,157746,146
Anne,108834,959
Anne,173897,841
Anne,184334,978
Anne,172234,692
Anne,183182,187
Anne,182072,542
Anne,122723,966
Anne,198389,310
Anne,170610,825
Anne,157104,451
Anne,140069,171
Anne,183372,929
Anne,182120,828
Anne,144938,464
Anne,174946,429
Anne,145592,249
Anne,147684,22
Anne,154574,291
Anne,182084,67
Anne,184065,126
Anne,123950,363
Anne,199022,876
Anne,126297,52
Anne,161332,998
Anne,159460,415
Anne,101821,7
Anne,164760,392
Anne,178788,88
Anne,194774,889
Anne,163426,94
Anne,113202,9
Anne,140280,168
Anne,132910,845
Anne,135636,806
Anne,172133,477
Anne,192820,305
Anne,135729,822
Anne,126733,590
Anne,139562,723
Anne,141714,285
Anne,128352,747
Anne,127695,904
Anne,148607,811
Anne,149683,969
Anne,156141,484
Anne,151048,8
Anne,175635,625
Anne,175382,51
Anne,177025,746
Anne,153268,735
Anne,102942,866
Anne,192993,798
Anne,137598,667
Anne,181182,950
Anne,179890,450
Anne,182624,797
Anne,111979,876
Anne,153290,419
Anne,140057,686
Anne,171248,488
Anne,106693,163
Anne,123118,890
Anne,151414,252
Anne,170162,719
Anne,197949,902
Anne,184664,9
Anne,118316,262
Anne,165693,734
Anne,186631,344
Anne,179139,414
Anne,191367,645
Anne,151991,561
Anne,103246,284
Anne,183387,738
Anne,194689,194
Anne,174588,617
Anne,118039,362
Anne,107836,812
Anne,167732,870
Anne,141292,392
Anne,194277,425
Anne,170236,724
Anne,169074,117
Anne,193312,738
Anne,117892,721
Anne,159522,442
Anne,131685,912
Anne,173245,668
Anne,141345,408
Anne,178395,660
Anne,110837,232
Anne,167361,996
Anne,107942,961
Anne,140157,279
Anne,139390,946
Anne,147969,818
Anne,139115,110
Anne,123415,738
Anne,148323,645
Anne,130924,275
Anne,115007,564
Anne,193507,303
Anne,105101,795
Anne,167119,512
Anne,188605,184
Anne,188753,730
Anne,132365,173
Anne,143963,94
Anne,126225,360
Anne,116129,849
Anne,119990,411
Anne,150108,513
Anne,180908,745
Anne,156092,121
Anne,134594,563
Anne,107980,172
Anne,123373,346
Anne,153941,677
Anne,103652,624
Anne,161060,773
Anne,165177,784
Anne,179185,793
Anne,180875,262
Anne,195757,694
Anne,183591,217
Anne,112675,907
Anne,134955,645
Anne,114397,480
Anne,105044,145
Anne,175576,957
Anne,121993,101
Anne,171780,647
Anne,143137,674
Anne,128329,647
Anne,182189,814
Anne,158464,643
Anne,108503,863
Anne,178149,685
Anne,151882,150
Anne,102775,403
Anne,176691,490
Anne,168170,795
Anne,189550,715
Anne,161200,489
Anne,120989,311
Anne,166489,952
Anne,126160,945
Anne,156745,230
Anne,198101,790
Anne,197322,94
Anne,108905,96
Anne,108200,970
Anne,167397,217
Anne,191501,936
Anne,153438,30
Anne,156505,513
Anne,124343,998
Anne,160201,118
Anne,168902,845
Anne,106195,922
Anne,118828,333
Anne,184657,378
Anne,169673,883
Anne,199947,206
Anne,148172,289
Anne,128401,163
Anne,103152,405
Anne,119701,70
Anne,137113,595
Anne,104566,915
Anne,114921,450
Anne,144262,90
Anne,143643,455
Anne,166711,473
Anne,179429,505
Anne,138145,686
Anne,193066,201
Anne,140325,795
Anne,183288,98
Anne,117444,155
Anne,107044,882
Anne,177496,995
Anne,108789,696
Anne,147312,928
Anne,130278,765
Anne,114044,50
Anne,123580,264
Anne,154218,682
Anne,183455,878
Anne,107552,785
Anne,107386,398
Anne,164162,691
Anne,136402,949
Anne,139968,234
Anne,136921,51
Anne,191867,546
Anne,175093,960
Anne,146532,121
Anne,146466,637
Anne,199729,16
Anne,189142,912
Anne,155201,346
Anne,165259,75
Anne,111912,321
Anne,110294,438
Anne,104547,489
Anne,125210,511
Anne,115361,790
Anne,119557,711
Anne,138031,13
Anne,147362,486
Anne,104161,815
Anne,187916,636
Anne,192822,783
Anne,120144,666
Anne,149147,49
Anne,150449,982
Anne,138847,442
Anne,117321,390
Anne,108136,138
Anne,191131,561
Anne,101608,944
Anne,115621,49
Anne,153020,182
Anne,144251,234
Anne,130667,546
Anne,168445,82
Anne,185969,183
Anne,145669,463
Anne,135856,868
Anne,185128,896
Anne,118892,937
Anne,187102,101
Anne,193633,675
Anne,145813,759
Anne,109125,370
Anne,198751,383
Anne,180674,183
Anne,123895,741
Anne,169932,562
Anne,186143,253
Anne,159245,618
Anne,164035,953
Anne,112220,182
Anne,114435,744
Anne,139921,940
Anne,133540,154
Anne,100493,179
Anne,196161,630
Anne,129773,384
Anne,129678,875
Anne,156035,995
Anne,107767,989
Anne,197535,690
Anne,161654,104
Anne,174640,129
Anne,105553,117
Anne,130751,26
Anne,193602,936
Anne,173133,888
Anne,125899,261
Anne,114932,595
Anne,132866,956
Anne,127740,982
Anne,116896,211
Anne,192182,636
Anne,101952,869
Anne,106794,306
Anne,173373,187
Anne,195345,887
Anne,143318,744
Anne,168178,248
Anne,187288,151
Anne,135188,782
Anne,140817,301
Anne,163508,180
Anne,112810,342
Anne,105399,202
Anne,129041,663
Anne,167877,393
Anne,146344,656
Anne,171682,682
Anne,165511,558
Anne,105127,332
Anne,126976,436
Anne,182144,322
Anne,153805,692
Anne,113738,581
Anne,112937,97
Anne,105799,902
Anne,137046,526
Anne,136873,427
Anne,167734,852
Anne,143997,468
Anne,158263,460
Anne,144579,91
Anne,143366,241
Anne,127542,506
Anne,166163,20
Anne,132540,486
Anne,159976,284
Anne,155851,635
Anne,138851,202
Anne,120742,669
Anne,198987,802
Anne,123797,717
Anne,150505,295
Anne,163673,682
Anne,189938,97
Anne,141310,166
Anne,180555,201
Anne,155959,832
Anne,151539,574
Anne,108108,736
Anne,110173,941
Anne,182704,249
Anne,121455,685
Anne,132749,817
Anne,192066,207
Anne,196293,109
Anne,186644,676
Anne,165212,67
Anne,109856,614
Anne,197967,792
Anne,104898,168
Anne,171853,864
Anne,190045,579
Anne,147631,469
Anne,101906,340
Anne,135099,353
Anne,113683,707
Anne,147469,312
Anne,186095,680
Anne,118225,44
Anne,180108,519
Anne,121431,671
Anne,136686,82
Anne,126855,579
Anne,115015,301
Anne,177327,19
Anne,162438,995
Anne,118924,857
Anne,197023,280
Anne,173018,156
Anne,169231,31
Anne,179613,183
Anne,164524,969
Anne,181342,837
Anne,117422,434
Anne,196534,942
Anne,199147,219
Anne,121279,888
Anne,167862,834
Anne,104277,373
Anne,122169,953
Anne,145282,279
Anne,113188,40
Anne,107028,821
Anne,149725,180
Anne,166035,904
Anne,127970,708
Anne,132230,968
Anne,193682,889
Anne,197785,438
Anne,186285,682
Anne,127472,631
Anne,177110,521
Anne,186251,942
Anne,145894,736
Anne,157834,125
Anne,153120,517
Anne,178301,309
Anne,130779,668
Anne,139055,407
Anne,129661,524
Anne,128043,179
Anne,138964,424
Anne,179820,636
Anne,191316,838
Anne,145355,825
Anne,162748,18
Anne,156808,700
Anne,163046,601
Anne,113485,5
Anne,189639,661
Anne,111234,108
Anne,197584,217
Anne,157383,354
Anne,177990,210
Anne,154325,818
Anne,155771,791
Anne,149273,488
Anne,178107,35
Anne,102498,629
Anne,132712,511
Anne,122330,224
Anne,182854,182
Anne,174038,564
Anne,140478,145
Anne,154476,363
Anne,171815,336
Anne,171162,259
Anne,147665,970
Anne,155621,452
Anne,107192,239
Anne,154803,615
Anne,158705,82
Anne,163868,166
Anne,191688,253
Anne,162250,82
Anne,101445,972
Anne,181970,298
Anne,131671,937
Anne,159314,518
Anne,171177,298
Anne,133331,251
Anne,110232,44
Anne,114106,65
Anne,180364,667
Anne,114588,522
Anne,172049,769
Anne,167406,730
Anne,141971,692
Anne,156194,801
Anne,178368,491
Anne,129273,457
Anne,102571,933
Anne,196204,28
Anne,196211,382
Anne,110376,305
Anne,194762,529
Anne,138540,974
Anne,190172,341
Anne,184846,100
Anne,159908,213
Anne,172040,428
Anne,192798,724
Anne,174660,446
Anne,154678,282
Anne,183755,41
Anne,167135,411
Anne,140380,798
Anne,163001,695
Anne,179740,120
Anne,189913,29
Anne,115093,192
Anne,154048,291
Anne,190675,143
Anne,167077,504
Anne,189923,418
Anne,154911,68
Anne,173289,347
Anne,159349,694
Anne,194889,768
Anne,173201,249
Anne,147570,823
Anne,187770,461
Anne,125517,228
Anne,130112,719
Anne,156782,51
Anne,154856,777
Anne,152294,756
Anne,182671,581
Anne,192345,33
Anne,112257,763
Anne,158616,116
Anne,101639,442
Anne,156804,62
Anne,143736,307
Anne,177220,851
Anne,163178,348
Anne,175092,224
Anne,149266,458
Anne,149208,840
Anne,193456,489
Anne,180255,6
Anne,141314,411
Anne,162710,3
Anne,117691,294
Anne,195969,428
Anne,137478,701
Anne,134810,83
Anne,122742,171
Anne,171521,972
Anne,165907,838
Anne,123459,999
Anne,136383,170
Anne,196463,776
Anne,130998,293
Anne,161686,685
Anne,175118,803
Anne,133080,334
Anne,162733,796
Anne,114480,255
Anne,158194,345
Anne,161008,347
Anne,164351,495
Anne,103084,503
Anne,113662,582
Anne,195155,731
Anne,125653,967
Anne,186574,571
Anne,181409,253
Anne,167977,246
Anne,129459,638
Anne,132377,414
Anne,126040,90
Anne,147272,6
Anne,126783,455
Anne,188011,897
Anne,147671,394
Anne,193292,636
Anne,156657,365
Anne,138880,42
Anne,126253,561
Anne,146770,607
Anne,131141,411
Anne,138081,490
Anne,178004,382
Anne,191694,627
Anne,199989,70
Anne,107627,334
Anne,182593,670
Anne,149758,816
Anne,119390,690
Anne,126671,846
Anne,110514,28
Anne,100627,147
Anne,126630,994
Anne,129436,360
Anne,199003,231
Anne,123211,270
Anne,169710,850
Anne,191793,343
Anne,189669,752
Anne,105913,116
Anne,108720,593
Anne,174277,619
Anne,197976,437
Anne,186652,650
Anne,145034,826
Anne,185752,766
Anne,145905,187
Anne,175401,87
Anne,155356,574
Anne,143646,938
Anne,136218,853
Anne,128935,526
Anne,164773,833
Anne,134914,840
Anne,194655,463
Anne,145644,821
Anne,162005,86
Anne,147887,188
Anne,113736,93
Anne,119910,53
Anne,171443,550
Anne,150564,866
Anne,139005,792
Anne,147308,460
Anne,178696,102
Anne,170329,537
Anne,145508,325
Anne,152028,708
Anne,166289,415
Anne,111761,330
Anne,146502,487
Anne,182778,118
Anne,165809,255
Anne,114967,877
Anne,108674,710
Anne,188081,817
Anne,101517,132
Anne,149645,766
Anne,121922,241
Anne,115580,355
Anne,198899,451
Anne,192655,316
Anne,133853,310
Anne,133182,703
Anne,174568,601
Anne,189635,392
Anne,129530,910
Anne,187222,213
Anne,161388,772
Anne,115006,480
Anne,140592,568
Anne,125829,666
Anne,181358,162
Anne,178025,972
Anne,173955,36
Anne,112973,804
Anne,176669,615
Anne,141251,789
Anne,190983,452
Anne,179256,904
Anne,151412,873
Anne,178243,822
Anne,130551,859
Anne,140266,664
Anne,162682,642
Anne,124087,732
Anne,159797,439
Anne,141895,995
Anne,155088,303
Anne,141633,696
Anne,199380,106
Anne,155792,463
Anne,153595,797
Anne,117234,257
Anne,142528,94
Anne,159436,300
Anne,179111,283
Anne,155709,281
Anne,104823,563
Anne,103747,191
Anne,128491,602
Anne,143934,446
Anne,116623,787
Anne,131457,807
Anne,149644,405
Anne,179983,84
Anne,188566,60
Anne,101703,9
Anne,196472,532
Anne,103484,521
Anne,113905,303
Anne,149483,716
Anne,138950,703
Anne,182908,767
Anne,140893,338
Anne,133380,296
Anne,110896,126
Anne,113600,842
Anne,121428,479
Anne,185522,208
Anne,129417,798
Anne,174086,359
Anne,115481,555
Anne,189888,373
Anne,104932,539
Anne,138935,996
Anne,151781,796
Anne,140698,495
Anne,175050,168
Anne,193474,160
Anne,162260,751
Anne,129314,918
Anne,146198,737
Anne,155869,107
Anne,116880,233
Anne,124112,310
Anne,177572,167
Anne,117006,753
Anne,122430,557
Anne,151320,128
Anne,196949,562
Anne,179045,671
Anne,159726,273
Anne,121283,743
Anne,172166,362
Anne,115345,424
Anne,101121,843
Anne,172374,365
Anne,148804,873
Anne,143804,763
Anne,101536,519
Anne,172259,980
Anne,108969,704
Anne,107143,344
Anne,155967,704
Anne,104419,727
Anne,145024,458
Anne,155846,31
Anne,120014,786
Anne,114306,597
Anne,155691,633
Anne,147465,614
Anne,158287,519
Anne,124592,447
Anne,182068,640
Anne,126519,270
Anne,159145,130
Anne,165120,761
Anne,158366,180
Anne,185806,320
Anne,113465,528
Anne,179336,230
Anastasia,100134,556
Anastasia,124125,203
Anastasia,187158,327
Anastasia,140696,364
Anastasia,142002,211
Anastasia,127570,407
Anastasia,110718,409
Anastasia,189425,730
Anastasia,189265,92
Anastasia,124799,330
Anastasia,166506,611
Anastasia,146690,72
Anastasia,119257,289
Anastasia,133047,737
Anastasia,143195,843
Anastasia,191707,454
Anastasia,188716,211
Anastasia,185204,267
Anastasia,144475,198
Anastasia,118007,433
Anastasia,139733,829
Anastasia,163184,854
Anastasia,145055,752
Anastasia,152776,584
Anastasia,116820,748
Anastasia,198196,221
Anastasia,167199,671
Anastasia,124728,982
Anastasia,105964,968
Anastasia,124075,297
Anastasia,138274,886
Anastasia,182686,975
Anastasia,194487,500
Anastasia,164438,999
Anastasia,127265,183
Anastasia,160981,759
Anastasia,127462,501
Anastasia,133786,905
Anastasia,198908,529
Anastasia,147932,813
Anastasia,187642,896
Anastasia,112674,159
Anastasia,107619,628
Anastasia,173878,290
Anastasia,124598,406
Anastasia,107089,413
Anastasia,181443,491
Anastasia,116522,335
Anastasia,113622,865
Anastasia,165596,216
Anastasia,158930,36
Anastasia,188652,689
Anastasia,170521,254
Anastasia,176740,910
Anastasia,136477,879
Anastasia,124664,715
Anastasia,171817,997
Anastasia,182399,583
Anastasia,149358,969
Anastasia,159917,376
Anastasia,109231,305
Anastasia,118613,874
Anastasia,170789,156
Anastasia,140226,689
Anastasia,127563,720
Anastasia,152095,71
Anastasia,101799,954
Anastasia,162343,166
Anastasia,133318,383
Anastasia,123258,730
Anastasia,169500,407
Anastasia,140606,923
Anastasia,103164,645
Anastasia,165727,778
Anastasia,172821,988
Anastasia,172706,14
Anastasia,127950,201
Anastasia,197617,23
Anastasia,189259,408
Anastasia,136600,35
Anastasia,115542,827
Anastasia,163904,971
Anastasia,160156,976
Anastasia,187918,317
Anastasia,191833,423
Anastasia,177988,257
Anastasia,185405,196
Anastasia,175838,471
Anastasia,146450,788
Anastasia,145122,255
Anastasia,144822,181
Anastasia,175918,511
Anastasia,158847,592
Anastasia,115218,283
Anastasia,138128,44
Anastasia,183059,999
Anastasia,126082,61
Anastasia,192427,245
Anastasia,164441,436
Anastasia,171987,321
Anastasia,138891,943
Anastasia,130703,794
Anastasia,104675,553
Anastasia,134903,421
Anastasia,195055,700
Anastasia,148504,612
Anastasia,184421,407
Anastasia,132031,80
Anastasia,198781,758
Anastasia,107544,63
Anastasia,191442,841
Anastasia,154885,459
Anastasia,180611,260
Anastasia,174418,336
Anastasia,161400,905
Anastasia,148512,208
Anastasia,171703,108
Anastasia,114650,366
Anastasia,109620,186
Anastasia,199601,51
Anastasia,173204,891
Anastasia,198271,297
Anastasia,131873,715
Anastasia,154671,920
Anastasia,169451,754
Anastasia,179032,938
Anastasia,149967,306
Anastasia,142728,708
Anastasia,150941,9
Anastasia,104162,170
Anastasia,176242,917
Anastasia,132210,978
Anastasia,151078,728
Anastasia,134863,193
Anastasia,159736,831
Anastasia,185313,420
Anastasia,187185,622
Anastasia,163401,407
Anastasia,134225,583
Anastasia,111213,97
Anastasia,128587,978
Anastasia,134390,582
Anastasia,189076,817
Anastasia,105928,703
Anastasia,158943,66
Anastasia,132876,496
Anastasia,117267,917
Anastasia,188873,316
Anastasia,190590,478
Anastasia,175223,55
Anastasia,101187,300
Anastasia,123085,901
Anastasia,111421,899
Anastasia,176066,630
Anastasia,120320,64
Anastasia,142547,519
Anastasia,117053,391
Anastasia,185608,628
Anastasia,191423,669
Anastasia,188212,752
Anastasia,123585,664
Anastasia,127928,452
Anastasia,134020,179
Anastasia,131707,569
Anastasia,155804,723
Anastasia,143967,814
Anastasia,190033,873
Anastasia,113866,929
Anastasia,132957,63
Anastasia,190918,389
Anastasia,163582,282
Anastasia,190399,346
Anastasia,146946,219
Anastasia,114463,334
Anastasia,196240,314
Anastasia,175514,869
Anastasia,151887,713
Anastasia,106836,730
Anastasia,140776,900
Anastasia,176603,550
Anastasia,140866,58
Anastasia,194288,189
Anastasia,130144,98
Anastasia,115053,411
Anastasia,149495,398
Anastasia,116754,735
Anastasia,158214,26
Anastasia,138782,781
Anastasia,143657,776
Anastasia,122175,316
Anastasia,121269,171
Anastasia,102859,318
Anastasia,178677,688
Anastasia,160562,554
Anastasia,140974,382
Anastasia,176319,599
Anastasia,190800,743
Anastasia,113402,491
Anastasia,104034,582
Anastasia,140744,878
Anastasia,106531,335
Anastasia,183490,116
Anastasia,179557,272
Anastasia,198652,286
Anastasia,110808,435
Anastasia,186555,236
Anastasia,169784,519
Anastasia,165976,654
Anastasia,138373,835
Anastasia,138488,406
Anastasia,100596,389
Anastasia,138235,961
Anastasia,116618,76
Anastasia,178157,133
Anastasia,107321,451
Anastasia,139261,990
Anastasia,163983,216
Anastasia,185006,942
Anastasia,124832,545
Anastasia,133698,993
Anastasia,190482,571
Anastasia,193093,973
Anastasia,190196,946
Anastasia,187686,452
Anastasia,101863,285
Anastasia,120436,931
Anastasia,199383,457
Anastasia,151876,313
Anastasia,102950,810
Anastasia,137808,200
Anastasia,137854,467
Anastasia,104531,476
Anastasia,199362,204
Anastasia,107962,995
Anastasia,137004,817
Anastasia,139024,350
Anastasia,139878,447
Anastasia,105896,863
Anastasia,198410,652
Anastasia,138683,107
Anastasia,139839,475
Anastasia,135723,998
Anastasia,198152,319
Anastasia,157016,196
Anastasia,174255,388
Anastasia,183731,965
Anastasia,110409,848
Anastasia,116830,443
Anastasia,117614,149
Anastasia,112803,747
Anastasia,168839,629
Anastasia,186746,887
Anastasia,132450,502
Anastasia,125511,102
Anastasia,117420,639
Anastasia,184044,802
Anastasia,124419,732
Anastasia,180360,679
Anastasia,175085,395
Anastasia,157549,626
Anastasia,136914,683
Anastasia,104313,987
Anastasia,192209,159
Anastasia,144099,482
Anastasia,148329,451
Anastasia,193721,276
Anastasia,199829,590
Anastasia,191194,760
Anastasia,193592,677
Anastasia,151705,10
Anastasia,129132,336
Anastasia,133172,198
Anastasia,108701,898
Anastasia,153983,651
Anastasia,186465,373
Anastasia,134546,649
Anastasia,109334,253
Anastasia,125461,669
Anastasia,195632,547
Anastasia,158365,871
Anastasia,137049,849
Anastasia,111104,525
Anastasia,167207,381
Anastasia,129846,248
Anastasia,124425,69
Anastasia,157736,238
Anastasia,156882,962
Anastasia,117209,264
Anastasia,176381,259
Anastasia,153746,142
Anastasia,176677,105
Anastasia,140615,920
Anastasia,155623,381
Anastasia,137408,845
Anastasia,114983,954
Anastasia,156904,579
Anastasia,127149,693
Anastasia,172273,612
Anastasia,187970,279
Anastasia,133496,77
Anastasia,150304,397
Anastasia,174409,226
Anastasia,138933,718
Anastasia,153930,50
Anastasia,137291,385
Anastasia,106615,658
Anastasia,112109,916
Anastasia,137036,793
Anastasia,196786,874
Anastasia,188798,922
Anastasia,105003,175
Anastasia,164189,849
Anastasia,132355,127
Anastasia,199892,620
Anastasia,122957,58
Anastasia,172140,894
Anastasia,158894,775
Anastasia,143965,42
Anastasia,124053,89
Anastasia,137634,681
Anastasia,176915,292
Anastasia,123643,728
Anastasia,116088,623
Anastasia,137956,652
Anastasia,121343,851
Anastasia,118906,497
Anastasia,128547,252
Anastasia,155456,778
Anastasia,173012,24
Anastasia,174231,690
Anastasia,196497,993
Anastasia,122887,740
Anastasia,186110,631
Anastasia,145244,491
Anastasia,194452,309
Anastasia,162163,280
Anastasia,140590,734
Anastasia,180793,421
Anastasia,168014,513
Anastasia,183967,331
Anastasia,129115,594
Anastasia,187641,359
Anastasia,195328,800
Anastasia,171059,335
Anastasia,148012,113
Anastasia,123176,93
Anastasia,165869,460
Anastasia,192688,78
Anastasia,114552,347
Anastasia,147231,402
Anastasia,143065,326
Anastasia,141382,675
Anastasia,112467,321
Anastasia,172575,157
Anastasia,170228,326
Anastasia,136898,943
Anastasia,181665,275
Anastasia,144432,82
Anastasia,152785,352
Anastasia,157235,633
Anastasia,176956,801
Anastasia,141016,495
Anastasia,145735,686
Anastasia,130919,669
Anastasia,177820,990
Anastasia,165359,829
Anastasia,145856,180
Anastasia,164062,753
Anastasia,159790,5
Anastasia,129058,720
Anastasia,198002,829
Anastasia,172594,674
Anastasia,109115,759
Anastasia,140356,510
Anastasia,173554,176
Anastasia,117085,302
Anastasia,119819,871
Anastasia,133557,704
Anastasia,187838,44
Anastasia,126232,313
Anastasia,112561,16
Anastasia,195224,180
Anastasia,179157,200
Anastasia,140715,864
Anastasia,117520,88
Anastasia,140118,244
Anastasia,171376,511
Anastasia,134354,275
Anastasia,140836,17
Anastasia,194757,144
Anastasia,109626,402
Anastasia,121231,599
Anastasia,100352,259
Anastasia,191896,544
Anastasia,130972,678
Anastasia,102176,809
Anastasia,160851,632
Anastasia,186068,56
Anastasia,123800,213
Anastasia,199479,62
Anastasia,191738,576
Anastasia,113356,83
Anastasia,179367,530
Anastasia,130680,751
Anastasia,128620,722
Anastasia,181770,71
Anastasia,145885,359
Anastasia,194576,801
Anastasia,161053,260
Anastasia,137697,287
Anastasia,166494,796
Anastasia,171956,665
Anastasia,134453,2
Anastasia,126138,98
Anastasia,132487,334
Anastasia,164013,902
Anastasia,151261,382
Anastasia,152032,413
Anastasia,148847,806
Anastasia,131823,259
Anastasia,151908,988
Anastasia,165977,429
Anastasia,112331,510
Anastasia,158703,896
Anastasia,152998,306
Anastasia,148742,6
Anastasia,175749,760
Anastasia,157639,898
Anastasia,159423,2
Anastasia,124822,36
Anastasia,128652,478
Anastasia,135793,670
Anastasia,182555,127
Anastasia,189333,911
Anastasia,186716,127
Anastasia,131591,531
Anastasia,198073,660
Anastasia,175036,886
Anastasia,123341,463
Anastasia,170792,536
Anastasia,110179,340
Anastasia,159651,216
Anastasia,152755,932
Anastasia,111225,25
Anastasia,108868,658
Anastasia,153077,793
Anastasia,135571,700
Anastasia,121634,268
Anastasia,161096,630
Anastasia,184039,383
Anastasia,155194,984
Anastasia,154338,710
Anastasia,161667,737
Anastasia,167899,201
Anastasia,151020,145
Anastasia,103743,780
Anastasia,151626,432
Anastasia,133145,575
Anastasia,122632,755
Anastasia,103685,675
Anastasia,174605,165
Anastasia,132492,366
Anastasia,133266,806
Anastasia,191871,483
Anastasia,114554,151
Anastasia,149272,130
Anastasia,142930,174
Anastasia,130619,620
Anastasia,174199,929
Anastasia,140449,736
Anastasia,102948,796
Anastasia,139376,741
Anastasia,128711,939
Anastasia,177907,860
Anastasia,127774,140
Anastasia,145929,372
Anastasia,192400,505
Anastasia,179067,707
Anastasia,115106,854
Anastasia,100916,166
Anastasia,179358,635
Anastasia,155218,926
Anastasia,119680,173
Anastasia,129242,902
Anastasia,144787,443
Anastasia,150914,204
Anastasia,132753,898
Anastasia,170889,437
Anastasia,183078,541
Anastasia,102225,122
Anastasia,102265,749
Anastasia,153393,590
Anastasia,119485,937
Anastasia,199786,81
Anastasia,193471,690
Anastasia,170107,199
Anastasia,164660,385
Anastasia,129771,17
Anastasia,137341,57
Anastasia,190574,993
Anastasia,167032,952
Anastasia,159311,181
Anastasia,194583,966
Anastasia,103034,103
Anastasia,147922,788
Anastasia,106311,254
Anastasia,198744,281
Anastasia,184210,736
Anastasia,126325,216
Anastasia,196429,751
Anastasia,189152,578
Anastasia,147412,151
Anastasia,115975,609
Anastasia,182735,871
Anastasia,139716,944
Anastasia,136683,393
Anastasia,192731,727
Anastasia,139717,973
Anastasia,115444,526
Anastasia,122819,230
Anastasia,121461,947
Anastasia,172729,378
Anastasia,105797,935
Anastasia,177582,323
Anastasia,123404,901
Anastasia,116988,722
Anastasia,151517,148
Anastasia,132333,449
Anastasia,114223,407
Anastasia,112878,924
Anastasia,174244,241
Anastasia,192602,264
Anastasia,124113,775
Anastasia,136551,568
Anastasia,181711,996
Anastasia,120700,974
Anastasia,169032,280
Anastasia,180748,741
Anastasia,195718,12
Anastasia,163143,995
Anastasia,152199,862
Anastasia,194051,685
Anastasia,123161,849
Anastasia,182230,673
Anastasia,105857,161
Anastasia,155407,452
Anastasia,113892,494
Anastasia,160559,469
Anastasia,153090,387
Anastasia,141115,38
Anastasia,154271,232
Anastasia,155975,136
Anastasia,170296,747
Anastasia,135604,665
Anastasia,139560,998
Anastasia,134793,927
Anastasia,113703,614
Anastasia,164499,242
Anastasia,162252,407
Anastasia,110987,228
Anastasia,117191,547
Anastasia,143192,479
Anastasia,142777,809
Anastasia,175040,688
Anastasia,126708,452
Anastasia,163186,278
Anastasia,161307,606
Anastasia,129655,88
Anastasia,150063,229
Anastasia,153800,462
Anastasia,130565,989
Anastasia,131169,241
Anastasia,186291,166
Anastasia,130052,818
Anastasia,103664,555
Anastasia,194066,362
Anastasia,177093,837
Anastasia,149606,477
Anastasia,139512,23
Anastasia,184882,626
Anastasia,121656,301
Anastasia,161427,751
Anastasia,182358,244
Anastasia,146418,346
Anastasia,153228,33
Anastasia,195919,654
Anastasia,135084,817
Anastasia,172581,311
Anastasia,150008,232
Anastasia,136000,48
Anastasia,136122,560
Anastasia,122335,876
Anastasia,199364,403
Anastasia,144521,260
Anastasia,110225,559
Anastasia,115768,366
Anastasia,106372,261
Anastasia,183095,563
Anastasia,137133,322
Anastasia,158414,871
Anastasia,169477,362
Anastasia,197480,136
Anastasia,117140,148
Anastasia,187431,175
Anastasia,146497,250
Anastasia,138231,157
Anastasia,133715,912
Anastasia,120617,552
Anastasia,177974,164
Anastasia,180074,384
Anastasia,114658,403
Anastasia,168205,878
Anastasia,106308,73
Anastasia,168642,331
Anastasia,147330,532
Anastasia,129971,662
Anastasia,194567,817
Anastasia,191430,969
Anastasia,144756,722
Anastasia,101972,444
Anastasia,181100,590
Anastasia,196844,606
Anastasia,199980,484
Anastasia,129473,843
Anastasia,160715,920
Anastasia,110281,182
Anastasia,184021,141
Anastasia,156676,923
Anastasia,180046,983
Anastasia,163765,167
Anastasia,163848,477
Anastasia,169206,53
Anastasia,158331,705
Anastasia,164953,983
Anastasia,181991,928
Anastasia,133398,643
Anastasia,106839,49
Anastasia,134187,444
Anastasia,133749,135
Anastasia,148949,583
Anastasia,166188,158
Anastasia,126052,610
Anastasia,184243,105
Anastasia,189227,274
Anastasia,196738,720
Anastasia,108185,112
Anastasia,169772,428
Anastasia,126409,606
Anastasia,181756,357
Anastasia,120547,745
Anastasia,127172,202
Anastasia,123725,436
Anastasia,129368,42
Anastasia,148574,631
Anastasia,139479,985
Anastasia,145986,155
Anastasia,157362,504
Anastasia,197308,939
Anastasia,111952,641
Anastasia,182488,240
Anastasia,115033,680
Anastasia,167669,789
Anastasia,114417,326
Anastasia,130622,610
Anastasia,175366,479
Anastasia,170538,13
Anastasia,189515,554
Anastasia,158235,178
Anastasia,164311,449
Anastasia,101623,205
Anastasia,158627,149
Anastasia,127820,692
Anastasia,149249,38
Anastasia,196624,123
Anastasia,190452,187
Anastasia,117437,359
Anastasia,113531,455
Anastasia,126983,76
Anastasia,124954,202
Anastasia,114587,704
Anastasia,147192,487
Anastasia,191207,340
Anastasia,194221,812
Anastasia,120500,821
Anastasia,118414,69
Anastasia,143383,239
Anastasia,164336,140
Anastasia,129020,683
Anastasia,121566,580
Anastasia,128988,587
Anastasia,170909,22
Anastasia,145210,933
Anastasia,144962,866
Anastasia,119262,825
Anastasia,106842,402
Anastasia,142422,186
Anastasia,162475,757
Anastasia,180889,794
Anastasia,198793,64
Anastasia,170710,411
Anastasia,187367,248
Anastasia,109282,653
Anastasia,189320,207
Anastasia,132513,640
Anastasia,159131,355
Anastasia,117050,531
Anastasia,154051,903
Anastasia,136088,668
Anastasia,194886,991
Anastasia,142375,90
Anastasia,139697,976
Anastasia,114462,366
Anastasia,124179,389
Anastasia,141460,419
Anastasia,159306,897
Anastasia,186691,955
Anastasia,193468,811
Anastasia,111182,406
Anastasia,181222,585
Anastasia,164047,943
Anastasia,144473,989
Anastasia,102998,454
Anastasia,123010,363
Anastasia,174221,400
Anastasia,144934,357
Anastasia,163304,971
Anastasia,178260,469
Anastasia,183621,340
Anastasia,111313,190
Anastasia,125317,65
Anastasia,190359,392
Anastasia,172573,91
Anastasia,124498,831
Anastasia,144860,164
Anastasia,127403,552
Anastasia,126952,674
Anastasia,124740,714
Anastasia,143478,130
Anastasia,166733,872
Anastasia,138118,259
Anastasia,163554,334
Anastasia,185698,510
Anastasia,162003,441
Anastasia,190641,206
Anastasia,110597,735
Anastasia,171700,953
Anastasia,167047,729
Anastasia,102871,880
Anastasia,149355,890
Anastasia,124535,764
Anastasia,119489,250
Anastasia,169402,124
Anastasia,156385,600
Anastasia,173956,811
Anastasia,140625,51
Anastasia,104118,979
Anastasia,129453,654
Anastasia,125928,584
Anastasia,145953,665
Anastasia,186773,9
Anastasia,117236,890
Anastasia,127773,886
Anastasia,113261,287
Anastasia,187643,520
Anastasia,123048,578
Anastasia,147504,9
Anastasia,102427,33
Anastasia,158478,550
Anastasia,139983,545
Anastasia,154805,491
Anastasia,182911,968
Anastasia,108238,844
Anastasia,120997,960
Anastasia,173309,522
Anastasia,121259,138
Anastasia,110493,533
Anastasia,159723,384
Anastasia,140636,756
Anastasia,180456,961
Anastasia,110893,232
Anastasia,117674,631
Anastasia,188485,909
Anastasia,194113,535
Anastasia,166233,695
Anastasia,130810,843
Anastasia,186415,311
Anastasia,194461,408
Anastasia,199570,294
Anastasia,153103,656
Anastasia,169380,677
Anastasia,120634,683
Anastasia,144216,777
Anastasia,134953,549
Anastasia,199199,648
Anastasia,112612,374
Anastasia,173894,959
Anastasia,125626,756
Anastasia,165645,499
Anastasia,112923,853
Anastasia,170127,962
Anastasia,100843,535
Anastasia,149854,659
Anastasia,110534,245
Anastasia,167577,161
Anastasia,137732,724
Anastasia,162640,441
Anastasia,199277,522
Anastasia,167612,615
Anastasia,128878,783
Anastasia,117503,327
Anastasia,106786,732
Anastasia,194744,547
Anastasia,182629,944
Anastasia,108000,141
Anastasia,126358,159
Anastasia,136046,24
Anastasia,119941,252
Anastasia,117823,298
Anastasia,129422,234
Anastasia,182460,840
Anastasia,199030,459
Anastasia,139443,487
Anastasia,107686,782
Anastasia,167022,168
Anastasia,162179,53
Anastasia,107049,930
Anastasia,111944,259
Anastasia,176307,870
Anastasia,171485,819
Anastasia,189474,970
Anastasia,198673,963
Anastasia,101468,699
Anastasia,171569,282
Anastasia,159447,87
Anastasia,165141,774
Anastasia,155432,372
Anastasia,171931,864
Anastasia,184015,581
Anastasia,146410,872
Anastasia,156065,319
Anastasia,149579,767
Anastasia,185917,379
Anastasia,156668,940
Anastasia,180447,790
Anastasia,119639,906
Anastasia,170891,690
Anastasia,164158,59
Anastasia,139323,38
Anastasia,199088,971
Anastasia,138010,369
Anastasia,115531,677
Anastasia,106014,725
Anastasia,126726,346
Anastasia,133616,341
Anastasia,156561,837
Anastasia,101089,462
Anastasia,146927,695
Anastasia,121838,806
Anastasia,123728,891
Anastasia,165538,199
Anastasia,168417,466
Anastasia,106272,559
Anastasia,173106,154
Anastasia,158744,136
Anastasia,130953,170
Anastasia,183407,305
Anastasia,145983,445
Anastasia,152890,701
Anastasia,171229,117
Anastasia,166779,90
Anastasia,153298,338
Anastasia,108045,533
Anastasia,114900,750
Anastasia,117918,499
Anastasia,196710,627
Anastasia,112860,258
Anastasia,160208,300
Anastasia,143035,790
Anastasia,120020,749
Anastasia,141036,573
Anastasia,166629,64
Anastasia,143033,846
Anastasia,124607,11
Anastasia,123683,210
Anastasia,131248,145
Anastasia,109124,174
Anastasia,195853,608
Anastasia,121533,486
Anastasia,184416,145
Anastasia,196646,11
Anastasia,116121,975
Anastasia,174948,885
Anastasia,101787,602
Anastasia,153317,762
Anastasia,153016,878
Anastasia,184574,360
Anastasia,156636,789
Anastasia,198205,280
Anastasia,104888,286
Anastasia,126119,698
Anastasia,164588,867
Anastasia,123674,376
Anastasia,191414,519
Anastasia,107148,999
Anastasia,133189,631
Anastasia,158709,638
Anastasia,130537,341
Anastasia,108592,614
Anastasia,130800,281
Anastasia,176312,966
Anastasia,131887,899
Anastasia,188714,829
Anastasia,106903,471
Anastasia,164203,705
Anastasia,162638,733
Anastasia,127932,68
Anastasia,129718,65
Anastasia,113900,551
Anastasia,160450,552
Anastasia,174151,130
Anastasia,145609,940
Anastasia,138991,441
Anastasia,110994,341
Anastasia,103863,536
Anastasia,100190,971
Anastasia,193829,924
Anastasia,180872,194
Anastasia,168571,807
Anastasia,125719,953
Anastasia,127357,535
Anastasia,111458,985
Anastasia,193221,375
Anastasia,101813,231
Anastasia,123363,189
Anastasia,120587,599
Anastasia,185748,480
Anastasia,197154,391
Anastasia,176472,697
Anastasia,153061,699
Anastasia,196513,211
Anastasia,105777,121
Anastasia,199480,826
Anastasia,103165,482
Anastasia,190849,485
Anastasia,176387,305
Anastasia,104863,529
Anastasia,165143,525
Anastasia,152457,604
Anastasia,158399,284
Anastasia,143616,156
Anastasia,122580,855
Anastasia,175711,504
Anastasia,177125,327
Anastasia,185735,993
Anastasia,131103,885
Anastasia,151911,860
Anastasia,122908,78
Anastasia,143641,26
Anastasia,179630,219
Anastasia,152409,566
Anastasia,196185,629
Anastasia,181161,99
Anastasia,109523,50
Anastasia,139213,809
Anastasia,174323,641
Anastasia,138613,263
Anastasia,178805,259
Anastasia,110347,180
Anastasia,162023,693
Anastasia,182870,947
Anastasia,134153,220
Anastasia,176052,45
Anastasia,104801,893
Anastasia,111430,863
Anastasia,198445,477
Anastasia,118097,40
Anastasia,124153,461
Anastasia,166445,965
Anastasia,177448,533
Anastasia,196484,863
Anastasia,144272,324
Anastasia,152425,164
Anastasia,180516,927
Anastasia,133180,951
Anastasia,130882,806
Anastasia,188490,626
Anastasia,142918,778
Anastasia,197381,591
Anastasia,122107,193
Anastasia,172992,142
Anastasia,191180,727
Anastasia,172462,877
Anastasia,156798,406
Anastasia,134695,827
Anastasia,109897,116
Anastasia,105160,204
Anastasia,124389,974
Anastasia,150715,589
Anastasia,118475,277
Anastasia,182029,633
Anastasia,116588,40
Anastasia,135766,862
Anastasia,134548,238
Amir,128568,269
Amir,133233,511
Amir,184144,129
Amir,114747,818
Amir,125676,398
Amir,133925,664
Amir,157946,380
Amir,145041,55
Amir,140824,724
Amir,154654,173
Amir,194070,915
Amir,127900,945
Amir,102421,483
Amir,161403,960
Amir,191112,448
Amir,152560,232
Amir,171589,887
Amir,172937,321
Amir,161352,811
Amir,122191,297
Amir,172482,423
Amir,184289,94
Amir,151191,53
Amir,125433,400
Amir,159027,646
Amir,116804,913
Amir,142780,504
Amir,120279,160
Amir,142460,613
Amir,199016,399
Amir,147956,208
Amir,163133,142
Amir,171736,340
Amir,167599,510
Amir,183711,245
Amir,163514,343
Amir,116663,171
Amir,199391,112
Amir,156731,30
Amir,180561,362
Amir,118379,689
Amir,184452,411
Amir,158760,15
Amir,181667,224
Amir,151996,160
Amir,148793,953
Amir,184237,217
Amir,138409,444
Amir,192921,669
Amir,149662,544
Amir,116705,504
Amir,160192,123
Amir,144346,988
Amir,154395,418
Amir,102094,708
Amir,103800,797
Amir,169063,287
Amir,194166,850
Amir,192032,539
Amir,149376,546
Amir,144127,688
Amir,196928,643
Amir,142730,266
Amir,157399,47
Amir,170115,244
Amir,197069,967
Amir,197271,702
Amir,106170,786
Amir,122395,56
Amir,170356,353
Amir,190296,167
Amir,182508,739
Amir,150260,589
Amir,128207,271
Amir,164518,854
Amir,146520,2
Amir,112995,270
Amir,160344,807
Amir,163343,393
Amir,168477,142
Amir,117704,392
Amir,107862,618
Amir,123518,96
Amir,142800,4
Amir,159069,577
Amir,141485,389
Amir,128562,268
Amir,170275,813
Amir,105582,102
Amir,178632,710
Amir,198174,551
Amir,132027,923
Amir,154655,631
Amir,151332,605
Amir,196757,907
Amir,133586,681
Amir,174814,542
Amir,187413,240
Amir,107435,923
Amir,172833,173
Amir,166568,578
Amir,180969,990
Amir,171216,162
Amir,157600,298
Amir,167175,736
Amir,190734,848
Amir,176727,211
Amir,140950,181
Amir,127484,929
Amir,182198,197
Amir,130987,536
Amir,174886,11
Amir,163798,708
Amir,172498,404
Amir,180310,544
Amir,172222,1000
Amir,127523,928
Amir,146056,729
Amir,120169,684
Amir,179203,690
Amir,127720,208
Amir,178545,837
Amir,185658,959
Amir,106093,430
Amir,185387,100
Amir,106234,430
Amir,120842,212
Amir,103361,300
Amir,169947,199
Amir,108751,789
Amir,156494,968
Amir,145004,312
Amir,103552,655
Amir,154630,75
Amir,133116,551
Amir,114575,370
Amir,118647,830
Amir,138397,392
Amir,156684,928
Amir,109808,983
Amir,196567,383
Amir,125352,44
Amir,174784,76
Amir,155785,655
Amir,149445,134
Amir,196266,351
Amir,106847,633
Amir,190886,17
Amir,183783,357
Amir,179206,638
Amir,171717,584
Amir,138666,565
Amir,155298,9
Amir,183318,152
Amir,142571,1000
Amir,107374,371
Amir,130866,151
Amir,117624,994
Amir,129754,128
Amir,143078,915
Amir,185790,628
Amir,188057,662
Amir,162341,33
Amir,109759,981
Amir,173260,994
Amir,136745,427
Amir,198114,230
Amir,189637,816
Amir,143579,764
Amir,111491,416
Amir,112830,3
Amir,149138,992
Amir,112439,374
Amir,144825,334
Amir,110437,406
Amir,163761,324
Amir,131772,72
Amir,127477,692
Amir,183860,916
Amir,141006,901
Amir,158896,44
Amir,161735,590
Amir,189480,659
Amir,139705,169
Amir,190089,963
Amir,105067,204
Amir,135184,92
Amir,182904,748
Amir,147505,645
Amir,127545,262
Amir,127364,236
Amir,154230,340
Amir,199617,269
Amir,187266,435
Amir,114342,340
Amir,185701,363
Amir,104071,632
Amir,185561,140
Amir,125894,560
Amir,171296,636
Amir,105482,692
Amir,128854,314
Amir,177599,813
Amir,127063,508
Amir,176049,971
Amir,148974,625
Amir,130134,835
Amir,193203,831
Amir,119261,746
Amir,107236,21
Amir,124481,47
Amir,101464,503
Amir,100363,226
Amir,135548,901
Amir,177782,743
Amir,152201,707
Amir,161499,519
Amir,106104,536
Amir,131384,947
Amir,180153,305
Amir,191561,605
Amir,119117,470
Amir,130119,605
Amir,163400,13
Amir,195935,115
Amir,104909,480
Amir,128528,740
Amir,170428,534
Amir,168309,756
Amir,176638,555
Amir,154800,612
Amir,180025,28
Amir,102996,823
Amir,143669,396
Amir,100193,381
Amir,150620,516
Amir,122204,268
Amir,114016,93
Amir,163208,536
Amir,126808,719
Amir,158067,533
Amir,118493,154
Amir,182097,141
Amir,188103,641
Amir,110042,744
Amir,170759,901
Amir,117852,981
Amir,194107,688
Amir,155043,696
Amir,117080,104
Amir,100290,146
Amir,193446,764
Amir,109628,677
Amir,159960,794
Amir,138539,725
Amir,170407,563
Amir,187711,857
Amir,193636,97
Amir,132216,567
Amir,116505,189
Amir,107643,348
Amir,151201,872
Amir,181852,660
Amir,158892,135
Amir,131777,341
Amir,162816,825
Amir,186029,808
Amir,102547,980
Amir,149981,75
Amir,127140,96
Amir,172191,450
Amir,109348,376
Amir,155269,594
Amir,109675,221
Amir,157037,625
Amir,131243,833
Amir,130672,617
Amir,197215,968
Amir,146384,621
Amir,153154,99
Amir,150991,592
Amir,192035,930
Amir,150251,246
Amir,101402,452
Amir,163443,723
Amir,112516,718
Amir,181707,524
Amir,131663,807
Amir,121005,771
Amir,167232,444
Amir,148424,626
Amir,133772,11
Amir,149418,552
Amir,136703,317
Amir,160088,12
Amir,172418,895
Amir,189652,759
Amir,159506,479
Amir,195740,213
Amir,198969,928
Amir,122173,726
Amir,159837,846
Amir,160023,516
Amir,199125,835
Amir,137222,272
Amir,182743,734
Amir,165273,397
Amir,152492,183
Amir,161640,488
Amir,180592,347
Amir,184200,574
Amir,197824,351
Amir,142853,112
Amir,175899,939
Amir,163336,757
Amir,119540,139
Amir,188757,755
Amir,104152,457
Amir,118339,905
Amir,193487,620
Amir,109623,12
Amir,186903,148
Amir,171006,557
Amir,111419,362
Amir,151892,228
Amir,121410,455
Amir,157206,119
Amir,139392,371
Amir,154442,272
Amir,196671,517
Amir,171004,76
Amir,131404,105
Amir,169957,649
Amir,118793,477
Amir,126507,581
Amir,119040,356
Amir,154998,372
Amir,154904,654
Amir,191780,159
Amir,142942,352
Amir,168557,763
Amir,187799,139
Amir,129782,847
Amir,144963,291
Amir,183029,978
Amir,157268,383
Amir,187328,780
Amir,155686,762
Amir,195954,556
Amir,197655,651
Amir,194053,706
Amir,119740,961
Amir,175733,653
Amir,113976,834
Amir,161358,790
Amir,106331,1000
Amir,134790,174
Amir,117581,586
Amir,199597,431
Amir,176937,358
Amir,148914,839
Amir,177267,252
Amir,126872,633
Amir,198528,10
Amir,150124,162
Amir,147072,996
Amir,179988,430
Amir,157763,272
Amir,161280,30
Amir,141489,569
Amir,155200,682
Amir,135963,646
Amir,161370,766
Amir,100989,714
Amir,165734,620
Amir,129700,490
Amir,194338,34
Amir,195775,513
Amir,119462,807
Amir,165229,844
Amir,181411,109
Amir,160429,457
Amir,168685,726
Amir,150603,175
Amir,146715,725
Amir,197187,932
Amir,136110,898
Amir,173139,534
Amir,193539,333
Amir,129284,193
Amir,104476,566
Amir,101114,446
Amir,156816,64
Amir,118049,495
Amir,128759,235
Amir,155190,849
Amir,194127,130
Amir,182312,533
Amir,181017,264
Amir,147079,910
Amir,139852,166
Amir,134151,434
Amir,111325,697
Amir,134530,542
Amir,116597,399
Amir,176144,780
Amir,123863,269
Amir,197140,925
Amir,102309,958
Amir,124057,566
Amir,114340,996
Amir,181605,725
Amir,110651,571
Amir,172326,904
Amir,141481,230
Amir,133000,998
Amir,175544,63
Amir,113078,495
Amir,188173,434
Amir,134681,173
Amir,143349,569
Amir,119871,804
Amir,152593,114
Amir,164549,575
Amir,168007,754
Amir,150336,409
Amir,185137,272
Amir,150942,191
Amir,151686,877
Amir,142644,222
Amir,125201,314
Amir,113126,697
Amir,140772,234
Amir,199118,288
Amir,110991,132
Amir,188009,899
Amir,100536,928
Amir,152099,121
Amir,115358,423
Amir,145134,985
Amir,155690,328
Amir,168709,189
Amir,134358,978
Amir,126350,487
Amir,199089,908
Amir,144383,631
Amir,149280,740
Amir,189484,490
Amir,167710,46
Amir,191215,193
Amir,105325,752
Amir,114811,785
Amir,155675,341
Amir,101767,896
Amir,164020,985
Amir,130923,381
Amir,101295,583
Amir,143992,228
Amir,185513,38
Amir,131109,551
Amir,192985,666
Amir,192260,155
Amir,162507,528
Amir,165133,12
Amir,176780,953
Amir,123261,939
Amir,182274,716
Amir,163559,235
Amir,192364,261
Amir,115043,733
Amir,176380,650
Amir,101674,32
Amir,170031,324
Amir,127083,255
Amir,126750,333
Amir,128761,39
Amir,113700,304
Amir,156619,979
Amir,167277,147
Amir,154191,862
Amir,185543,595
Amir,149823,845
Amir,131171,6
Amir,139612,983
Amir,199418,458
Amir,123426,315
Amir,173981,634
Amir,122079,643
Amir,160908,723
Amir,145502,569
Amir,108657,8
Amir,198421,519
Amir,182807,721
Amir,129127,513
Amir,138702,259
Amir,171719,953
Amir,141498,237
Amir,166951,260
Amir,114517,845
Amir,162274,234
Amir,155884,596
Amir,148125,976
Amir,142796,918
Amir,194839,613
Amir,194503,894
Amir,122250,343
Amir,196304,327
Amir,149556,230
Amir,197715,11
Amir,168672,659
Amir,132647,403
Amir,130682,350
Amir,137410,171
Amir,113132,1000
Amir,140855,116
Amir,100878,632
Amir,130581,410
Amir,109012,578
Amir,184641,833
Amir,120671,817
Amir,176293,124
Amir,126046,971
Amir,185408,697
Amir,162240,945
Amir,194287,768
Amir,190127,139
Amir,172616,613
Amir,124976,452
Amir,107641,546
Amir,124180,159
Amir,132101,83
Amir,103990,100
Amir,169044,81
Amir,105162,907
Amir,147268,973
Amir,140436,165
Amir,169983,357
Amir,173394,920
Amir,105876,573
Amir,163789,923
Amir,109988,753
Amir,113804,683
Amir,119517,393
Amir,198866,434
Amir,171310,643
Amir,172806,695
Amir,101740,108
Amir,152041,359
Amir,183434,672
Amir,162915,572
Amir,159754,524
Amir,156434,721
Amir,136829,536
Amir,160938,389
Amir,190299,576
Amir,105218,266
Amir,198524,594
Amir,198506,960
Amir,136890,313
Amir,178173,897
Amir,149650,298
Amir,105703,419
Amir,126061,94
Amir,169409,599
Amir,106887,695
Amir,179770,580
Amir,171633,536
Amir,115909,783
Amir,133815,807
Amir,100176,888
Amir,153353,191
Amir,111527,31
Amir,127335,140
Amir,145505,207
Amir,167272,407
Amir,158123,0
Amir,151144,796
Amir,162960,904
Amir,159625,621
Amir,179259,872
Amir,181361,131
Amir,194915,38
Amir,151027,927
Amir,195849,496
Amir,107221,565
Amir,154719,162
Amir,109296,746
Amir,139289,116
Amir,114383,940
Amir,107095,336
Amir,186124,426
Amir,102112,383
Amir,140765,777
Amir,197806,696
Amir,131178,370
Amir,153518,755
Amir,170146,583
Amir,122300,323
Amir,101632,615
Amir,167186,305
Amir,136430,220
Amir,126861,355
Amir,121245,232
Amir,193511,149
Amir,187568,206
Amir,176841,595
Amir,133168,878
Amir,120996,185
Amir,195938,185
Amir,107122,464
Amir,183533,229
Amir,196091,612
Amir,144215,596
Amir,161811,709
Amir,170798,288
Amir,131811,794
Amir,169011,723
Amir,180662,64
Amir,105790,240
Amir,156932,749
Amir,134123,221
Amir,116669,215
Amir,146876,429
Amir,133613,446
Amir,187882,855
Amir,189524,311
Amir,145140,865
Amir,139728,964
Amir,188035,415
Amir,119224,733
Amir,195850,744
Amir,194262,836
Amir,154251,928
Amir,129594,51
Amir,143566,267
Amir,101197,503
Amir,156484,991
Amir,106095,280
Amir,153514,516
Amir,177541,915
Amir,135384,346
Amir,139633,895
Amir,178720,511
Amir,182964,972
Amir,154330,570
Amir,166259,865
Amir,191034,434
Amir,134685,620
Amir,137183,980
Amir,104596,858
Amir,172606,816
Amir,192715,661
Amir,100084,217
Amir,136656,259
Amir,109147,33
Amir,193432,271
Amir,176455,765
Amir,190884,75
Amir,135776,260
Amir,118890,132
Amir,170921,938
Amir,125920,189
Amir,125479,559
Amir,111127,158
Amir,117687,402
Amir,142475,936
Amir,195721,778
Amir,111751,817
Amir,182773,590
Amir,171093,319
Amir,155233,997
Amir,129343,699
Amir,161193,932
Amir,127956,122
Amir,170327,58
Amir,127466,843
Amir,122816,124
Amir,156918,166
Amir,144583,284
Amir,124670,948
Amir,180974,105
Amir,165678,323
Amir,143519,635
Amir,137991,259
Amir,111825,147
Amir,102682,354
Amir,146525,146
Amir,171745,398
Amir,198996,731
Amir,194291,887
Amir,174219,941
Amir,112946,860
Amir,189288,964
Amir,100489,203
Amir,143046,807
Amir,191514,315
Amir,190927,118
Amir,102868,811
Amir,136045,520
Amir,102558,551
Amir,164799,752
Amir,101788,640
Amir,164721,351
Amir,117954,853
Amir,152506,750
Amir,189766,46
Amir,152094,746
Amir,176264,258
Amir,113452,571
Amir,115489,610
Amir,162633,2
Amir,144512,590
Amir,129135,152
Amir,150959,375
Amir,187218,940
Amir,128233,478
Amir,136154,735
Amir,112813,35
Amir,190526,163
Amir,115754,203
Amir,188060,182
Amir,146271,858
Amir,183643,244
Amir,116673,278
Amir,115952,352
Amir,143660,33
Amir,170014,606
Amir,104664,177
Amir,120910,445
Amir,117972,138
Amir,105486,995
Amir,107488,51
Amir,198838,958
Amir,156848,638
Amir,140314,968
Amir,188377,275
Amir,185860,572
Amir,196246,733
Amir,102836,29
Amir,161665,199
Amir,146092,878
Amir,110041,648
Amir,121177,241
Amir,145796,16
Amir,183540,285
Amir,158312,560
Amir,196248,397
Amir,148562,800
Amir,189332,802
Amir,111383,135
Amir,163187,82
Amir,164103,786
Amir,137589,763
Amir,139490,470
Amir,199900,412
Amir,142740,525
Amir,186947,829
Amir,183552,473
Amir,139139,116
Amir,199906,47
Amir,106036,158
Amir,147393,938
Amir,139089,157
Amir,136427,743
Amir,186840,478
Amir,119316,338
Amir,115971,578
Amir,191002,480
Amir,141108,402
Amir,146516,283
Amir,197861,698
Amir,195453,121
Amir,114680,907
Amir,129114,887
Amir,152118,212
Amir,127589,143
Amir,134027,757
Amir,196337,723
Amir,129484,426
Amir,124496,54
Amir,112278,925
Amir,119870,198
Amir,165451,502
Amir,157108,623
Amir,183868,734
Amir,169652,447
Amir,195071,298
Amir,139891,687
Amir,152182,166
Amir,129772,576
Amir,128001,286
Amir,158857,888
Amir,103835,560
Amir,106817,42
Amir,150631,322
Amir,111683,45
Amir,102830,285
Amir,155090,780
Amir,195516,852
Amir,112992,362
Amir,139742,949
Amir,169223,850
Amir,162069,616
Amir,100514,240
Amir,183571,556
Amir,106400,124
Amir,134054,738
Amir,128760,901
Amir,124765,235
Amir,188196,935
Amir,137306,93
Amir,185518,216
Amir,181483,676
Amir,190719,770
Amir,144470,136
Amir,195690,598
Amir,107024,653
Amir,111622,298
Amir,104984,694
Amir,121905,68
Amir,149691,897
Amir,117948,738
Amir,182381,555
Amir,151547,208
Amir,195602,332
Amir,156481,694
Amir,144636,96
Amir,182434,723
Amir,161024,369
Amir,179825,709
Amir,114808,986
Amir,161866,440
Amir,174507,20
Amir,171309,859
Amir,117250,893
Amir,197428,80
Amir,149025,747
Amir,112490,845
Amir,101764,28
Amir,188579,68
Amir,146169,245
Amir,136418,380
Amir,172708,367
Amir,151796,858
Amir,153492,961
Amir,125958,302
Amir,103570,926
Amir,192958,736
Amir,174587,986
Amir,117399,332
Amir,157325,937
Amir,130158,516
Amir,109216,576
Amir,112118,309
Amir,163238,671
Amir,175892,859
Amir,109837,858
Amir,184613,787
Amir,156268,342
Amir,164204,216
Amir,173064,297
Amir,181900,887
Amir,120646,381
Amir,116917,55
Amir,168610,982
Amir,142248,690
Amir,110663,200
Amir,135440,770
Amir,175852,398
Amir,189129,682
Amir,191844,518
Amir,108118,514
Amir,174308,184
Amir,154058,421
Amir,138627,538
Amir,149624,137
Amir,188407,944
Amir,188836,596
Amir,102139,494
Amir,129433,699
Amir,101925,73
Amir,136899,774
Amir,136020,93
Amir,167300,677
Amir,155547,947
Amir,136615,42
Amir,166843,336
Amir,149902,491
Amir,156623,817
Amir,152737,449
Amir,156019,508
Amir,198261,426
Amir,186671,382
Amir,172044,55
Amir,121487,82
Amir,180858,418
Amir,172928,504
Amir,179875,312
Amir,162586,461
Amir,170777,393
Amir,100675,626
Amir,190103,274
Amir,171806,77
Amir,125103,277
Amir,162158,763
Amir,176592,85
Amir,185690,408
Amir,104849,698
Amir,139848,165
Amir,198956,277
Amir,150486,366
Amir,140575,501
Amir,110559,117
Amir,196305,593
Amir,145621,649
Amir,145649,647
Amir,122417,223
Amir,141959,94
Amir,197823,445
Amir,173700,558
Amir,180520,476
Amir,142438,869
Amir,144334,771
Amir,155399,946
Amir,150448,971
Amir,166842,781
Amir,178295,290
Amir,144657,635
Amir,171372,957
Amir,157876,81
Amir,125889,753
Amir,194700,693
Amir,170820,437
Amir,181772,704
Amir,124150,928
Amir,169399,825
Amir,134680,838
Amir,138691,249
Amir,192022,145
Amir,157814,88
Amir,119953,882
Amir,142379,728
Amir,100962,408
Amir,126431,28
Amir,179642,503
Amir,155537,440
Amir,116400,207
Amir,130446,487
Amir,109303,887
Amir,169517,524
Amir,114562,958
Amir,173866,970
Amir,184314,967
Amir,167174,696
Amir,182628,444
Amir,169923,506
Amir,172809,420
Amir,142833,931
Amir,164973,417
Amir,197603,386
Amir,120070,174
Amir,157764,395
Amir,142413,278
Amir,138275,771
Amir,121117,751
Amir,141836,251
Amir,184702,561
Amir,120443,301
Amir,113526,9
Amir,186268,761
Amir,168258,622
Amir,190717,169
Amir,172194,137
Amir,139546,314
Amir,152491,470
Amir,132566,450
Amir,185065,794
Amir,188711,676
Amir,108921,533
Amir,127632,806
Amir,166326,393
Amir,111688,750
Amir,186809,159
Amir,159794,904
Amir,103916,194
Amir,105200,156
Amir,190243,336
Amir,114884,710
Amir,158439,845
Amir,181954,338
Amir,189005,40
Amir,104180,79
Amir,132796,291
Amir,161172,711
Amir,122697,295
Amir,166562,277
Amir,101542,763
Amir,189496,506
Amir,178409,915
Amir,168112,175
Amir,121894,109
Amir,195357,448
Amir,154448,981
Amir,187465,176
Amir,197731,909
Amir,138000,752
Amir,199936,429
Amir,135216,671
Amir,155855,123
Amir,105634,533
Amir,179482,348
Amir,132829,420
Amir,193729,972
Amir,179868,329
Amir,106941,984
Amir,100452,102
Amir,109095,897
Amir,109042,232
Amir,164327,270
Amir,105751,29
Amanda,182865,367
Amanda,139398,486
Amanda,158172,651
Amanda,151871,725
Amanda,148622,673
Amanda,189517,541
Amanda,101169,155
Amanda,164263,330
Amanda,173924,840
Amanda,181440,859
Amanda,123729,71
Amanda,118946,269
Amanda,114201,162
Amanda,183564,735
Amanda,168111,509
Amanda,155426,476
Amanda,118593,597
Amanda,165617,469
Amanda,157868,720
Amanda,162371,897
Amanda,198095,953
Amanda,153424,865
Amanda,148440,11
Amanda,167196,164
Amanda,185394,502
Amanda,107084,4
Amanda,187487,889
Amanda,190375,348
Amanda,148824,696
Amanda,174843,787
Amanda,122620,831
Amanda,119380,99
Amanda,128322,363
Amanda,140394,579
Amanda,175431,594
Amanda,112075,519
Amanda,185315,844
Amanda,157527,780
Amanda,198400,117
Amanda,166697,85
Amanda,131154,270
Amanda,114963,580
Amanda,108308,449
Amanda,147355,362
Amanda,156161,753
Amanda,197781,451
Amanda,141577,615
Amanda,169551,946
Amanda,117490,307
Amanda,184127,558
Amanda,167575,90
Amanda,179920,204
Amanda,112857,901
Amanda,172554,802
Amanda,181587,641
Amanda,186937,995
Amanda,142430,857
Amanda,113376,989
Amanda,163043,12
Amanda,178160,613
Amanda,184531,223
Amanda,168274,234
Amanda,194301,210
Amanda,176530,629
Amanda,181535,269
Amanda,178574,736
Amanda,109914,254
Amanda,143029,698
Amanda,161310,72
Amanda,136910,641
Amanda,104709,973
Amanda,116329,25
Amanda,162312,866
Amanda,195210,314
Amanda,194073,393
Amanda,128015,190
Amanda,136993,240
Amanda,123002,767
Amanda,128964,784
Amanda,145111,583
Amanda,194491,319
Amanda,177046,451
Amanda,196024,145
Amanda,141650,493
Amanda,188679,828
Amanda,196510,432
Amanda,141868,776
Amanda,174136,490
Amanda,100385,985
Amanda,125873,690
Amanda,130513,453
Amanda,187195,829
Amanda,188525,296
Amanda,189218,673
Amanda,105507,238
Amanda,138756,981
Amanda,115246,109
Amanda,196432,753
Amanda,100978,685
Amanda,162935,131
Amanda,174201,838
Amanda,146053,925
Amanda,176309,335
Amanda,122801,67
Amanda,111407,903
Amanda,156713,112
Amanda,138972,629
Amanda,132048,940
Amanda,116295,519
Amanda,111047,664
Amanda,157734,669
Amanda,137126,697
Amanda,124272,28
Amanda,118267,883
Amanda,185794,517
Amanda,119689,424
Amanda,169846,366
Amanda,101334,719
Amanda,191197,520
Amanda,105975,105
Amanda,145988,534
Amanda,142346,466
Amanda,144187,583
Amanda,185779,968
Amanda,101123,511
Amanda,141770,263
Amanda,183952,862
Amanda,116071,547
Amanda,117973,242
Amanda,169057,842
Amanda,192952,24
Amanda,189798,443
Amanda,192283,9
Amanda,189741,916
Amanda,152646,266
Amanda,178528,304
Amanda,187188,467
Amanda,170705,583
Amanda,181248,676
Amanda,169555,267
Amanda,100992,841
Amanda,129380,362
Amanda,153936,708
Amanda,199861,630
Amanda,139887,507
Amanda,134551,688
Amanda,189094,190
Amanda,160288,644
Amanda,103375,694
Amanda,187467,659
Amanda,108271,170
Amanda,103360,270
Amanda,119080,187
Amanda,100329,751
Amanda,188902,561
Amanda,121539,128
Amanda,167740,169
Amanda,135344,958
Amanda,101923,832
Amanda,196408,570
Amanda,184929,893
Amanda,196061,654
Amanda,122144,549
Amanda,143668,555
Amanda,130436,348
Amanda,157407,728
Amanda,132263,315
Amanda,111300,656
Amanda,158146,377
Amanda,164444,253
Amanda,114084,318
Amanda,121935,568
Amanda,112352,18
Amanda,176080,921
Amanda,172187,618
Amanda,134286,273
Amanda,133176,447
Amanda,139389,374
Amanda,123568,18
Amanda,149479,977
Amanda,194011,673
Amanda,169061,327
Amanda,150500,921
Amanda,109328,900
Amanda,187864,583
Amanda,145906,431
Amanda,182090,107
Amanda,126085,911
Amanda,129051,513
Amanda,173425,126
Amanda,117933,673
Amanda,121998,330
Amanda,101969,36
Amanda,145764,397
Amanda,126748,991
Amanda,128464,938
Amanda,101415,111
Amanda,123595,606
Amanda,169067,370
Amanda,165246,527
Amanda,155125,753
Amanda,149010,421
Amanda,131567,21
Amanda,152953,352
Amanda,106697,617
Amanda,129201,522
Amanda,136249,460
Amanda,147387,478
Amanda,158739,257
Amanda,151855,659
Amanda,155297,317
Amanda,130711,774
Amanda,103235,809
Amanda,166314,558
Amanda,110374,146
Amanda,118314,561
Amanda,125523,951
Amanda,165268,636
Amanda,114282,464
Amanda,157224,816
Amanda,144633,284
Amanda,156961,717
Amanda,195046,840
Amanda,108728,783
Amanda,141866,282
Amanda,181586,395
Amanda,184690,519
Amanda,124327,704
Amanda,159021,186
Amanda,148973,358
Amanda,146183,51
Amanda,122201,427
Amanda,106551,676
Amanda,197985,20
Amanda,110922,280
Amanda,121365,848
Amanda,103903,595
Amanda,150909,756
Amanda,196890,763
Amanda,136128,567
Amanda,124902,809
Amanda,134696,375
Amanda,165930,725
Amanda,166476,251
Amanda,144684,444
Amanda,177226,442
Amanda,172043,181
Amanda,174676,317
Amanda,102263,830
Amanda,145569,267
Amanda,108964,273
Amanda,122821,240
Amanda,107691,357
Amanda,177020,834
Amanda,123026,740
Amanda,141189,999
Amanda,104319,929
Amanda,157125,972
Amanda,115057,96
Amanda,189060,709
Amanda,104050,424
Amanda,102981,846
Amanda,124705,435
Amanda,148107,112
Amanda,121219,755
Amanda,163150,593
Amanda,143302,389
Amanda,160490,793
Amanda,140196,622
Amanda,151269,453
Amanda,146536,643
Amanda,148122,505
Amanda,141891,719
Amanda,103233,199
Amanda,125810,691
Amanda,182490,428
Amanda,111231,820
Amanda,111435,739
Amanda,107334,15
Amanda,188400,9
Amanda,100496,297
Amanda,141097,563
Amanda,160239,624
Amanda,130228,144
Amanda,168739,238
Amanda,184969,283
Amanda,186683,397
Amanda,163844,548
Amanda,116732,239
Amanda,133792,580
Amanda,166667,564
Amanda,133984,166
Amanda,106075,471
Amanda,144025,663
Amanda,169326,633
Amanda,165054,293
Amanda,136131,625
Amanda,126102,191
Amanda,107540,103
Amanda,124022,197
Amanda,123167,552
Amanda,129290,874
Amanda,122631,679
Amanda,113492,963
Amanda,175260,586
Amanda,131992,485
Amanda,181778,798
Amanda,100331,969
Amanda,136258,911
Amanda,177726,560
Amanda,154238,119
Amanda,192254,727
Amanda,143144,168
Amanda,133607,708
Amanda,135417,602
Amanda,158838,480
Amanda,164759,387
Amanda,160586,84
Amanda,184932,690
Amanda,189286,260
Amanda,180012,161
Amanda,117059,983
Amanda,140114,951
Amanda,154038,184
Amanda,113756,36
Amanda,185371,631
Amanda,107706,521
Amanda,146170,817
Amanda,193655,929
Amanda,148189,658
Amanda,102105,275
Amanda,176250,715
Amanda,122120,210
Amanda,139105,968
Amanda,171433,73
Amanda,102344,503
Amanda,166553,252
Amanda,116529,12
Amanda,105516,71
Amanda,125668,745
Amanda,111034,727
Amanda,195010,649
Amanda,190419,774
Amanda,159471,847
Amanda,125434,914
Amanda,196927,747
Amanda,114775,641
Amanda,196537,681
Amanda,180883,368
Amanda,143857,982
Amanda,102786,719
Amanda,177129,323
Amanda,140342,996
Amanda,142169,71
Amanda,152137,452
Amanda,159187,352
Amanda,116321,513
Amanda,122698,545
Amanda,199033,921
Amanda,198904,352
Amanda,159202,116
Amanda,188098,765
Amanda,192948,216
Amanda,118509,867
Amanda,111118,591
Amanda,111986,713
Amanda,142012,771
Amanda,185000,365
Amanda,119326,545
Amanda,193806,41
Amanda,150556,874
Amanda,101304,178
Amanda,152486,724
Amanda,135338,441
Amanda,137698,561
Amanda,116106,198
Amanda,188007,498
Amanda,135135,263
Amanda,148958,322
Amanda,168577,446
Amanda,158531,54
Amanda,187387,244
Amanda,102804,725
Amanda,126448,367
Amanda,125425,578
Amanda,158588,441
Amanda,141900,198
Amanda,116000,452
Amanda,175334,944
Amanda,125761,960
Amanda,181600,880
Amanda,187874,551
Amanda,113106,2
Amanda,154477,170
Amanda,194087,548
Amanda,172252,444
Amanda,179626,501
Amanda,199654,80
Amanda,171903,871
Amanda,116234,984
Amanda,162331,690
Amanda,119982,912
Amanda,153553,863
Amanda,127968,449
Amanda,191517,759
Amanda,120490,152
Amanda,148916,148
Amanda,110869,861
Amanda,149585,292
Amanda,101982,609
Amanda,125174,746
Amanda,106388,584
Amanda,107270,748
Amanda,112690,376
Amanda,159020,14
Amanda,171099,687
Amanda,113141,889
Amanda,137852,193
Amanda,108278,324
Amanda,120094,981
Amanda,188621,50
Amanda,187058,742
Amanda,178511,257
Amanda,139830,105
Amanda,168795,828
Amanda,157146,296
Amanda,166287,97
Amanda,167339,350
Amanda,150570,569
Amanda,136285,344
Amanda,100868,496
Amanda,194474,972
Amanda,116616,287
Amanda,106901,158
Amanda,194241,186
Amanda,109353,885
Amanda,172425,989
Amanda,144163,476
Amanda,115889,814
Amanda,184328,544
Amanda,195138,45
Amanda,146886,7
Amanda,173349,361
Amanda,128088,988
Amanda,192674,965
Amanda,151875,633
Amanda,129699,547
Amanda,101684,48
Amanda,199230,1
Amanda,160891,214
Amanda,171115,751
Amanda,110200,270
Amanda,109913,922
Amanda,162209,49
Amanda,175787,59
Amanda,140797,257
Amanda,136492,960
Amanda,158762,353
Amanda,163036,37
Amanda,177388,731
Amanda,133038,915
Amanda,140108,889
Amanda,114416,296
Amanda,102179,95
Amanda,107063,612
Amanda,155344,579
Amanda,115659,810
Amanda,126990,976
Amanda,107452,603
Amanda,179074,978
Amanda,179916,322
Amanda,154171,103
Amanda,183214,898
Amanda,108754,608
Amanda,112372,528
Amanda,182989,452
Amanda,101910,292
Amanda,195741,412
Amanda,178079,7
Amanda,159690,38
Amanda,142204,69
Amanda,121111,893
Amanda,196929,954
Amanda,178637,884
Amanda,161887,899
Amanda,138641,905
Amanda,100202,889
Amanda,156300,28
Amanda,157671,608
Amanda,112929,699
Amanda,161673,460
Amanda,183255,68
Amanda,171199,495
Amanda,100879,543
Amanda,121359,449
Amanda,124452,73
Amanda,152781,895
Amanda,122468,820
Amanda,106679,208
Amanda,129538,807
Amanda,146202,53
Amanda,171391,587
Amanda,134795,832
Amanda,155685,83
Amanda,182780,670
Amanda,157085,560
Amanda,169102,115
Amanda,112998,684
Amanda,141948,940
Amanda,190135,321
Amanda,185013,278
Amanda,148862,38
Amanda,162841,806
Amanda,176336,752
Amanda,106320,164
Amanda,158983,542
Amanda,181946,68
Amanda,124743,709
Amanda,123915,704
Amanda,136428,865
Amanda,157822,861
Amanda,160991,187
Amanda,191794,259
Amanda,115076,135
Amanda,152230,571
Amanda,138335,211
Amanda,134603,857
Amanda,102434,316
Amanda,157749,713
Amanda,148870,113
Amanda,157697,613
Amanda,189329,736
Amanda,117594,548
Amanda,108276,631
Amanda,177207,418
Amanda,153549,255
Amanda,136871,470
Amanda,162838,198
Amanda,105557,906
Amanda,157132,655
Amanda,174873,333
Amanda,129174,703
Amanda,171113,236
Amanda,198093,444
Amanda,183603,566
Amanda,155734,249
Amanda,115956,851
Amanda,154774,163
Amanda,133677,868
Amanda,104139,380
Amanda,102545,980
Amanda,179098,528
Amanda,117165,331
Amanda,135627,258
Amanda,130355,736
Amanda,187657,940
Amanda,181262,92
Amanda,117855,350
Amanda,157503,706
Amanda,114726,747
Amanda,111071,925
Amanda,102365,746
Amanda,193115,832
Amanda,184290,438
Amanda,144360,834
Amanda,191976,249
Amanda,134886,581
Amanda,101398,605
Amanda,134843,531
Amanda,123164,115
Amanda,192054,216
Amanda,184898,738
Amanda,139125,943
Amanda,195604,692
Amanda,124174,606
Amanda,159803,678
Amanda,193934,556
Amanda,105472,396
Amanda,164494,472
Amanda,145830,622
Amanda,104619,456
Amanda,165962,733
Amanda,143860,592
Amanda,197910,531
Amanda,176944,676
Amanda,197107,849
Amanda,144269,596
Amanda,120876,665
Amanda,134365,764
Amanda,111649,59
Amanda,186715,325
Amanda,133846,950
Amanda,109602,794
Amanda,137443,436
Amanda,159830,915
Amanda,145834,305
Amanda,153810,46
Amanda,132256,89
Amanda,183840,896
Amanda,179569,563
Amanda,124713,703
Amanda,125975,842
Amanda,154726,715
Amanda,173918,177
Amanda,171264,199
Amanda,102188,326
Amanda,132288,775
Amanda,144426,336
Amanda,172083,474
Amanda,122480,979
Amanda,177007,833
Amanda,101979,222
Amanda,155714,335
Amanda,123663,48
Amanda,118349,735
Amanda,138197,680
Amanda,125632,254
Amanda,137676,557
Amanda,149918,369
Amanda,103620,90
Amanda,188758,380
Amanda,135375,487
Amanda,149729,662
Amanda,125973,331
Amanda,105153,679
Amanda,180597,726
Amanda,110204,21
Amanda,147985,813
Amanda,193150,421
Amanda,115167,910
Amanda,131631,496
Amanda,149468,347
Amanda,100919,946
Amanda,139368,225
Amanda,108975,968
Amanda,130981,380
Amanda,190821,155
Amanda,115585,883
Amanda,121811,302
Amanda,195498,990
Amanda,177266,823
Amanda,127872,893
Amanda,108842,211
Amanda,188944,16
Amanda,192391,189
Amanda,160521,945
Amanda,134481,204
Amanda,117464,934
Amanda,155051,795
Amanda,170447,694
Amanda,190564,761
Amanda,143807,797
Amanda,112602,648
Amanda,172480,255
Amanda,159393,479
Amanda,145012,805
Amanda,131019,63
Amanda,186625,345
Amanda,171875,410
Amanda,158035,678
Amanda,162817,804
Amanda,183990,873
Amanda,144326,549
Amanda,114240,834
Amanda,161340,586
Amanda,118124,174
Amanda,102071,182
Amanda,169151,522
Amanda,143901,445
Amanda,175451,895
Amanda,110950,233
Amanda,102054,681
Amanda,125009,445
Amanda,179018,978
Amanda,145016,544
Amanda,193817,949
Amanda,176524,236
Amanda,168380,430
Amanda,152019,304
Amanda,115336,845
Amanda,126025,97
Amanda,154766,831
Amanda,147339,455
Amanda,184675,947
Amanda,159957,725
Amanda,173496,56
Amanda,194778,318
Amanda,111568,384
Amanda,161494,586
Amanda,134082,203
Amanda,124862,472
Amanda,187720,364
Amanda,118855,547
Amanda,147017,789
Amanda,197989,819
Amanda,127534,947
Amanda,178718,305
Amanda,132165,384
Amanda,124463,77
Amanda,161681,209
Amanda,123467,183
Amanda,106913,898
Amanda,176463,807
Amanda,160594,209
Amanda,180993,404
Amanda,142845,244
Amanda,131950,304
Amanda,107907,120
Amanda,107311,238
Amanda,150061,220
Amanda,167928,576
Amanda,190125,646
Amanda,194966,721
Amanda,133674,277
Amanda,118607,899
Amanda,156338,757
Amanda,170098,691
Amanda,109495,760
Amanda,173384,963
Amanda,171667,926
Amanda,119681,312
Amanda,157930,475
Amanda,134363,827
Amanda,122322,461
Amanda,115655,670
Amanda,162766,447
Amanda,171740,467
Amanda,164645,289
Amanda,160515,653
Amanda,122275,138
Amanda,166793,261
Amanda,161558,958
Amanda,116510,625
Amanda,177411,580
Amanda,183946,838
Amanda,180716,996
Amanda,156449,572
Amanda,121883,672
Amanda,169748,275
Amanda,129733,991
Amanda,132754,3
Amanda,148219,788
Amanda,149518,920
Amanda,198817,3
Amanda,173035,688
Amanda,120207,937
Amanda,135809,985
Amanda,181688,393
Amanda,130592,544
Amanda,188502,289
Amanda,130071,62
Amanda,101525,911
Amanda,143265,546
Amanda,135773,638
Amanda,197930,829
Amanda,185100,52
Amanda,163535,466
Amanda,103010,942
Amanda,104096,244
Amanda,103059,258
Amanda,163807,417
Amanda,194227,375
Amanda,122550,839
Amanda,175278,137
Amanda,130975,665
Amanda,165290,657
Amanda,140464,817
Amanda,196881,815
Amanda,142765,836
Amanda,120565,63
Amanda,122966,48
Amanda,143939,774
Amanda,107805,227
Amanda,194755,283
Amanda,199582,75
Amanda,182432,159
Amanda,166680,42
Amanda,186722,299
Amanda,144466,453
Amanda,158624,941
Amanda,102457,514
Amanda,188282,557
Amanda,124982,942
Amanda,175941,825
Amanda,104481,618
Amanda,174133,453
Amanda,196992,155
Amanda,180439,847
Amanda,121142,926
Amanda,143216,906
Amanda,187638,226
Amanda,131246,700
Amanda,182738,312
Amanda,118281,278
Amanda,196912,814
Amanda,145547,474
Amanda,170030,965
Amanda,103333,746
Amanda,197124,894
Amanda,110195,711
Amanda,155146,325
Amanda,160687,982
Amanda,188764,128
Amanda,199160,581
Amanda,179744,297
Amanda,102587,177
Amanda,106798,532
Amanda,153466,437
Amanda,147923,690
Amanda,110802,431
Amanda,162206,339
Amanda,197833,445
Amanda,120275,840
Amanda,194871,926
Amanda,183105,589
Amanda,150550,675
Amanda,111385,461
Amanda,170311,527
Amanda,125902,667
Amanda,116099,412
Amanda,195887,256
Amanda,159991,497
Amanda,159640,224
Amanda,114350,510
Amanda,102395,258
Amanda,143011,997
Amanda,172683,838
Amanda,182243,840
Amanda,105993,689
Amanda,147502,623
Amanda,113920,407
Amanda,150580,994
Amanda,179617,869
Amanda,112732,171
Amanda,199062,638
Amanda,179773,170
Amanda,109542,57
Amanda,113539,746
Amanda,122756,164
Amanda,193397,902
Amanda,113829,230
Amanda,187065,234
Amanda,149648,167
Amanda,154822,634
Amanda,110521,929
Amanda,118173,987
Amanda,153282,311
Amanda,199637,744
Amanda,179593,352
Amanda,175678,846
Amanda,137730,90
Amanda,182124,175
Amanda,187771,91
Amanda,135800,836
Amanda,196474,975
Amanda,129323,386
Amanda,126005,53
Amanda,116214,638
Amanda,138190,1
Amanda,184099,601
Amanda,198589,494
Amanda,188450,164
Amanda,151083,665
Amanda,131424,515
Amanda,126560,219
Amanda,155572,841
Amanda,195014,719
Amanda,197248,676
Amanda,185104,732
Amanda,196804,228
Amanda,192139,163
Amanda,116630,37
Amanda,120305,978
Amanda,140267,175
Amanda,155754,369
Amanda,139776,743
Amanda,128902,502
Amanda,182781,958
Amanda,135467,481
Amanda,138405,683
Amanda,178037,88
Amanda,107562,910
Amanda,126801,520
Amanda,115617,970
Amanda,131016,620
Amanda,105580,715
Amanda,121028,164
Amanda,103396,557
Amanda,163295,961
Amanda,124518,334
Amanda,146575,160
Amanda,152520,133
Amanda,151382,77
Amanda,153843,583
Amanda,179212,89
Amanda,107855,606
Amanda,128501,117
Amanda,124096,667
Amanda,111455,114
Amanda,128657,800
Amanda,181101,960
Amanda,151598,327
Amanda,113453,23
Amanda,118445,189
Amanda,155234,553
Amanda,184143,275
Amanda,167122,627
Amanda,117530,286
Amanda,149204,673
Amanda,100886,679
Amanda,114004,450
Amanda,130799,814
Amanda,190005,501
Amanda,188368,45
Amanda,120236,282
Amanda,144557,676
Amanda,117319,662
Amanda,139950,996
Amanda,168890,523
Amanda,116297,901
Amanda,149400,553
Amanda,125540,64
Amanda,178854,249
Amanda,196216,292
Amanda,117365,765
Amanda,117371,219
Amanda,129358,317
Amanda,179923,903
Amanda,193029,794
Amanda,151509,177
Amanda,185184,874
Amanda,155360,67
Amanda,170316,436
Amanda,156495,806
Amanda,111630,395
Amanda,126837,858
Amanda,198585,906
Amanda,195252,479
Amanda,115258,765
Amanda,197873,632
Amanda,144808,446
Amanda,197977,319
Amanda,103174,871
Amanda,176660,361
Amanda,166910,540
Amanda,156321,318
Amanda,174664,12
Amanda,169030,939
Amanda,141974,222
Amanda,146380,341
Amanda,117839,643
Amanda,122134,657
Amanda,123527,760
Amanda,161927,13
Amanda,193785,181
Amanda,110104,252
Amanda,165238,614
Amanda,161706,312
Amanda,189318,162
Amanda,177312,74
Amanda,103057,824
Amanda,107546,168
Amanda,186362,754
Amanda,188942,303
Amanda,123453,394
Amanda,177827,26
Amanda,165634,507
Amanda,139473,235
Amanda,138502,406
Amanda,173810,490
Amanda,185810,682
Amanda,156045,183
Amanda,129561,203
Amanda,196403,175
Amanda,161161,685
Amanda,166409,517
Amanda,180485,782
Amanda,126981,740
Amanda,165469,777
Amanda,181901,86
Amanda,139274,987
Amanda,139912,8
Amanda,118488,140
Amanda,161898,900
Amanda,145384,580
Amanda,121709,569
Amanda,111031,546
Amanda,136625,939
Amanda,136843,170
Amanda,110520,623
Amanda,149584,390
Amanda,171970,201
Amanda,199289,317
Amanda,141361,601
Amanda,133170,195
Amanda,107150,344
Amanda,176326,825
Amanda,106814,546
Amanda,184521,444
Ali,175608,811
Ali,102529,334
Ali,114013,278
Ali,110049,690
Ali,144374,19
Ali,119814,274
Ali,156884,75
Ali,137426,795
Ali,146091,208
Ali,101257,652
Ali,129604,999
Ali,163522,964
Ali,186132,361
Ali,136680,986
Ali,100016,279
Ali,117152,859
Ali,142826,779
Ali,192737,555
Ali,153834,732
Ali,171896,296
Ali,136524,14
Ali,148845,801
Ali,167988,706
Ali,196048,625
Ali,116254,158
Ali,166505,961
Ali,102459,349
Ali,111885,333
Ali,161152,616
Ali,176491,834
Ali,146657,490
Ali,199442,309
Ali,144594,117
Ali,137925,552
Ali,190138,126
Ali,102493,591
Ali,157574,510
Ali,157531,197
Ali,135805,617
Ali,154572,889
Ali,126613,484
Ali,161978,407
Ali,119145,481
Ali,122056,384
Ali,145605,326
Ali,113107,218
Ali,125612,883
Ali,120933,82
Ali,121655,184
Ali,197792,366
Ali,180972,142
Ali,188631,744
Ali,142011,463
Ali,111703,612
Ali,102684,791
Ali,122533,266
Ali,122760,48
Ali,131491,363
Ali,120433,822
Ali,156422,58
Ali,126960,535
Ali,146275,276
Ali,108965,416
Ali,169004,258
Ali,187034,530
Ali,111962,726
Ali,181094,944
Ali,173148,494
Ali,179087,698
Ali,140098,377
Ali,114440,934
Ali,163521,788
Ali,132112,258
Ali,128865,937
Ali,199067,804
Ali,160000,731
Ali,161608,293
Ali,114695,823
Ali,193201,771
Ali,183768,229
Ali,145447,965
Ali,120016,96
Ali,191286,458
Ali,122070,237
Ali,113282,148
Ali,175070,356
Ali,111769,809
Ali,187984,201
Ali,180585,669
Ali,139106,555
Ali,111947,587
Ali,135434,841
Ali,137944,408
Ali,189038,272
Ali,100616,457
Ali,165504,101
Ali,185619,531
Ali,143534,39
Ali,115003,626
Ali,167368,67
Ali,180837,789
Ali,193630,944
Ali,192370,644
Ali,142389,847
Ali,152838,525
Ali,124199,641
Ali,155802,904
Ali,107876,580
Ali,130599,988
Ali,115189,152
Ali,185407,605
Ali,185977,551
Ali,130356,13
Ali,109896,825
Ali,163624,337
Ali,162429,82
Ali,179919,496
Ali,114548,720
Ali,193264,989
Ali,190283,863
Ali,175477,255
Ali,130022,1000
Ali,136178,928
Ali,105093,719
Ali,147687,357
Ali,130783,943
Ali,144462,862
Ali,103929,814
Ali,180122,911
Ali,140090,600
Ali,128417,737
Ali,122858,736
Ali,123149,74
Ali,125689,635
Ali,169134,515
Ali,182093,670
Ali,118677,334
Ali,167615,839
Ali,194158,294
Ali,100640,506
Ali,191327,270
Ali,109843,169
Ali,181673,690
Ali,165766,889
Ali,148555,3
Ali,156982,278
Ali,194801,576
Ali,171603,750
Ali,175828,342
Ali,148005,655
Ali,182756,943
Ali,172909,225
Ali,150893,867
Ali,187523,962
Ali,191572,264
Ali,190250,202
Ali,174534,206
Ali,125153,287
Ali,169937,182
Ali,145407,462
Ali,126248,400
Ali,160673,907
Ali,139019,205
Ali,194905,491
Ali,154122,340
Ali,112443,512
Ali,167338,665
Ali,175246,81
Ali,147991,188
Ali,106081,213
Ali,189791,837
Ali,140891,371
Ali,186314,409
Ali,131134,4
Ali,101011,146
Ali,151170,451
Ali,127614,712
Ali,152324,676
Ali,117276,509
Ali,188856,915
Ali,172653,191
Ali,157663,292
Ali,114433,200
Ali,196643,378
Ali,101382,805
Ali,176461,513
Ali,150902,208
Ali,157063,674
Ali,190274,929
Ali,132596,556
Ali,100726,90
Ali,119643,597
Ali,194058,924
Ali,184534,300
Ali,183595,743
Ali,173576,69
Ali,192285,164
Ali,134751,469
Ali,173492,186
Ali,111405,766
Ali,131291,308
Ali,134713,137
Ali,124006,960
Ali,150234,348
Ali,144815,613
Ali,129942,418
Ali,123706,223
Ali,189514,163
Ali,109457,893
Ali,105415,523
Ali,124302,812
Ali,198163,624
Ali,112269,218
Ali,172423,768
Ali,105917,84
Ali,166175,0
Ali,169090,893
Ali,197667,458
Ali,104083,409
Ali,179716,810
Ali,163519,863
Ali,174424,151
Ali,189386,805
Ali,194792,813
Ali,171583,568
Ali,106545,303
Ali,176785,289
Ali,127786,287
Ali,111244,786
Ali,115494,636
Ali,186783,973
Ali,133748,484
Ali,170873,959
Ali,122186,288
Ali,160994,471
Ali,100681,558
Ali,128280,744
Ali,168646,642
Ali,186821,384
Ali,104978,838
Ali,183896,585
Ali,104904,587
Ali,111931,727
Ali,139121,321
Ali,148695,687
Ali,156851,726
Ali,117117,945
Ali,139140,636
Ali,154131,130
Ali,183061,330
Ali,193265,816
Ali,181504,739
Ali,165609,878
Ali,170169,929
Ali,163538,29
Ali,115098,984
Ali,164261,65
Ali,125529,853
Ali,151643,134
Ali,194437,936
Ali,189547,477
Ali,179464,124
Ali,160968,709
Ali,151593,478
Ali,191908,105
Ali,100221,606
Ali,131482,802
Ali,156540,291
Ali,125343,55
Ali,181335,54
Ali,123359,428
Ali,198743,960
Ali,157932,698
Ali,117909,74
Ali,108236,492
Ali,121248,874
Ali,180724,786
Ali,123069,187
Ali,167641,9
Ali,176247,247
Ali,133721,800
Ali,172686,276
Ali,127009,434
Ali,188278,660
Ali,198677,388
Ali,123547,655
Ali,142880,284
Ali,111443,785
Ali,199962,751
Ali,189667,420
Ali,140607,122
Ali,117207,626
Ali,108281,428
Ali,141244,794
Ali,142599,54
Ali,154752,351
Ali,152168,70
Ali,136532,840
Ali,124461,348
Ali,159734,954
Ali,178897,28
Ali,195874,249
Ali,164379,508
Ali,184139,37
Ali,137385,462
Ali,144390,261
Ali,143206,591
Ali,137621,635
Ali,161423,417
Ali,107565,551
Ali,124284,559
Ali,139577,907
Ali,126158,625
Ali,195633,198
Ali,103953,37
Ali,129664,706
Ali,191104,137
Ali,149191,5
Ali,175150,433
Ali,187819,593
Ali,178949,729
Ali,191220,773
Ali,133857,67
Ali,122541,719
Ali,184353,558
Ali,183356,842
Ali,120385,23
Ali,111302,612
Ali,156211,997
Ali,173524,819
Ali,176520,913
Ali,196979,273
Ali,151081,625
Ali,193778,83
Ali,160588,405
Ali,136513,412
Ali,107807,340
Ali,158283,612
Ali,129096,137
Ali,137496,219
Ali,124181,238
Ali,134755,107
Ali,163605,992
Ali,158895,525
Ali,160180,365
Ali,120274,538
Ali,103445,231
Ali,106393,673
Ali,196443,455
Ali,144945,576
Ali,143983,649
Ali,168820,849
Ali,107306,167
Ali,175384,793
Ali,117074,709
Ali,153642,316
Ali,127917,915
Ali,190729,203
Ali,123234,495
Ali,163004,425
Ali,106812,558
Ali,106500,261
Ali,159417,66
Ali,159866,465
Ali,199035,477
Ali,168799,325
Ali,196950,568
Ali,146106,121
Ali,117949,746
Ali,198465,948
Ali,156973,417
Ali,147119,91
Ali,198488,519
Ali,189372,637
Ali,191762,929
Ali,154915,286
Ali,130443,762
Ali,115008,723
Ali,175442,952
Ali,194350,782
Ali,112823,572
Ali,171324,505
Ali,195159,507
Ali,133574,544
Ali,186390,107
Ali,127187,818
Ali,170501,503
Ali,102398,552
Ali,118203,957
Ali,111802,915
Ali,173880,726
Ali,161322,243
Ali,191209,627
Ali,198202,488
Ali,126978,845
Ali,132338,124
Ali,186442,632
Ali,133413,570
Ali,133849,4
Ali,158545,110
Ali,190620,300
Ali,184393,721
Ali,195269,68
Ali,108994,944
Ali,137534,165
Ali,105419,514
Ali,160378,758
Ali,179697,278
Ali,124569,86
Ali,197326,3
Ali,144184,895
Ali,148014,594
Ali,138870,652
Ali,132253,452
Ali,146915,34
Ali,178239,63
Ali,101347,19
Ali,181375,305
Ali,154532,837
Ali,171289,397
Ali,187162,529
Ali,108558,483
Ali,189045,372
Ali,105734,503
Ali,151123,492
Ali,150873,659
Ali,199237,492
Ali,177161,973
Ali,128942,16
Ali,176545,554
Ali,174747,472
Ali,112117,975
Ali,144065,716
Ali,171388,611
Ali,144461,63
Ali,120066,252
Ali,199694,604
Ali,104172,605
Ali,140359,540
Ali,174189,693
Ali,135415,948
Ali,107307,786
Ali,133805,452
Ali,138101,618
Ali,100827,70
Ali,164201,9
Ali,133244,74
Ali,115880,509
Ali,123210,202
Ali,134308,390
Ali,147782,871
Ali,190541,525
Ali,135779,637
Ali,181027,669
Ali,173126,3
Ali,106780,16
Ali,121484,328
Ali,199973,796
Ali,105131,378
Ali,109295,337
Ali,160273,928
Ali,125797,578
Ali,128820,54
Ali,116585,724
Ali,196701,953
Ali,188140,400
Ali,154681,969
Ali,196437,34
Ali,113145,662
Ali,144560,542
Ali,180710,422
Ali,147575,494
Ali,101742,384
Ali,169478,603
Ali,181450,963
Ali,150577,598
Ali,169089,112
Ali,167833,105
Ali,113416,615
Ali,153382,972
Ali,171775,640
Ali,135096,184
Ali,152541,616
Ali,126667,581
Ali,135615,898
Ali,123127,166
Ali,170722,728
Ali,126178,418
Ali,129743,452
Ali,119146,707
Ali,115920,693
Ali,108020,150
Ali,134828,980
Ali,143044,276
Ali,146923,577
Ali,183050,3
Ali,124479,264
Ali,125186,278
Ali,132897,628
Ali,133164,523
Ali,126679,290
Ali,125637,7
Ali,143060,422
Ali,175746,680
Ali,165824,732
Ali,151995,3
Ali,196554,579
Ali,170417,645
Ali,151567,505
Ali,139719,137
Ali,192548,199
Ali,134637,930
Ali,100526,669
Ali,135092,198
Ali,114277,37
Ali,137879,796
Ali,167786,536
Ali,166709,915
Ali,116151,241
Ali,145686,444
Ali,119276,80
Ali,188287,749
Ali,107615,530
Ali,176528,38
Ali,111478,832
Ali,186443,452
Ali,157414,787
Ali,143360,458
Ali,129189,234
Ali,124510,328
Ali,103650,827
Ali,124781,166
Ali,129038,555
Ali,199993,993
Ali,146364,205
Ali,147900,850
Ali,166828,666
Ali,107153,445
Ali,192024,888
Ali,173535,545
Ali,195122,4
Ali,124517,626
Ali,140399,44
Ali,185225,97
Ali,180264,630
Ali,101315,59
Ali,114107,832
Ali,155540,576
Ali,199375,852
Ali,104349,420
Ali,182221,516
Ali,177204,248
Ali,130598,997
Ali,176044,991
Ali,159247,898
Ali,165176,671
Ali,136448,139
Ali,176579,425
Ali,129722,908
Ali,102203,267
Ali,146132,572
Ali,100235,284
Ali,163104,660
Ali,130473,780
Ali,186441,576
Ali,172338,908
Ali,146478,413
Ali,193011,293
Ali,183674,129
Ali,134605,498
Ali,197079,285
Ali,105205,596
Ali,163888,881
Ali,117227,966
Ali,101881,611
Ali,104971,984
Ali,113818,522
Ali,119070,375
Ali,184136,690
Ali,133664,110
Ali,168822,758
Ali,165459,5
Ali,192961,176
Ali,146447,338
Ali,100773,519
Ali,176324,364
Ali,153886,3
Ali,139555,528
Ali,159405,703
Ali,120733,301
Ali,117666,876
Ali,162241,826
Ali,144053,996
Ali,129104,396
Ali,136182,376
Ali,161689,212
Ali,126223,541
Ali,156377,956
Ali,105890,894
Ali,148276,489
Ali,178690,48
Ali,189090,430
Ali,145371,70
Ali,138788,415
Ali,114551,635
Ali,131651,523
Ali,138845,819
Ali,111056,555
Ali,152728,667
Ali,194518,100
Ali,138911,420
Ali,189677,669
Ali,148065,632
Ali,183702,90
Ali,115319,178
Ali,102129,884
Ali,158905,290
Ali,134865,937
Ali,172224,526
Ali,178283,380
Ali,164580,777
Ali,158550,337
Ali,117450,596
Ali,117727,898
Ali,151323,330
Ali,193891,881
Ali,103185,919
Ali,188893,191
Ali,186244,825
Ali,109466,942
Ali,160078,196
Ali,124766,927
Ali,138723,393
Ali,105375,613
Ali,127995,16
Ali,167954,17
Ali,187932,891
Ali,117174,115
Ali,166374,903
Ali,159521,874
Ali,159712,810
Ali,134878,730
Ali,190328,109
Ali,152115,396
Ali,148550,1000
Ali,127984,200
Ali,179147,449
Ali,180192,407
Ali,140169,987
Ali,103861,832
Ali,156826,20
Ali,163193,648
Ali,121535,795
Ali,120743,574
Ali,188327,471
Ali,136426,869
Ali,123113,173
Ali,179912,53
Ali,169040,288
Ali,149499,425
Ali,134321,788
Ali,139613,869
Ali,120186,125
Ali,144150,585
Ali,132594,692
Ali,145160,294
Ali,181482,953
Ali,145450,647
Ali,186391,724
Ali,102288,304
Ali,192756,473
Ali,179088,123
Ali,124090,697
Ali,107966,285
Ali,106438,929
Ali,141632,296
Ali,118880,167
Ali,192760,209
Ali,135357,548
Ali,181695,834
Ali,190546,928
Ali,124233,881
Ali,153498,712
Ali,110282,79
Ali,190488,787
Ali,101110,813
Ali,102132,235
Ali,120981,911
Ali,146301,14
Ali,105762,980
Ali,156317,550
Ali,185297,94
Ali,152516,457
Ali,112897,297
Ali,105333,651
Ali,115999,503
Ali,146859,145
Ali,198403,703
Ali,104469,961
Ali,156121,27
Ali,164040,816
Ali,123498,414
Ali,109220,531
Ali,185020,621
Ali,175019,14
Ali,108743,805
Ali,105568,571
Ali,118139,63
Ali,102963,605
Ali,155522,2
Ali,159935,50
Ali,104985,906
Ali,129216,948
Ali,193974,606
Ali,160545,610
Ali,104051,12
Ali,161311,879
Ali,115492,407
Ali,148540,338
Ali,153975,247
Ali,133353,37
Ali,170825,758
Ali,142746,651
Ali,199420,913
Ali,184766,658
Ali,131096,453
Ali,157716,947
Ali,199560,958
Ali,107000,180
Ali,121357,336
Ali,136295,534
Ali,117446,253
Ali,183573,611
Ali,177928,815
Ali,132992,398
Ali,162983,776
Ali,162509,687
Ali,103054,625
Ali,130154,949
Ali,171998,67
Ali,133247,871
Ali,157309,280
Ali,110952,631
Ali,112662,649
Ali,183152,490
Ali,105029,997
Ali,174556,461
Ali,102506,407
Ali,106229,810
Ali,112631,38
Ali,106658,145
Ali,198278,638
Ali,126751,591
Ali,127762,693
Ali,126231,817
Ali,140989,91
Ali,188795,626
Ali,105000,97
Ali,170623,177
Ali,192422,751
Ali,114864,169
Ali,108910,393
Ali,158192,802
Ali,197727,966
Ali,181485,137
Ali,197157,422
Ali,116260,956
Ali,140623,720
Ali,119964,561
Ali,166959,552
Ali,154421,206
Ali,150338,721
Ali,108996,400
Ali,132729,518
Ali,125111,94
Ali,183718,568
Ali,166208,154
Ali,170272,759
Ali,103345,12
Ali,168134,443
Ali,123775,617
Ali,195237,990
Ali,176154,592
Ali,195691,236
Ali,173903,902
Ali,179200,736
Ali,136711,94
Ali,180642,547
Ali,119524,455
Ali,196028,777
Ali,198089,459
Ali,181873,218
Ali,198265,159
Ali,184185,514
Ali,191962,88
Ali,164022,129
Ali,163720,328
Ali,196117,54
Ali,118500,248
Ali,119985,560
Ali,184710,429
Ali,187087,171
Ali,189287,844
Ali,177608,116
Ali,145107,414
Ali,161809,359
Ali,140617,714
Ali,157035,169
Ali,130564,392
Ali,184357,964
Ali,184376,146
Ali,111067,749
Ali,140383,840
Ali,166947,751
Ali,146656,447
Ali,177106,739
Ali,179539,409
Ali,153380,110
Ali,169746,703
Ali,119974,553
Ali,192610,989
Ali,102753,10
Ali,164233,887
Ali,125778,703
Ali,182926,237
Ali,181914,125
Ali,170440,576
Ali,194967,378
Ali,180494,362
Ali,133903,703
Ali,193564,764
Ali,172116,198
Ali,155130,875
Ali,145791,718
Ali,135601,927
Ali,148071,593
Ali,188380,144
Ali,153328,161
Ali,135087,718
Ali,150548,442
Ali,156008,74
Ali,127838,785
Ali,101973,834
Ali,145076,600
Ali,153431,23
Ali,196111,522
Ali,130992,70
Ali,191046,64
Ali,113605,935
Ali,161792,497
Ali,122183,465
Ali,106720,758
Ali,185401,206
Ali,142848,684
Ali,106644,111
Ali,188699,516
Ali,196383,257
Ali,199834,417
Ali,166290,594
Ali,179475,500
Ali,125016,644
Ali,107160,116
Ali,140999,581
Ali,153168,679
Ali,118242,235
Ali,101422,795
Ali,132297,506
Ali,112159,991
Ali,146002,631
Ali,174252,388
Ali,199221,195
Ali,122020,563
Ali,166447,111
Ali,193452,601
Ali,138310,910
Ali,170300,958
Ali,194170,596
Ali,185367,259
Ali,100635,228
Ali,197551,33
Ali,128424,990
Ali,136720,766
Ali,199138,938
Ali,188656,168
Ali,166183,932
Ali,141723,622
Ali,154016,6
Ali,131767,209
Ali,178128,261
Ali,106530,206
Ali,152069,886
Ali,105982,590
Ali,113540,652
Ali,151488,527
Ali,157376,915
Ali,151254,554
Ali,183554,536
Ali,147553,487
Ali,118016,886
Ali,144935,975
Ali,129084,6
Ali,178125,884
Ali,140910,624
Ali,138036,129
Ali,139656,987
Ali,140972,434
Ali,111148,971
Ali,146921,921
Ali,157142,998
Ali,151169,382
Ali,151253,473
Ali,176800,717
Ali,128321,561
Ali,160323,643
Ali,151814,642
Ali,184921,350
Ali,158470,684
Ali,150975,757
Ali,168176,443
Ali,143151,178
Ali,173980,302
Ali,147590,90
Ali,196765,587
Ali,150709,188
Ali,134100,783
Ali,177723,1000
Ali,145389,466
Ali,113566,407
Ali,132553,941
Ali,131709,858
Ali,136677,809
Ali,187073,350
Ali,176644,506
Ali,180059,640
Ali,134233,555
Ali,127387,486
Ali,108739,339
Ali,179277,420
Ali,113361,601
Ali,119528,99
Ali,188290,953
Ali,188968,130
Ali,108100,348
Ali,142612,732
Ali,154350,806
Ali,163867,946
Ali,101482,909
Ali,120706,986
Ali,165997,850
Ali,106120,974
Ali,173743,95
Ali,168572,330
Ali,182724,717
Ali,139425,676
Ali,125664,537
Ali,144472,706
Ali,157041,474
Ali,177034,600
Ali,171620,655
Ali,197859,51
Ali,118422,525
Ali,119415,252
Ali,155658,663
Ali,157130,361
Ali,138965,601
Ali,144435,154
Ali,126365,401
Ali,123574,319
Ali,123051,703
Ali,132269,89
Ali,116938,436
Ali,145191,265
Ali,188200,129
Alan,177067,50
Alan,106620,77
Alan,179391,130
Alan,152371,814
Alan,118081,126
Alan,146890,716
Alan,147161,750
Alan,114067,170
Alan,190573,444
Alan,126890,196
Alan,153185,707
Alan,135522,565
Alan,139394,970
Alan,121182,740
Alan,172668,894
Alan,177898,281
Alan,185322,672
Alan,118169,303
Alan,156062,204
Alan,141972,582
Alan,137684,266
Alan,180559,742
Alan,119859,854
Alan,199031,560
Alan,160905,610
Alan,186990,189
Alan,105322,655
Alan,122375,671
Alan,150455,106
Alan,122778,568
Alan,144635,32
Alan,170312,762
Alan,131161,824
Alan,187197,797
Alan,163934,331
Alan,142289,867
Alan,191555,652
Alan,155987,439
Alan,198237,23
Alan,142747,513
Alan,185469,374
Alan,144534,302
Alan,130184,715
Alan,161730,759
Alan,156990,163
Alan,165551,385
Alan,131535,229
Alan,162549,627
Alan,143025,392
Alan,171407,900
Alan,161288,203
Alan,106758,213
Alan,178258,912
Alan,114849,957
Alan,136676,843
Alan,196727,768
Alan,182616,25
Alan,160503,426
Alan,192176,274
Alan,179341,259
Alan,118193,676
Alan,134047,764
Alan,183861,565
Alan,112316,281
Alan,138657,582
Alan,184725,22
Alan,132468,281
Alan,148338,100
Alan,120575,410
Alan,166047,219
Alan,106505,442
Alan,170586,84
Alan,149641,168
Alan,174549,203
Alan,189850,537
Alan,185689,984
Alan,115202,168
Alan,104527,178
Alan,125809,979
Alan,124928,279
Alan,184676,545
Alan,123581,162
Alan,187744,744
Alan,112146,752
Alan,167553,944
Alan,120750,553
Alan,166712,139
Alan,148726,834
Alan,106674,181
Alan,134337,410
Alan,147270,899
Alan,115995,338
Alan,108008,317
Alan,126352,523
Alan,143227,372
Alan,128519,230
Alan,171732,735
Alan,116217,535
Alan,156795,588
Alan,110334,10
Alan,198379,579
Alan,187665,734
Alan,192179,679
Alan,141894,285
Alan,169022,531
Alan,178837,892
Alan,120864,846
Alan,153423,814
Alan,153951,975
Alan,172011,877
Alan,194168,669
Alan,121101,514
Alan,103201,993
Alan,145832,775
Alan,114481,842
Alan,126603,578
Alan,113446,327
Alan,194481,723
Alan,112444,78
Alan,196330,831
Alan,132330,335
Alan,175206,916
Alan,175467,240
Alan,168339,530
Alan,172521,587
Alan,133013,507
Alan,131185,729
Alan,155819,91
Alan,100265,485
Alan,165334,230
Alan,168349,302
Alan,137662,339
Alan,125010,389
Alan,151222,106
Alan,112905,519
Alan,116404,903
Alan,172016,895
Alan,184900,562
Alan,117180,143
Alan,119187,893
Alan,199106,839
Alan,196678,742
Alan,102790,436
Alan,184418,20
Alan,165126,898
Alan,165558,943
Alan,159505,416
Alan,161125,828
Alan,187854,781
Alan,143270,661
Alan,175319,479
Alan,163262,625
Alan,104744,174
Alan,110330,933
Alan,186164,571
Alan,151535,952
Alan,196295,877
Alan,123701,609
Alan,136105,522
Alan,124747,137
Alan,129426,333
Alan,191932,967
Alan,108970,22
Alan,134062,49
Alan,125022,952
Alan,161475,643
Alan,188828,187
Alan,168152,792
Alan,193815,344
Alan,132518,5
Alan,172316,204
Alan,162412,722
Alan,124647,928
Alan,139829,439
Alan,147506,893
Alan,102742,932
Alan,109146,123
Alan,145734,71
Alan,118164,230
Alan,135380,745
Alan,157819,938
Alan,101481,723
Alan,122465,618
Alan,199178,681
Alan,156137,358
Alan,171467,262
Alan,134667,798
Alan,188020,702
Alan,183743,494
Alan,189663,796
Alan,130560,136
Alan,106622,844
Alan,111748,850
Alan,187439,344
Alan,133897,386
Alan,117642,847
Alan,119394,374
Alan,101059,787
Alan,105902,753
Alan,131910,0
Alan,164229,246
Alan,191135,368
Alan,141167,693
Alan,123888,694
Alan,127688,702
Alan,196455,823
Alan,176657,294
Alan,177588,687
Alan,175648,960
Alan,196089,379
Alan,197980,389
Alan,108550,674
Alan,138172,716
Alan,165690,149
Alan,188581,189
Alan,183091,51
Alan,174054,231
Alan,185677,307
Alan,127298,416
Alan,154502,93
Alan,108240,972
Alan,179581,219
Alan,141340,126
Alan,156912,972
Alan,186297,132
Alan,197167,372
Alan,195479,524
Alan,151938,87
Alan,139795,712
Alan,174901,216
Alan,194422,931
Alan,101161,992
Alan,197951,316
Alan,180064,663
Alan,123110,254
Alan,189559,325
Alan,125254,956
Alan,103693,313
Alan,133370,110
Alan,113390,430
Alan,146245,913
Alan,145775,402
Alan,158552,649
Alan,114139,97
Alan,117477,68
Alan,118056,19
Alan,165699,203
Alan,103480,885
Alan,106131,849
Alan,136797,384
Alan,107533,851
Alan,170658,17
Alan,118401,567
Alan,106830,607
Alan,139543,834
Alan,161650,290
Alan,193039,240
Alan,110385,784
Alan,141182,890
Alan,117472,601
Alan,147392,90
Alan,156746,970
Alan,182156,574
Alan,136918,201
Alan,116089,875
Alan,147379,658
Alan,110475,612
Alan,107751,460
Alan,133685,537
Alan,100687,367
Alan,123204,702
Alan,152991,6
Alan,161563,914
Alan,198865,80
Alan,181784,124
Alan,173667,265
Alan,120157,705
Alan,158150,249
Alan,120307,294
Alan,116098,624
Alan,134699,954
Alan,129011,872
Alan,127619,405
Alan,122289,148
Alan,198052,763
Alan,128971,368
Alan,130045,955
Alan,110825,997
Alan,139126,711
Alan,126598,997
Alan,111992,803
Alan,194348,407
Alan,168864,160
Alan,180219,521
Alan,146396,649
Alan,158046,25
Alan,106087,475
Alan,128117,851
Alan,186866,859
Alan,150679,729
Alan,192005,739
Alan,119268,14
Alan,152913,192
Alan,191260,968
Alan,127470,414
Alan,174749,214
Alan,124054,401
Alan,159110,641
Alan,178853,207
Alan,114150,769
Alan,101434,266
Alan,112608,656
Alan,108334,665
Alan,193041,107
Alan,148250,398
Alan,149092,996
Alan,187212,973
Alan,153924,952
Alan,178228,825
Alan,121721,50
Alan,123601,396
Alan,117126,100
Alan,130242,368
Alan,196569,162
Alan,168823,687
Alan,183653,748
Alan,182095,876
Alan,142149,491
Alan,132681,412
Alan,192270,757
Alan,168389,520
Alan,155335,440
Alan,111262,509
Alan,187030,81
Alan,170828,398
Alan,177273,214
Alan,100691,935
Alan,139986,588
Alan,166493,254
Alan,175212,252
Alan,181151,658
Alan,108338,131
Alan,102920,87
Alan,150549,561
Alan,160018,418
Alan,162102,453
Alan,145229,183
Alan,159301,49
Alan,195061,401
Alan,156235,82
Alan,184091,631
Alan,128589,836
Alan,141621,721
Alan,111641,406
Alan,144496,913
Alan,163020,282
Alan,111326,800
Alan,175737,767
Alan,157123,956
Alan,165972,417
Alan,187591,874
Alan,108056,266
Alan,174104,159
Alan,106514,796
Alan,149646,245
Alan,133812,521
Alan,123741,603
Alan,148019,407
Alan,124734,444
Alan,155342,377
Alan,175074,488
Alan,180375,695
Alan,127874,47
Alan,147397,939
Alan,160065,172
Alan,181035,991
Alan,183296,914
Alan,199307,307
Alan,166121,56
Alan,110645,933
Alan,127193,70
Alan,100988,865
Alan,109504,970
Alan,113714,776
Alan,154163,995
Alan,140348,272
Alan,134103,164
Alan,197005,481
Alan,147406,476
Alan,142103,113
Alan,109927,520
Alan,154661,291
Alan,189293,418
Alan,175725,133
Alan,122331,638
Alan,130729,749
Alan,102348,334
Alan,188033,84
Alan,135367,795
Alan,168158,945
Alan,176119,977
Alan,141441,736
Alan,155713,352
Alan,190630,42
Alan,164539,506
Alan,157690,49
Alan,143513,425
Alan,129636,334
Alan,191011,924
Alan,187758,894
Alan,102244,241
Alan,132079,528
Alan,129386,903
Alan,105585,346
Alan,176268,69
Alan,115223,310
Alan,115791,600
Alan,103886,294
Alan,153582,126
Alan,126303,483
Alan,110843,606
Alan,186054,372
Alan,193649,211
Alan,114941,546
Alan,154419,572
Alan,167774,445
Alan,105534,450
Alan,148181,390
Alan,115563,743
Alan,146882,970
Alan,126278,876
Alan,165928,327
Alan,158722,437
Alan,181095,385
Alan,190092,613
Alan,148988,37
Alan,192230,918
Alan,128775,520
Alan,129808,71
Alan,150131,209
Alan,190071,735
Alan,122843,958
Alan,151130,369
Alan,147232,295
Alan,111873,149
Alan,198033,337
Alan,140002,822
Alan,182197,255
Alan,162302,103
Alan,130332,92
Alan,149872,943
Alan,168861,144
Alan,179787,658
Alan,153576,654
Alan,125900,204
Alan,141370,846
Alan,127600,828
Alan,195353,284
Alan,166356,293
Alan,182519,645
Alan,166076,845
Alan,188642,509
Alan,102980,507
Alan,138355,566
Alan,100983,100
Alan,141394,508
Alan,144147,336
Alan,182128,997
Alan,150132,991
Alan,168034,39
Alan,115558,614
Alan,179749,182
Alan,173017,72
Alan,195707,825
Alan,152186,375
Alan,154647,381
Alan,179316,148
Alan,147917,286
Alan,122746,98
Alan,135938,274
Alan,180135,465
Alan,150250,899
Alan,129726,695
Alan,184251,646
Alan,171339,562
Alan,169966,471
Alan,161695,746
Alan,148715,675
Alan,127543,884
Alan,112869,621
Alan,132452,500
Alan,120705,874
Alan,146295,909
Alan,193813,90
Alan,150965,828
Alan,154868,67
Alan,133638,99
Alan,140634,192
Alan,187981,523
Alan,159483,163
Alan,176421,103
Alan,138478,33
Alan,136538,192
Alan,146799,456
Alan,157816,905
Alan,193207,402
Alan,140072,833
Alan,118998,524
Alan,192494,20
Alan,174964,752
Alan,147462,147
Alan,122424,74
Alan,161321,635
Alan,119279,154
Alan,153960,454
Alan,126564,428
Alan,180859,388
Alan,111486,852
Alan,139269,684
Alan,124608,597
Alan,152305,167
Alan,187762,473
Alan,102598,124
Alan,174663,595
Alan,147992,704
Alan,186590,117
Alan,148239,615
Alan,157367,289
Alan,123067,477
Alan,109543,333
Alan,157102,982
Alan,171938,94
Alan,177903,619
Alan,116908,257
Alan,114263,80
Alan,192175,718
Alan,104251,877
Alan,110647,33
Alan,183052,860
Alan,166118,583
Alan,133788,572
Alan,146019,663
Alan,199066,907
Alan,196260,556
Alan,157515,194
Alan,194507,226
Alan,150592,248
Alan,157952,733
Alan,128887,577
Alan,164834,915
Alan,166051,77
Alan,127073,41
Alan,142197,709
Alan,170654,269
Alan,143525,375
Alan,172524,575
Alan,134589,779
Alan,195572,538
Alan,191631,506
Alan,154029,604
Alan,178535,453
Alan,117461,472
Alan,173039,272
Alan,195222,376
Alan,146277,689
Alan,169387,663
Alan,185301,445
Alan,107448,45
Alan,115412,494
Alan,137447,281
Alan,190581,957
Alan,114048,309
Alan,134378,619
Alan,177606,863
Alan,105759,265
Alan,102808,816
Alan,178361,610
Alan,177165,268
Alan,125930,900
Alan,155364,29
Alan,165821,525
Alan,100085,812
Alan,178896,652
Alan,136750,738
Alan,100309,713
Alan,177466,185
Alan,114187,197
Alan,131237,519
Alan,150495,18
Alan,189869,941
Alan,178774,390
Alan,148352,660
Alan,112460,165
Alan,101999,527
Alan,131573,165
Alan,161061,193
Alan,180981,520
Alan,103813,198
Alan,150627,650
Alan,147777,236
Alan,161496,11
Alan,126450,52
Alan,154606,209
Alan,189057,457
Alan,146141,57
Alan,198936,861
Alan,178119,798
Alan,136204,250
Alan,136066,727
Alan,129885,315
Alan,162335,571
Alan,162270,241
Alan,111172,510
Alan,108651,296
Alan,179679,710
Alan,199815,793
Alan,159795,456
Alan,151342,895
Alan,194333,120
Alan,188628,391
Alan,165999,424
Alan,143181,852
Alan,173928,654
Alan,111556,853
Alan,111367,540
Alan,109767,775
Alan,138204,937
Alan,155216,677
Alan,173344,121
Alan,159041,900
Alan,178116,875
Alan,127095,41
Alan,115504,657
Alan,183333,558
Alan,179037,752
Alan,138375,487
Alan,182391,571
Alan,142348,57
Alan,199436,813
Alan,150158,188
Alan,155106,867
Alan,178732,41
Alan,115805,638
Alan,182457,633
Alan,119973,191
Alan,120462,71
Alan,142113,293
Alan,131069,598
Alan,163123,202
Alan,181041,316
Alan,149039,657
Alan,121630,589
Alan,189560,330
Alan,114694,255
Alan,198142,507
Alan,113632,613
Alan,137458,686
Alan,107038,770
Alan,118025,714
Alan,120492,388
Alan,172343,881
Alan,144539,107
Alan,190790,362
Alan,173670,849
Alan,170821,282
Alan,156554,616
Alan,145444,205
Alan,177197,255
Alan,138336,335
Alan,195230,82
Alan,175173,496
Alan,130697,728
Alan,108362,253
Alan,196115,177
Alan,132807,435
Alan,185289,601
Alan,122955,720
Alan,107052,138
Alan,163282,407
Alan,198754,221
Alan,172196,500
Alan,128319,132
Alan,153991,394
Alan,123889,350
Alan,124624,78
Alan,155142,184
Alan,197454,641
Alan,162594,550
Alan,157272,735
Alan,167112,18
Alan,175112,941
Alan,115913,274
Alan,196501,751
Alan,105927,614
Alan,133729,848
Alan,112985,342
Alan,177740,495
Alan,140154,717
Alan,181089,303
Alan,126238,342
Alan,112038,751
Alan,186125,851
Alan,147352,819
Alan,141565,807
Alan,166249,895
Alan,198983,414
Alan,119837,759
Alan,198892,649
Alan,101759,721
Alan,141553,905
Alan,127131,412
Alan,117127,555
Alan,177620,154
Alan,199591,924
Alan,161318,933
Alan,174448,676
Alan,196034,645
Alan,140728,230
Alan,158767,313
Alan,169816,275
Alan,149070,61
Alan,185782,369
Alan,125679,782
Alan,189220,438
Alan,159641,516
Alan,199038,209
Alan,148131,893
Alan,156142,660
Alan,154894,561
Alan,157196,54
Alan,129503,794
Alan,191284,472
Alan,158264,112
Alan,143890,525
Alan,155838,746
Alan,169640,114
Alan,109853,761
Alan,146838,960
Alan,169221,209
Alan,143448,530
Alan,191020,695
Alan,180895,986
Alan,124527,269
Alan,192367,607
Alan,158993,156
Alan,125088,125
Alan,106963,567
Alan,110377,588
Alan,163683,445
Alan,101361,424
Alan,184341,738
Alan,171831,352
Alan,130569,633
Alan,181603,186
Alan,125914,958
Alan,158900,312
Alan,193678,227
Alan,111949,408
Alan,115243,34
Alan,199889,243
Alan,164124,131
Alan,199231,789
Alan,131011,986
Alan,143388,168
Alan,153056,22
Alan,192565,450
Alan,183686,200
Alan,177429,930
Alan,184793,866
Alan,153396,527
Alan,169152,761
Alan,171001,194
Alan,165000,195
Alan,149020,942
Alan,190925,117
Alan,157705,928
Alan,183851,104
Alan,136287,213
Alan,199531,799
Alan,115692,254
Alan,156935,759
Alan,109507,421
Alan,113802,878
Alan,172027,987
Alan,114299,176
Alan,145051,570
Alan,199594,128
Alan,114856,864
Alan,101647,224
Alan,119000,852
Alan,127961,95
Alan,116223,926
Alan,186296,408
Alan,110735,582
Alan,199816,618
Alan,153950,503
Alan,116084,317
Alan,140889,113
Alan,184355,65
Alan,198034,270
Alan,160775,168
Alan,115513,581
Alan,175762,549
Alan,126903,542
Alan,115238,554
Alan,194223,221
Alan,193600,501
Alan,147709,584
Alan,103991,500
Alan,160733,198
Alan,156239,334
Alan,190041,784
Alan,107042,233
Alan,194067,112
Alan,131463,634
Alan,188291,208
Alan,132742,221
Alan,184719,849
Alan,186832,83
Alan,169345,486
Alan,181936,45
Alan,173511,932
Alan,198663,171
Alan,197050,993
Alan,190354,558
Alan,110738,793
Alan,136722,951
Alan,147237,974
Alan,123537,666
Alan,164604,470
Alan,134837,404
Alan,130745,781
Alan,113748,806
Alan,118895,587
Alan,144691,270
Alan,123441,490
Alan,109482,862
Alan,128509,394
Alan,172559,286
Alan,130448,693
Alan,190176,154
Alan,137216,743
Alan,163861,602
Alan,187072,190
Alan,128651,912
Alan,172358,755
Alan,186943,325
Alan,144679,460
Alan,179237,827
Alan,173451,536
Alan,128312,624
Alan,189062,229
Alan,191939,386
Alan,171195,247
Alan,171452,755
Alan,122038,871
Alan,154085,180
Alan,135642,537
Alan,137620,225
Alan,162987,548
Alan,101753,778
Alan,175004,629
Alan,125571,803
Alan,123786,596
Alan,118665,699
Alan,169247,503
Alan,195921,906
Alan,184165,991
Alan,130574,425
Alan,156968,833
Alan,140489,227
Alan,196751,653
Alan,136764,837
Alan,115773,903
Alan,171139,355
Alan,116787,547
Alan,112226,562
Alan,139937,559
Alan,170946,402
Alan,144297,602
Alan,178372,662
Alan,126180,856
Alan,152901,845
Alan,117577,365
Alan,106414,780
Alan,119293,220
Alan,193922,620
Alan,113633,380
Alan,126439,177
Alan,176304,134
Alan,109367,507
Alan,159239,291
Alan,120834,945
Alan,151189,178
Alan,131770,291
Alan,145130,947
Alan,127802,158
Alan,142134,676
Alan,135299,348
Alan,133560,64
Alan,131883,382
Alan,100632,204
Alan,191031,468
Alan,147063,411
Alan,196538,912
Alan,118598,59
Alan,108608,20
Alan,107958,471
Alan,122524,468
Alan,177221,146
Alan,114390,884
Alan,143119,626
Alan,162515,161
Alan,155245,664
Alan,119056,753
Alan,179589,908
Alan,187333,350
Alan,134635,315
Alan,137090,239
Alan,153104,312
Alan,164758,618
Alan,135461,485
Alan,195618,391
Alan,187905,64
Alan,186656,468
Alan,177517,730
Alan,114701,298
Alan,103428,464
Alan,100731,603
Alan,185890,241
Alan,133763,787
Alan,101567,945
Alan,143858,542
Alan,106932,134
Alan,117681,883
Alan,162734,250
Alan,141576,215
Alan,186795,579
Alan,140212,156
Alan,185633,173
Alan,159720,396
Alan,153305,928
Alan,186681,419
Alan,115984,286
Alan,152534,858
Alan,119179,951
Alan,166399,358
Alan,181637,922
Alan,140932,159
Alan,135186,803
Alan,103846,432
Alan,172262,900
Alan,194234,120
Alan,172353,733
Alan,139326,720
Alan,179383,800
Alan,110447,785
Alan,188162,422
Alan,116937,58
Alan,197698,610
Alan,165702,357
Alan,142361,58
Alan,139226,7
Alan,104217,14
Alan,126476,966
Alan,168025,282
Alan,139359,543
Alan,151958,203
Alan,192704,972
Alan,146173,66
Alan,116477,491
Alan,127650,530
Alan,155831,413
Alan,139287,720
Alan,146345,141
Alan,177262,113
Alan,103436,692
Alan,163724,490
Alan,131364,965
Alan,174081,807
Alan,175433,750
Alan,120731,493
Alan,151655,38
Alan,178063,704
Alan,197249,927
Alan,135724,924
Alan,101253,117
Aaron,180015,987
Aaron,134345,58
Aaron,161142,118
Aaron,149660,766
Aaron,186383,588
Aaron,158918,580
Aaron,141830,263
Aaron,105888,810
Aaron,196384,901
Aaron,151279,690
Aaron,107480,600
Aaron,112916,352
Aaron,158215,843
Aaron,115437,201
Aaron,106930,225
Aaron,142788,935
Aaron,145816,813
Aaron,143308,779
Aaron,134175,762
Aaron,107916,667
Aaron,176854,349
Aaron,150130,657
Aaron,195496,941
Aaron,186024,0
Aaron,125473,23
Aaron,166084,127
Aaron,132774,264
Aaron,186032,710
Aaron,177147,109
Aaron,114244,680
Aaron,111755,270
Aaron,111111,891
Aaron,107384,869
Aaron,125705,332
Aaron,155322,567
Aaron,127199,91
Aaron,147906,421
Aaron,117684,717
Aaron,165102,713
Aaron,165948,628
Aaron,148692,402
Aaron,189290,772
Aaron,191858,665
Aaron,148357,232
Aaron,109441,477
Aaron,158532,358
Aaron,189523,396
Aaron,146945,254
Aaron,158756,426
Aaron,185346,775
Aaron,131264,873
Aaron,112017,361
Aaron,176801,768
Aaron,168237,640
Aaron,121065,860
Aaron,147085,306
Aaron,173633,67
Aaron,145747,302
Aaron,163586,110
Aaron,115348,425
Aaron,172897,503
Aaron,119159,564
Aaron,165187,442
Aaron,185712,832
Aaron,105822,584
Aaron,135015,102
Aaron,157727,433
Aaron,194601,302
Aaron,138781,921
Aaron,112650,380
Aaron,118370,371
Aaron,187220,650
Aaron,100846,953
Aaron,131010,143
Aaron,166640,239
Aaron,144312,96
Aaron,188003,605
Aaron,167255,544
Aaron,110161,953
Aaron,101696,29
Aaron,112266,313
Aaron,182382,91
Aaron,161100,842
Aaron,178576,591
Aaron,188289,523
Aaron,108486,651
Aaron,101152,606
Aaron,167910,948
Aaron,147369,289
Aaron,191695,310
Aaron,157219,585
Aaron,135261,722
Aaron,127163,762
Aaron,181780,588
Aaron,133584,992
Aaron,100100,64
Aaron,170596,399
Aaron,134042,858
Aaron,136643,661
Aaron,134898,168
Aaron,141547,667
Aaron,188062,982
Aaron,106498,769
Aaron,107048,457
Aaron,179291,706
Aaron,110071,110
Aaron,170488,409
Aaron,172778,50
Aaron,198555,202
Aaron,103136,975
Aaron,180538,334
Aaron,126950,36
Aaron,137495,330
Aaron,173672,181
Aaron,157530,138
Aaron,154161,545
Aaron,158113,322
Aaron,152469,35
Aaron,101339,905
Aaron,112853,871
Aaron,119053,760
Aaron,167115,17
Aaron,146663,561
Aaron,167270,531
Aaron,168469,218
Aaron,152504,745
Aaron,152835,351
Aaron,132462,605
Aaron,132430,712
Aaron,120790,833
Aaron,155745,358
Aaron,178619,432
Aaron,165020,12
Aaron,196615,165
Aaron,151727,244
Aaron,142541,841
Aaron,162437,838
Aaron,138144,793
Aaron,161119,554
Aaron,121529,478
Aaron,131640,528
Aaron,145344,243
Aaron,182994,457
Aaron,152481,926
Aaron,198684,837
Aaron,176823,504
Aaron,177061,34
Aaron,124309,321
Aaron,176025,901
Aaron,154991,514
Aaron,156016,226
Aaron,178143,742
Aaron,152029,750
Aaron,109694,23
Aaron,199365,567
Aaron,174494,338
Aaron,146261,255
Aaron,186290,375
Aaron,192241,532
Aaron,168424,64
Aaron,121393,475
Aaron,129969,823
Aaron,157688,775
Aaron,151854,947
Aaron,191262,277
Aaron,110024,123
Aaron,165363,118
Aaron,143763,803
Aaron,109574,382
Aaron,184379,570
Aaron,121858,743
Aaron,101976,298
Aaron,163061,742
Aaron,144753,643
Aaron,150685,762
Aaron,119829,705
Aaron,138067,557
Aaron,194271,64
Aaron,161768,397
Aaron,114158,128
Aaron,180777,203
Aaron,145887,179
Aaron,114568,396
Aaron,163815,52
Aaron,127044,638
Aaron,161745,157
Aaron,133744,449
Aaron,162558,548
Aaron,157156,164
Aaron,127693,33
Aaron,155474,766
Aaron,162173,297
Aaron,194978,967
Aaron,128868,71
Aaron,174446,714
Aaron,120485,892
Aaron,184618,926
Aaron,173580,503
Aaron,170659,853
Aaron,103414,784
Aaron,171657,57
Aaron,191611,158
Aaron,102022,6
Aaron,144017,660
Aaron,168837,366
Aaron,120253,789
Aaron,139110,307
Aaron,102363,261
Aaron,170130,347
Aaron,199203,864
Aaron,106162,142
Aaron,123694,313
Aaron,158938,318
Aaron,131453,687
Aaron,107492,170
Aaron,102670,690
Aaron,104177,577
Aaron,106756,462
Aaron,151798,931
Aaron,169265,130
Aaron,162298,528
Aaron,160959,915
Aaron,141169,839
Aaron,175187,127
Aaron,188925,7
Aaron,183267,787
Aaron,102234,385
Aaron,162042,308
Aaron,171313,250
Aaron,174476,112
Aaron,102882,858
Aaron,157147,990
Aaron,167087,413
Aaron,109469,63
Aaron,154045,305
Aaron,149757,498
Aaron,170197,440
Aaron,164786,716
Aaron,187024,186
Aaron,106522,358
Aaron,152238,960
Aaron,106059,514
Aaron,121286,741
Aaron,175038,766
Aaron,105309,760
Aaron,108583,214
Aaron,102777,737
Aaron,167109,532
Aaron,168721,670
Aaron,163520,682
Aaron,195484,832
Aaron,141883,297
Aaron,138811,927
Aaron,137615,183
Aaron,134821,183
Aaron,153624,171
Aaron,152394,7
Aaron,125903,801
Aaron,156058,61
Aaron,154373,560
Aaron,113758,215
Aaron,197713,120
Aaron,143092,141
Aaron,124278,305
Aaron,122387,416
Aaron,150481,27
Aaron,174176,173
Aaron,161272,360
Aaron,192835,802
Aaron,194001,575
Aaron,169736,907
Aaron,168802,268
Aaron,149799,492
Aaron,118914,175
Aaron,101409,301
Aaron,191483,687
Aaron,173844,150
Aaron,165733,514
Aaron,141991,389
Aaron,129937,979
Aaron,162627,555
Aaron,155598,352
Aaron,196180,838
Aaron,147411,222
Aaron,137021,431
Aaron,107684,988
Aaron,142158,672
Aaron,102578,16
Aaron,171276,288
Aaron,187890,604
Aaron,170818,805
Aaron,126011,410
Aaron,181525,106
Aaron,112066,553
Aaron,133761,678
Aaron,120083,244
Aaron,169801,568
Aaron,197604,63
Aaron,120141,916
Aaron,118699,772
Aaron,130968,1000
Aaron,150705,596
Aaron,141022,889
Aaron,144379,810
Aaron,170009,667
Aaron,159616,643
Aaron,103674,324
Aaron,131549,524
Aaron,180086,967
Aaron,177700,475
Aaron,139204,121
Aaron,126823,1
Aaron,179662,503
Aaron,134582,530
Aaron,116092,807
Aaron,118393,254
Aaron,123642,701
Aaron,197852,569
Aaron,144961,671
Aaron,161741,604
Aaron,141748,734
Aaron,124896,327
Aaron,150563,884
Aaron,130907,99
Aaron,196427,179
Aaron,180173,391
Aaron,151248,500
Aaron,153763,984
Aaron,194357,309
Aaron,150218,11
Aaron,172973,52
Aaron,187348,376
Aaron,186717,103
Aaron,157633,750
Aaron,146641,940
Aaron,170908,657
Aaron,186408,344
Aaron,133448,410
Aaron,176366,104
Aaron,162751,496
Aaron,178001,327
Aaron,104193,496
Aaron,148176,185
Aaron,187603,885
Aaron,112048,324
Aaron,128143,907
Aaron,175058,154
Aaron,120930,601
Aaron,109874,833
Aaron,141544,343
Aaron,171414,819
Aaron,184850,587
Aaron,118729,470
Aaron,192451,963
Aaron,104453,308
Aaron,156774,166
Aaron,181425,36
Aaron,190819,824
Aaron,109862,945
Aaron,144165,424
Aaron,114823,178
Aaron,187533,175
Aaron,117845,505
Aaron,114159,552
Aaron,143165,888
Aaron,167251,209
Aaron,107123,956
Aaron,128353,825
Aaron,114477,419
Aaron,157880,437
Aaron,158752,285
Aaron,118093,91
Aaron,178699,198
Aaron,100364,687
Aaron,142786,788
Aaron,129252,169
Aaron,131151,47
Aaron,116055,473
Aaron,190474,810
Aaron,115159,423
Aaron,139428,446
Aaron,179324,319
Aaron,132047,281
Aaron,123112,231
Aaron,188514,246
Aaron,187043,440
Aaron,156835,776
Aaron,128773,133
Aaron,120457,431
Aaron,173992,640
Aaron,118110,492
Aaron,101246,555
Aaron,155316,40
Aaron,163907,662
Aaron,154264,994
Aaron,132956,206
Aaron,174606,814
Aaron,129255,288
Aaron,104683,878
Aaron,110057,889
Aaron,152805,434
Aaron,134970,527
Aaron,107266,394
Aaron,185930,453
Aaron,170306,661
Aaron,160487,122
Aaron,109460,414
Aaron,121667,333
Aaron,116580,928
Aaron,172545,177
Aaron,127980,337
Aaron,117358,526
Aaron,157117,15
Aaron,136275,743
Aaron,190653,75
Aaron,111783,909
Aaron,123058,420
Aaron,145056,68
Aaron,132007,73
Aaron,182674,429
Aaron,184501,455
Aaron,163060,920
Aaron,185682,340
Aaron,125770,533
Aaron,138198,800
Aaron,181531,607
Aaron,142433,527
Aaron,127677,840
Aaron,197545,960
Aaron,138037,873
Aaron,181505,331
Aaron,130011,572
Aaron,115850,232
Aaron,123933,331
Aaron,175582,936
Aaron,178327,939
Aaron,108582,228
Aaron,144274,232
Aaron,126034,210
Aaron,198526,418
Aaron,195780,621
Aaron,117715,451
Aaron,137834,956
Aaron,195705,616
Aaron,173449,217
Aaron,190350,902
Aaron,125241,832
Aaron,150104,448
Aaron,156244,560
Aaron,156966,626
Aaron,103252,8
Aaron,194784,901
Aaron,135587,440
Aaron,193202,140
Aaron,196777,92
Aaron,187847,743
Aaron,176860,506
Aaron,116572,364
Aaron,175280,534
Aaron,187629,181
Aaron,100004,414
Aaron,166062,909
Aaron,173907,39
Aaron,110669,472
Aaron,109250,312
Aaron,144785,287
Aaron,159800,98
Aaron,163764,107
Aaron,137757,789
Aaron,133774,336
Aaron,137064,938
Aaron,191985,681
Aaron,173080,903
Aaron,114513,146
Aaron,111497,560
Aaron,121870,72
Aaron,113625,632
Aaron,197386,344
Aaron,103357,494
Aaron,171202,572
Aaron,162945,641
Aaron,132587,469
Aaron,130257,711
Aaron,101566,381
Aaron,149261,167
Aaron,106218,910
Aaron,109711,78
Aaron,148537,839
Aaron,177174,460
Aaron,122466,237
Aaron,113117,482
Aaron,195447,650
Aaron,150216,723
Aaron,108881,675
Aaron,183973,252
Aaron,116712,697
Aaron,142202,609
Aaron,104225,299
Aaron,157605,360
Aaron,108331,163
Aaron,179525,882
Aaron,129403,84
Aaron,164638,299
Aaron,116287,569
Aaron,137117,448
Aaron,187715,108
Aaron,145521,789
Aaron,112214,753
Aaron,106428,68
Aaron,133773,567
Aaron,114821,320
Aaron,192279,321
Aaron,197589,680
Aaron,127915,448
Aaron,187850,455
Aaron,186616,634
Aaron,167848,800
Aaron,199247,42
Aaron,157119,598
Aaron,142615,578
Aaron,168270,880
Aaron,172904,503
Aaron,114790,552
Aaron,122909,169
Aaron,199430,306
Aaron,102526,44
Aaron,197772,892
Aaron,127646,217
Aaron,193671,103
Aaron,117044,610
Aaron,179210,231
Aaron,161896,954
Aaron,113240,611
Aaron,113153,282
Aaron,102081,984
Aaron,125953,301
Aaron,191826,677
Aaron,176403,938
Aaron,112884,969
Aaron,156941,793
Aaron,145935,532
Aaron,169778,554
Aaron,179994,874
Aaron,192762,313
Aaron,197280,722
Aaron,163646,483
Aaron,170223,434
Aaron,101094,968
Aaron,159473,300
Aaron,186742,729
Aaron,178630,806
Aaron,154492,231
Aaron,115686,958
Aaron,182481,521
Aaron,151338,779
Aaron,182228,605
Aaron,148371,266
Aaron,116301,803
Aaron,119586,915
Aaron,124965,109
Aaron,108166,766
Aaron,113015,912
Aaron,198127,450
Aaron,140305,816
Aaron,106245,822
Aaron,147851,11
Aaron,123105,936
Aaron,155729,994
Aaron,169191,726
Aaron,162344,172
Aaron,184473,280
Aaron,165801,874
Aaron,104063,939
Aaron,114406,305
Aaron,101935,630
Aaron,165964,497
Aaron,152040,931
Aaron,150521,132
Aaron,118788,516
Aaron,154864,343
Aaron,171192,555
Aaron,170664,860
Aaron,138799,819
Aaron,126600,84
Aaron,133627,229
Aaron,193413,168
Aaron,124581,281
Aaron,136979,290
Aaron,101521,723
Aaron,176772,72
Aaron,199148,842
Aaron,123823,883
Aaron,128786,143
Aaron,148876,64
Aaron,113837,697
Aaron,112590,452
Aaron,157985,157
Aaron,164134,901
Aaron,182763,195
Aaron,155303,228
Aaron,186265,969
Aaron,175185,967
Aaron,175312,969
Aaron,175395,438
Aaron,183907,665
Aaron,152716,607
Aaron,193232,90
Aaron,150443,71
Aaron,190446,767
Aaron,175313,587
Aaron,186601,319
Aaron,190975,50
Aaron,175807,972
Aaron,115828,597
Aaron,142859,556
Aaron,194696,26
Aaron,183716,952
Aaron,161615,187
Aaron,153772,129
Aaron,174360,951
Aaron,107195,436
Aaron,197449,370
Aaron,114128,285
Aaron,161580,667
Aaron,183774,22
Aaron,174909,419
Aaron,177639,209
Aaron,181881,994
Aaron,188761,690
Aaron,175300,102
Aaron,128039,905
Aaron,154629,718
Aaron,139071,589
Aaron,134587,543
Aaron,101467,640
Aaron,147861,304
Aaron,186896,908
Aaron,131862,332
Aaron,107588,553
Aaron,140924,967
Aaron,185587,978
Aaron,126084,442
Aaron,126218,68
Aaron,176941,617
Aaron,198952,51
Aaron,177114,883
Aaron,138253,771
Aaron,192383,620
Aaron,124410,678
Aaron,194502,902
Aaron,162650,275
Aaron,149866,715
Aaron,188920,155
Aaron,140780,327
Aaron,184438,689
Aaron,162197,717
Aaron,124873,243
Aaron,146427,611
Aaron,166946,873
Aaron,187886,982
Aaron,189158,146
Aaron,117989,780
Aaron,151430,72
Aaron,199347,798
Aaron,195106,622
Aaron,192874,581
Aaron,198818,913
Aaron,148514,257
Aaron,147839,876
Aaron,191590,917
Aaron,179685,151
Aaron,196137,978
Aaron,138366,429
Aaron,178396,484
Aaron,106249,129
Aaron,167391,287
Aaron,192056,531
Aaron,100078,560
Aaron,132056,86
Aaron,112136,934
Aaron,135121,954
Aaron,150612,996
Aaron,175868,131
Aaron,115182,119
Aaron,133606,244
Aaron,109612,836
Aaron,126649,611
Aaron,130844,786
Aaron,125818,904
Aaron,168210,869
Aaron,154207,685
Aaron,111729,902
Aaron,108643,375
Aaron,181908,103
Aaron,131223,138
Aaron,199899,387
Aaron,114322,195
Aaron,163441,967
Aaron,146862,488
Aaron,154999,441
Aaron,125646,327
Aaron,142405,830
Aaron,185341,675
Aaron,116670,784
Aaron,168925,552
Aaron,169690,869
Aaron,183703,495
Aaron,181019,592
Aaron,183679,81
Aaron,189803,436
Aaron,101282,416
Aaron,122022,926
Aaron,132174,89
Aaron,168637,219
Aaron,155706,887
Aaron,177861,851
Aaron,140856,111
Aaron,162280,624
Aaron,124636,789
Aaron,189905,97
Aaron,124314,776
Aaron,165090,974
Aaron,127889,251
Aaron,182211,787
Aaron,192046,929
Aaron,178540,644
Aaron,165912,897
Aaron,100918,186
Aaron,117807,777
Aaron,126789,47
Aaron,116453,74
Aaron,131140,798
Aaron,122409,880
Aaron,119645,269
Aaron,135632,422
Aaron,120203,97
Aaron,125505,745
Aaron,108552,48
Aaron,107885,339
Aaron,121722,105
Aaron,133622,312
Aaron,124858,805
Aaron,161201,90
Aaron,199872,72
Aaron,149811,313
Aaron,182693,272
Aaron,184770,46
Aaron,189686,415
Aaron,158883,70
Aaron,138207,726
Aaron,147873,24
Aaron,148075,534
Aaron,185464,0
Aaron,192164,774
Aaron,178352,524
Aaron,163776,85
Aaron,111060,630
Aaron,184990,14
Aaron,120770,79
Aaron,153909,685
Aaron,154170,634
Aaron,181554,261
Aaron,195072,71
Aaron,143647,871
Aaron,105828,442
Aaron,186989,531
Aaron,148829,695
Aaron,138884,259
Aaron,133456,807
Aaron,163063,137
Aaron,113203,761
Aaron,112506,293
Aaron,140803,179
Aaron,152190,780
Aaron,133217,715
Aaron,140172,893
Aaron,131256,518
Aaron,126116,303
Aaron,153347,725
Aaron,193400,509
Aaron,179814,533
Aaron,129039,422
Aaron,172613,896
Aaron,177138,599
Aaron,177299,360
Aaron,115571,671
Aaron,146051,218
Aaron,119934,403
Aaron,111122,343
Aaron,116368,742
Aaron,162600,477
Aaron,195998,950
Aaron,185581,522
Aaron,107607,240
Aaron,103892,768
Aaron,148320,14
Aaron,137516,83
Aaron,195016,112
Aaron,136437,780
Aaron,155638,66
Aaron,144869,606
Aaron,175748,610
Aaron,158831,383
Aaron,110926,597
Aaron,102799,532
Aaron,141992,36
Aaron,176596,673
Aaron,123722,787
Aaron,102866,912
Aaron,131784,780
Aaron,125306,870
Aaron,101248,463
Aaron,149395,421
Aaron,118529,941
Aaron,186696,644
Aaron,126210,158
Aaron,149332,27
Aaron,117902,774
Aaron,185615,779
Aaron,174647,6
Aaron,173345,955
Aaron,139876,114
Aaron,169262,267
Aaron,119728,805
Aaron,157375,509
Aaron,159907,668
Aaron,185460,416
Aaron,114373,420
Aaron,151447,191
Aaron,174760,188
Aaron,197642,966
Aaron,195541,589
Aaron,155023,940
Aaron,190803,307
Aaron,152427,381
Aaron,162570,772
Aaron,111644,163
Aaron,148120,455
Aaron,125629,972
Aaron,198948,565
Aaron,190009,626
Aaron,130942,41
Aaron,174030,776
Aaron,170989,14
Aaron,129120,467
Aaron,122516,109
Aaron,100457,396
Aaron,198978,646
Aaron,143008,895
Aaron,196279,476
Aaron,173274,809
Aaron,102845,520
Aaron,192529,483
Aaron,181549,805
Aaron,144141,321
Aaron,190718,82
Aaron,138701,100
Aaron,100054,676
Aaron,100743,813
Aaron,115593,678
Aaron,145419,866
Aaron,175490,542
Aaron,181062,616
Aaron,164485,788
Aaron,180165,442
Aaron,181866,176
Aaron,182055,847
Aaron,125215,895
Aaron,189939,542
Aaron,181771,595
Aaron,180650,117
Aaron,107268,993
Aaron,158799,331
Aaron,199200,123
Aaron,137984,318
Aaron,117397,824
Aaron,199671,590
Aaron,117595,667
Aaron,199663,615
Aaron,112759,773
Aaron,126491,594
Aaron,190282,797
Aaron,100623,930
Aaron,130590,855
Aaron,164025,38
Aaron,122116,528
Aaron,184462,975
Aaron,187962,909
Aaron,148527,985
Aaron,110058,954
Aaron,173754,560
Aaron,105476,848
Aaron,161943,714
Aaron,131871,704
Aaron,110977,859
Aaron,162887,662
Aaron,125168,261
Aaron,175844,785
Aaron,142052,161
Aaron,175639,368
Aaron,163452,309
Aaron,124693,683
Aaron,118215,386
Aaron,135739,353
Aaron,151823,50
Aaron,195084,989
Aaron,106499,300
Aaron,172936,336
Aaron,111462,549
Aaron,197606,349
Aaron,119452,331
Aaron,150450,205
Aaron,177234,555
Aaron,159656,884
Aaron,114066,429
Aaron,169427,88
Aaron,153441,28
Aaron,174535,420
Aaron,164959,4
Aaron,108680,995
Aaron,118274,66
Aaron,112511,832
Aaron,196849,619
Aaron,106688,804
Aaron,155940,545
Aaron,121015,312
Aaron,185097,233
Aaron,127311,39
Aaron,188655,400
Aaron,176011,547
Aaron,173023,422
Aaron,148406,624
Aaron,181518,752
Aaron,114207,446
Aaron,155289,985
Aaron,170165,620
Aaron,173310,269
Aaron,174846,563
Aaron,178750,945
Aaron,125685,69
Aaron,111884,208
Aaron,155516,920
Aaron,105448,950
Aaron,155679,988
Aaron,155684,621
Aaron,192950,112
Aaron,156166,513
Aaron,155784,41
Aaron,153617,258
Aaron,153099,450
Aaron,147742,28
Aaron,158704,379
Aaron,190210,334
Aaron,170649,931
Aaron,159132,959
Aaron,197914,300
Aaron,175147,508
Aaron,111817,259
Aaron,152546,217
Aaron,131829,334
Aaron,195987,691
Aaron,115462,22
Aaron,170247,198
Aaron,139476,706
Aaron,157110,327
Aaron,156257,551
Aaron,164732,648
Aaron,165539,112
Aaron,142927,905
Aaron,125533,669
Aaron,156943,456
Aaron,189811,987
Aaron,109290,764
Aaron,116502,592
Aaron,188122,616
Aaron,112702,149
Aaron,120175,322
Aaron,104472,889
Aaron,142701,507
Aaron,135259,312
Aaron,161439,652
Aaron,167793,889
Aaron,109791,815
Aaron,182410,581
Aaron,168113,80
Aaron,114524,924
Aaron,160255,946
Aaron,194139,52
Aaron,139885,820
Aaron,135725,180
Aaron,108736,227
Aaron,133234,808
Aaron,125634,342
Aaron,199748,937
Aaron,136685,142
Aaron,173986,591
Aaron,121433,603
Aaron,186736,687
Aaron,104501,316
Aaron,186276,934
Aaron,137650,780
Aaron,196108,592
Aaron,106895,665
Aaron,184707,247
Aaron,166245,992
Aaron,164842,777
Aaron,113371,190
Aaron,177068,431
Aaron,118309,390
Aaron,140490,637
Aaron,158219,438
Aaron,134768,215
Aaron,167885,334
Aaron,122433,429
Aaron,113363,781
Aaron,120222,238
Aaron,100657,847
Aaron,107499,517
Aaron,186977,744
Fuller,156465,421
Fuller,123350,758
Fuller,119666,202
Fuller,132406,692
Fuller,106856,925
Fuller,110621,765
Fuller,164956,304
Fuller,139908,563
Fuller,178554,90
Fuller,142441,458
Fuller,121968,616
Fuller,106706,716
Fuller,174153,731
Fuller,199818,434
Fuller,187868,60
Fuller,156291,840
Fuller,113161,278
Fuller,113959,30
Fuller,157203,554
Fuller,165214,280
Fuller,165565,672
Fuller,156694,716
Fuller,175942,50
Fuller,196362,470
Fuller,168868,656
Fuller,108609,454
Fuller,147477,215
Fuller,151697,113
Fuller,163805,890
Fuller,158352,270
Fuller,194399,274
Fuller,129401,319
Fuller,163422,415
Fuller,185143,569
Fuller,194718,972
Fuller,165782,61
Fuller,197349,913
Fuller,168453,44
Fuller,194245,972
Fuller,187184,329
Fuller,148556,910
Fuller,118231,495
Fuller,138131,116
Fuller,123890,730
Fuller,101412,504
Fuller,156729,1
Fuller,155182,66
Fuller,146583,818
Fuller,190229,79
Fuller,141064,560
Fuller,142870,102
Fuller,100380,673
Fuller,171464,690
Fuller,115958,975
Fuller,182918,632
Fuller,129440,33
Fuller,195474,877
Fuller,125794,48
Fuller,127301,286
Fuller,189429,613
Fuller,110811,709
Fuller,170542,568
Fuller,162778,316
Fuller,149209,73
Fuller,114243,992
Fuller,168100,804
Fuller,118767,507
Fuller,188583,454
Fuller,101550,457
Fuller,129016,536
Fuller,184257,286
Fuller,152155,923
Fuller,172813,226
Fuller,134625,237
Fuller,118575,801
Fuller,110816,342
Fuller,109491,983
Fuller,185355,74
Fuller,177556,57
Fuller,103967,166
Fuller,105317,370
Fuller,140733,263
Fuller,141519,310
Fuller,116181,841
Fuller,151832,923
Fuller,105164,870
Fuller,179847,429
Fuller,165685,631
Fuller,165438,231
Fuller,142667,258
Fuller,175995,716
Fuller,118610,13
Fuller,198686,871
Fuller,129309,958
Fuller,181405,634
Fuller,172092,549
Fuller,134698,118
Fuller,171873,389
Fuller,178091,66
Fuller,121261,214
Fuller,144542,545
Fuller,152946,641
Fuller,181868,686
Fuller,166077,676
Fuller,134677,801
Fuller,183285,258
Fuller,135929,940
Fuller,111189,571
Fuller,100413,55
Fuller,121483,873
Fuller,197675,577
Fuller,121669,804
Fuller,174989,210
Fuller,112495,817
Fuller,136891,367
Fuller,113658,809
Fuller,173302,765
Fuller,135967,528
Fuller,192262,676
Fuller,196011,454
Fuller,164854,796
Fuller,136053,665
Fuller,170975,269
Fuller,162031,201
Fuller,138429,410
Fuller,170493,735
Fuller,107960,823
Fuller,180117,775
Fuller,129818,656
Fuller,186709,796
Fuller,164964,933
Fuller,133670,185
Fuller,125119,241
Fuller,199632,698
Fuller,129950,76
Fuller,150252,228
Fuller,123035,635
Fuller,159838,657
Fuller,176787,824
Fuller,132860,228
Fuller,150699,57
Fuller,158054,935
Fuller,155906,880
Fuller,143014,163
Fuller,181743,152
Fuller,101835,97
Fuller,104415,258
Fuller,108659,887
Fuller,124482,734
Fuller,109826,82
Fuller,118008,133
Fuller,166061,137
Fuller,169777,355
Fuller,124328,206
Fuller,199888,588
Fuller,141728,712
Fuller,146482,554
Fuller,120909,998
Fuller,160363,187
Fuller,123796,120
Fuller,180062,206
Fuller,153649,928
Fuller,107964,671
Fuller,189380,384
Fuller,126477,156
Fuller,151868,605
Fuller,186059,781
Fuller,159528,107
Fuller,157486,855
Fuller,107838,645
Fuller,115284,671
Fuller,181065,23
Fuller,176039,667
Fuller,162833,213
Fuller,127099,967
Fuller,157860,901
Fuller,163729,377
Fuller,167512,44
Fuller,128077,859
Fuller,189108,56
Fuller,137277,445
Fuller,119901,765
Fuller,133592,565
Fuller,144823,282
Fuller,162264,496
Fuller,138205,451
Fuller,170016,23
Fuller,101912,20
Fuller,119563,458
Fuller,140519,529
Fuller,173572,49
Fuller,160481,161
Fuller,100703,757
Fuller,138575,1000
Fuller,154119,12
Fuller,119687,474
Fuller,126176,655
Fuller,128254,489
Fuller,135360,169
Fuller,125030,594
Fuller,128018,267
Fuller,134954,724
Fuller,138544,93
Fuller,157369,904
Fuller,186661,881
Fuller,150933,798
Fuller,161249,14
Fuller,120779,245
Fuller,107770,508
Fuller,105773,353
Fuller,178908,354
Fuller,125568,356
Fuller,196553,48
Fuller,104847,212
Fuller,146316,391
Fuller,185911,380
Fuller,164279,766
Fuller,131857,443
Fuller,156600,755
Fuller,180980,238
Fuller,131538,94
Fuller,186423,473
Fuller,119896,912
Fuller,152449,497
Fuller,156705,543
Fuller,108080,376
Fuller,107834,990
Fuller,146476,131
Fuller,154517,610
Fuller,147049,277
Fuller,181992,51
Fuller,191782,866
Fuller,131488,113
Fuller,180638,312
Fuller,164411,862
Fuller,190715,211
Fuller,159752,582
Fuller,175418,265
Fuller,155948,34
Fuller,189818,739
Fuller,175111,775
Fuller,170525,650
Fuller,105495,659
Fuller,164871,578
Fuller,142045,155
Fuller,139977,256
Fuller,154381,693
Fuller,169315,817
Fuller,100505,679
Fuller,119234,507
Fuller,110766,341
Fuller,168851,742
Fuller,151766,361
Fuller,151568,1
Fuller,198959,865
Fuller,113185,173
Fuller,139858,486
Fuller,105355,356
Fuller,191229,318
Fuller,127787,822
Fuller,109337,270
Fuller,146844,41
Fuller,160623,801
Fuller,173103,401
Fuller,104567,939
Fuller,102260,142
Fuller,138069,281
Fuller,101725,618
Fuller,166474,726
Fuller,180359,995
Fuller,188075,912
Fuller,173943,932
Fuller,197728,289
Fuller,100491,770
Fuller,115318,15
Fuller,119533,273
Fuller,154068,349
Fuller,119614,411
Fuller,156248,561
Fuller,127492,829
Fuller,143511,775
Fuller,103927,882
Fuller,142316,707
Fuller,145743,456
Fuller,188472,438
Fuller,186064,127
Fuller,164553,58
Fuller,175482,986
Fuller,114246,114
Fuller,148455,893
Fuller,141303,648
Fuller,107789,976
Fuller,191829,601
Fuller,173099,960
Fuller,153524,102
Fuller,143778,140
Fuller,188006,105
Fuller,149938,129
Fuller,168248,574
Fuller,139362,467
Fuller,115308,942
Fuller,169298,423
Fuller,156518,861
Fuller,129398,983
Fuller,166671,320
Fuller,103868,697
Fuller,180709,26
Fuller,195908,18
Fuller,144841,624
Fuller,196097,713
Fuller,139454,364
Fuller,184399,91
Fuller,129563,505
Fuller,104448,319
Fuller,127108,824
Fuller,167197,308
Fuller,195569,779
Fuller,129831,447
Fuller,133864,404
Fuller,153691,584
Fuller,154297,1
Fuller,166436,71
Fuller,138981,750
Fuller,114119,367
Fuller,102762,768
Fuller,131507,928
Fuller,154948,275
Fuller,143231,790
Fuller,149503,771
Fuller,169922,282
Fuller,154854,680
Fuller,192414,756
Fuller,143459,352
Fuller,179304,466
Fuller,188440,24
Fuller,138419,212
Fuller,136003,956
Fuller,112950,690
Fuller,153821,840
Fuller,169472,589
Fuller,151525,620
Fuller,130211,987
Fuller,110102,195
Fuller,136121,27
Fuller,193706,90
Fuller,106855,383
Fuller,181280,846
Fuller,134176,892
Fuller,152213,340
Fuller,175249,771
Fuller,197579,730
Fuller,167595,228
Fuller,109724,277
Fuller,152499,685
Fuller,107864,308
Fuller,190057,774
Fuller,107284,925
Fuller,167333,403
Fuller,103595,971
Fuller,130689,555
Fuller,176724,378
Fuller,167029,228
Fuller,139144,94
Fuller,132384,175
Fuller,153993,972
Fuller,118762,218
Fuller,184248,262
Fuller,177730,270
Fuller,123196,717
Fuller,147222,707
Fuller,181577,769
Fuller,148780,126
Fuller,192202,637
Fuller,184346,460
Fuller,162124,771
Fuller,134148,925
Fuller,194372,444
Fuller,191681,66
Fuller,199294,770
Fuller,123811,76
Fuller,147155,623
Fuller,104524,250
Fuller,175301,64
Fuller,126274,946
Fuller,113844,545
Fuller,120386,555
Fuller,128177,246
Fuller,154990,898
Fuller,183681,664
Fuller,144617,232
Fuller,199557,60
Fuller,169789,694
Fuller,147954,645
Fuller,120573,26
Fuller,139129,703
Fuller,152197,56
Fuller,169310,849
Fuller,141419,440
Fuller,107158,154
Fuller,121155,493
Fuller,152465,116
Fuller,164322,455
Fuller,101598,770
Fuller,150629,757
Fuller,175981,893
Fuller,194569,279
Fuller,118985,220
Fuller,178341,132
Fuller,199262,61
Fuller,174961,38
Fuller,116836,446
Fuller,136334,92
Fuller,138497,225
Fuller,102593,443
Fuller,183913,386
Fuller,118398,318
Fuller,111083,382
Fuller,170270,556
Fuller,102272,971
Fuller,144398,986
Fuller,165188,198
Fuller,137167,751
Fuller,181175,574
Fuller,110149,373
Fuller,105627,441
Fuller,128514,769
Fuller,139710,252
Fuller,171498,860
Fuller,105233,414
Fuller,142570,586
Fuller,119244,444
Fuller,148082,486
Fuller,105552,779
Fuller,140440,162
Fuller,116861,769
Fuller,131446,47
Fuller,117575,586
Fuller,115364,3
Fuller,171818,708
Fuller,172231,601
Fuller,168987,859
Fuller,170969,676
Fuller,154984,922
Fuller,180305,332
Fuller,122554,144
Fuller,185432,15
Fuller,142748,356
Fuller,113105,582
Fuller,119626,227
Fuller,106328,712
Fuller,161542,490
Fuller,115322,325
Fuller,135373,365
Fuller,121583,103
Fuller,128505,639
Fuller,147253,533
Fuller,106129,777
Fuller,121371,974
Fuller,134159,317
Fuller,159144,26
Fuller,181186,155
Fuller,153710,345
Fuller,133663,202
Fuller,141329,812
Fuller,152424,720
Fuller,151202,301
Fuller,105490,927
Fuller,159730,188
Fuller,106912,183
Fuller,168563,330
Fuller,195743,291
Fuller,157032,778
Fuller,156845,656
Fuller,174659,688
Fuller,145558,273
Fuller,131615,171
Fuller,163322,790
Fuller,195714,297
Fuller,177318,226
Fuller,147178,6
Fuller,129751,175
Fuller,109258,68
Fuller,191725,860
Fuller,149575,287
Fuller,108692,568
Fuller,189211,778
Fuller,131895,93
Fuller,108562,761
Fuller,109795,14
Fuller,129592,70
Fuller,189101,82
Fuller,146887,46
Fuller,185203,454
Fuller,171354,27
Fuller,140905,361
Fuller,174538,104
Fuller,183484,63
Fuller,147706,72
Fuller,138242,71
Fuller,157806,58
Fuller,196835,87
Fuller,133739,956
Fuller,184738,320
Fuller,195143,728
Fuller,194613,195
Fuller,110007,641
Fuller,175697,715
Fuller,153535,865
Fuller,175724,862
Fuller,188399,73
Fuller,163412,275
Fuller,168763,876
Fuller,135470,733
Fuller,162283,542
Fuller,115968,460
Fuller,117562,469
Fuller,171134,314
Fuller,166010,969
Fuller,127190,207
Fuller,159147,746
Fuller,110070,320
Fuller,142769,854
Fuller,197867,249
Fuller,171842,49
Fuller,162928,289
Fuller,132529,543
Fuller,188861,23
Fuller,127442,804
Fuller,177720,408
Fuller,170566,605
Fuller,115725,239
Fuller,163778,565
Fuller,168070,561
Fuller,156628,266
Fuller,130820,180
Fuller,156413,969
Fuller,126840,802
Fuller,130353,581
Fuller,137296,730
Fuller,161713,148
Fuller,198566,737
Fuller,114656,252
Fuller,161888,118
Fuller,131787,28
Fuller,188197,901
Fuller,168165,546
Fuller,110465,609
Fuller,134811,118
Fuller,137494,869
Fuller,109319,742
Fuller,193138,926
Fuller,135133,988
Fuller,141515,486
Fuller,198874,689
Fuller,148199,416
Fuller,161346,823
Fuller,184263,91
Fuller,103742,378
Fuller,123713,797
Fuller,140217,777
Fuller,114003,600
Fuller,152565,272
Fuller,176734,795
Fuller,122959,424
Fuller,136990,223
Fuller,111694,964
Fuller,158578,732
Fuller,131845,504
Fuller,137210,669
Fuller,168177,771
Fuller,105528,282
Fuller,181299,719
Fuller,168295,939
Fuller,126838,91
Fuller,192657,612
Fuller,131648,351
Fuller,187360,250
Fuller,188351,883
Fuller,160505,100
Fuller,171638,814
Fuller,102280,59
Fuller,111867,113
Fuller,198522,687
Fuller,125469,77
Fuller,172754,81
Fuller,109781,297
Fuller,120343,707
Fuller,191348,103
Fuller,178234,860
Fuller,198993,227
Fuller,162986,314
Fuller,119060,878
Fuller,165306,537
Fuller,185447,607
Fuller,196037,393
Fuller,162609,431
Fuller,150879,61
Fuller,171480,143
Fuller,112178,639
Fuller,141993,722
Fuller,131210,994
Fuller,136054,429
Fuller,156575,808
Fuller,106708,151
Fuller,138801,235
Fuller,105779,261
Fuller,184546,709
Fuller,183548,797
Fuller,130345,739
Fuller,180510,495
Fuller,133619,351
Fuller,173437,71
Fuller,113075,162
Fuller,195668,131
Fuller,196595,656
Fuller,188203,854
Fuller,164159,984
Fuller,136489,139
Fuller,157541,898
Fuller,182525,899
Fuller,183461,301
Fuller,116433,105
Fuller,129711,884
Fuller,108682,290
Fuller,120819,969
Fuller,150170,33
Fuller,192074,538
Fuller,199509,228
Fuller,188870,603
Fuller,198554,341
Fuller,178289,936
Fuller,182300,351
Fuller,185943,899
Fuller,162422,739
Fuller,105536,670
Fuller,123047,899
Fuller,106933,464
Fuller,181717,169
Fuller,117202,528
Fuller,199700,413
Fuller,140551,371
Fuller,196528,966
Fuller,198103,836
Fuller,191999,288
Fuller,150613,680
Fuller,107096,720
Fuller,177793,137
Fuller,153310,453
Fuller,177402,803
Fuller,189205,238
Fuller,158855,68
Fuller,147632,965
Fuller,177795,1000
Fuller,111125,988
Fuller,127949,259
Fuller,113187,514
Fuller,106805,855
Fuller,154598,597
Fuller,130472,589
Fuller,150078,168
Fuller,178639,296
Fuller,132983,718
Fuller,174651,260
Fuller,174657,700
Fuller,134247,270
Fuller,134788,256
Fuller,127779,560
Fuller,172651,135
Fuller,102935,181
Fuller,117452,170
Fuller,157673,702
Fuller,124377,215
Fuller,113860,420
Fuller,119746,872
Fuller,199388,162
Fuller,146213,385
Fuller,171424,191
Fuller,159390,490
Fuller,193132,707
Fuller,155835,985
Fuller,157183,753
Fuller,192001,588
Fuller,170299,665
Fuller,170455,564
Fuller,107606,57
Fuller,101064,586
Fuller,188611,374
Fuller,103485,267
Fuller,168116,70
Fuller,193278,905
Fuller,154472,453
Fuller,192495,54
Fuller,155149,304
Fuller,119043,116
Fuller,155521,352
Fuller,129858,187
Fuller,128957,476
Fuller,190778,231
Fuller,117096,854
Fuller,190880,787
Fuller,191495,551
Fuller,144703,871
Fuller,106643,393
Fuller,135609,55
Fuller,115288,892
Fuller,119019,42
Fuller,170692,389
Fuller,158322,139
Fuller,188051,11
Fuller,178076,9
Fuller,146911,628
Fuller,177335,284
Fuller,116041,919
Fuller,187837,681
Fuller,177571,852
Fuller,129797,525
Fuller,149195,75
Fuller,190479,757
Fuller,141237,190
Fuller,130519,137
Fuller,100636,755
Fuller,168415,896
Fuller,107289,402
Fuller,175615,367
Fuller,196104,363
Fuller,161843,161
Fuller,143257,631
Fuller,144387,71
Fuller,169164,650
Fuller,190171,658
Fuller,120945,789
Fuller,175585,922
Fuller,111636,788
Fuller,182847,31
Fuller,148553,457
Fuller,120040,186
Fuller,175719,938
Fuller,135579,805
Fuller,169963,692
Fuller,133687,107
Fuller,139606,660
Fuller,178005,943
Fuller,137958,612
Fuller,158474,508
Fuller,196396,990
Fuller,165324,675
Fuller,195018,151
Fuller,115649,164
Fuller,123677,802
Fuller,192852,715
Fuller,190815,433
Fuller,164271,365
Fuller,165669,990
Fuller,189352,46
Fuller,144362,210
Fuller,103080,787
Fuller,101225,864
Fuller,185386,49
Fuller,124890,716
Fuller,196277,126
Fuller,196195,557
Fuller,111595,418
Fuller,139141,252
Fuller,133429,681
Fuller,145713,576
Fuller,140506,659
Fuller,143516,694
Fuller,121129,353
Fuller,155313,703
Fuller,147116,469
Fuller,141783,825
Fuller,132108,306
Fuller,199585,38
Fuller,151238,17
Fuller,115120,559
Fuller,189892,305
Fuller,131711,206
Fuller,186121,662
Fuller,162752,179
Fuller,114232,191
Fuller,128390,312
Fuller,130967,610
Fuller,145359,791
Fuller,136701,216
Fuller,171907,683
Fuller,124376,503
Fuller,192876,152
Fuller,190954,965
Fuller,104665,662
Fuller,138996,501
Fuller,134135,809
Fuller,144505,113
Fuller,115501,887
Fuller,122938,645
Fuller,167289,137
Fuller,133045,640
Fuller,182478,889
Fuller,143375,414
Fuller,175383,416
Fuller,123091,11
Fuller,182248,388
Fuller,161359,536
Fuller,118411,803
Fuller,195940,430
Fuller,184855,2
Fuller,132453,998
Fuller,157289,781
Fuller,166752,378
Fuller,131197,282
Fuller,153296,554
Fuller,147817,224
Fuller,170935,225
Fuller,179624,201
Fuller,178991,353
Fuller,185141,176
Fuller,157191,506
Fuller,182378,1000
Fuller,172475,439
Fuller,168384,690
Fuller,134812,505
Fuller,120783,417
Fuller,185588,195
Fuller,110687,132
Fuller,187676,555
Fuller,125789,981
Fuller,136416,6
Fuller,174488,794
Fuller,142565,263
Fuller,109187,542
Fuller,100544,513
Fuller,156387,361
Fuller,191282,930
Fuller,178052,779
Fuller,176922,12
Fuller,191044,726
Fuller,150733,503
Fuller,113081,621
Fuller,104900,989
Fuller,191329,710
Fuller,187509,523
Fuller,181960,521
Fuller,108784,829
Fuller,130313,950
Fuller,142040,89
Fuller,131440,901
Fuller,105859,917
Fuller,143201,770
Fuller,149015,67
Fuller,192801,450
Fuller,137611,727
Fuller,142820,103
Fuller,192146,853
Fuller,182289,56
Fuller,193749,772
Fuller,136137,730
Fuller,128064,703
Fuller,174976,576
Fuller,181981,532
Fuller,139254,916
Fuller,147740,78
Fuller,177697,333
Fuller,155132,928
Fuller,185145,283
Fuller,148197,820
Fuller,106408,831
Fuller,144971,607
Fuller,132525,645
Fuller,161907,683
Fuller,143062,37
Fuller,106907,974
Fuller,137809,809
Fuller,192834,637
Fuller,173135,454
Fuller,171505,436
Fuller,140130,811
Fuller,182649,399
Fuller,141913,437
Fuller,142566,25
Fuller,162615,99
Fuller,160327,908
Fuller,175500,37
Fuller,110723,728
Fuller,169208,387
Fuller,193335,677
Fuller,150789,805
Fuller,149071,263
Fuller,123137,924
Fuller,175700,697
Fuller,195615,104
Fuller,189134,567
Fuller,159459,692
Fuller,117192,776
Fuller,149069,397
Fuller,166510,963
Fuller,141541,179
Fuller,129529,354
Fuller,177637,587
Fuller,183507,246
Fuller,149148,723
Fuller,106338,496
Fuller,151794,756
Fuller,149141,524
Fuller,151541,900
Fuller,118076,559
Fuller,167034,940
Fuller,171282,596
Fuller,167072,581
Fuller,192705,442
Fuller,165104,536
Fuller,134861,679
Fuller,195493,243
Fuller,183713,43
Fuller,180831,683
Fuller,128670,779
Fuller,186409,611
Fuller,141768,960
Fuller,147305,94
Fuller,117087,729
Fuller,196468,40
Fuller,127019,344
Fuller,111167,628
Fuller,116132,853
Fuller,167374,621
Fuller,116269,0
Fuller,151271,493
Fuller,189962,4
Fuller,182819,309
Fuller,144495,792
Fuller,131294,730
Fuller,136999,188
Fuller,109383,554
Fuller,160635,243
Fuller,139528,262
Fuller,102805,422
Fuller,195290,460
Fuller,149761,653
Fuller,118404,449
Fuller,108689,933
Fuller,148254,300
Fuller,196149,597
Fuller,102033,475
Fuller,192166,309
Fuller,107390,833
Fuller,172153,882
Fuller,180626,653
Fuller,115664,478
Fuller,134479,513
Fuller,198647,871
Fuller,107140,799
Fuller,160211,176
Fuller,164811,411
Fuller,144589,437
Fuller,194260,71
Fuller,190811,14
Fuller,162075,334
Fuller,183342,687
Fuller,140362,600
Fuller,163447,368
Fuller,166929,574
Fuller,143103,971
Fuller,133073,299
Fuller,117559,650
Fuller,132524,116
Fuller,109498,681
Freya,105438,809
Freya,154728,713
Freya,156379,918
Freya,130920,186
Freya,114364,408
Freya,157468,235
Freya,146192,600
Freya,162688,662
Freya,152767,963
Freya,197799,775
Freya,157775,793
Freya,113967,904
Freya,168142,467
Freya,111785,307
Freya,104433,495
Freya,106231,413
Freya,156546,754
Freya,170708,705
Freya,179703,979
Freya,121052,537
Freya,101958,298
Freya,117817,322
Freya,180263,494
Freya,120677,894
Freya,111744,716
Freya,188970,874
Freya,173160,41
Freya,167875,607
Freya,189717,784
Freya,197229,327
Freya,109871,494
Freya,145984,566
Freya,163977,324
Freya,142991,795
Freya,134257,536
Freya,139685,432
Freya,185113,224
Freya,174999,509
Freya,184330,402
Freya,188654,336
Freya,154985,21
Freya,148906,233
Freya,178820,433
Freya,175736,428
Freya,110979,171
Freya,123944,770
Freya,125312,103
Freya,183228,471
Freya,159440,487
Freya,196378,696
Freya,124431,272
Freya,178214,679
Freya,148805,599
Freya,175069,656
Freya,162229,903
Freya,130894,482
Freya,145254,361
Freya,180228,598
Freya,122982,368
Freya,153280,284
Freya,131041,747
Freya,118861,632
Freya,171430,3
Freya,143821,480
Freya,155086,978
Freya,132925,231
Freya,115779,848
Freya,192459,35
Freya,170906,195
Freya,114986,20
Freya,116852,981
Freya,156641,253
Freya,182906,369
Freya,159210,919
Freya,176427,564
Freya,127205,243
Freya,118269,255
Freya,150287,166
Freya,114648,891
Freya,195593,887
Freya,152043,687
Freya,128741,6
Freya,192716,65
Freya,110657,972
Freya,127666,122
Freya,178944,213
Freya,178156,420
Freya,170248,768
Freya,183173,719
Freya,160463,763
Freya,134278,737
Freya,156096,971
Freya,146521,416
Freya,159116,496
Freya,115447,999
Freya,151167,303
Freya,148735,730
Freya,111374,833
Freya,132219,320
Freya,116435,39
Freya,199481,694
Freya,130566,554
Freya,126411,152
Freya,191032,420
Freya,188063,444
Freya,181314,664
Freya,135392,540
Freya,132652,210
Freya,148917,507
Freya,110359,106
Freya,194598,652
Freya,159265,555
Freya,101557,288
Freya,138915,128
Freya,149588,803
Freya,195437,538
Freya,122411,867
Freya,126361,418
Freya,136247,374
Freya,119580,419
Freya,175709,126
Freya,139595,793
Freya,150389,435
Freya,131328,287
Freya,152850,75
Freya,188254,983
Freya,137899,664
Freya,181664,46
Freya,108895,342
Freya,191701,775
Freya,135139,217
Freya,155489,540
Freya,160491,832
Freya,170744,784
Freya,140364,276
Freya,181034,43
Freya,135285,37
Freya,123071,391
Freya,132460,169
Freya,193621,211
Freya,162146,735
Freya,166742,580
Freya,104650,512
Freya,187127,844
Freya,128860,165
Freya,108114,900
Freya,176884,939
Freya,136057,927
Freya,155653,534
Freya,130308,162
Freya,134301,308
Freya,150823,871
Freya,168408,574
Freya,130803,814
Freya,177859,198
Freya,141213,828
Freya,162403,963
Freya,101390,363
Freya,157066,838
Freya,169917,332
Freya,156404,891
Freya,130106,640
Freya,153615,29
Freya,125003,989
Freya,179208,991
Freya,165161,217
Freya,142778,727
Freya,175980,333
Freya,143796,823
Freya,113461,118
Freya,140357,667
Freya,121172,250
Freya,169219,548
Freya,131689,41
Freya,115233,111
Freya,155726,349
Freya,139919,10
Freya,158385,922
Freya,175034,606
Freya,175516,115
Freya,160182,639
Freya,152828,928
Freya,150048,425
Freya,103931,727
Freya,134160,228
Freya,160328,157
Freya,111489,33
Freya,146812,932
Freya,134905,185
Freya,192845,504
Freya,186506,836
Freya,168734,826
Freya,139029,288
Freya,135753,154
Freya,124074,802
Freya,127884,533
Freya,133067,877
Freya,124968,663
Freya,177078,278
Freya,138181,875
Freya,104026,295
Freya,146860,111
Freya,112835,759
Freya,141236,701
Freya,136923,242
Freya,178980,283
Freya,198139,782
Freya,104018,888
Freya,149405,33
Freya,119325,399
Freya,166172,315
Freya,157958,896
Freya,130220,718
Freya,180888,398
Freya,116436,553
Freya,122002,217
Freya,163777,654
Freya,195944,645
Freya,179738,814
Freya,123703,650
Freya,110289,274
Freya,117442,27
Freya,122326,967
Freya,160301,954
Freya,120023,73
Freya,150301,916
Freya,158120,398
Freya,144488,376
Freya,153655,553
Freya,118950,683
Freya,122019,236
Freya,129995,776
Freya,128623,277
Freya,195933,926
Freya,168351,803
Freya,147586,851
Freya,112872,525
Freya,126079,630
Freya,129811,540
Freya,182821,204
Freya,127690,351
Freya,188126,254
Freya,111705,48
Freya,195600,824
Freya,191614,368
Freya,134591,847
Freya,195852,25
Freya,110606,816
Freya,128092,229
Freya,163717,718
Freya,126370,471
Freya,124197,255
Freya,141798,219
Freya,138916,675
Freya,198078,610
Freya,119773,986
Freya,126995,926
Freya,174125,594
Freya,119290,509
Freya,189151,681
Freya,148543,947
Freya,120531,137
Freya,101389,927
Freya,168042,141
Freya,172781,565
Freya,184487,33
Freya,154193,828
Freya,113472,239
Freya,169234,106
Freya,134323,242
Freya,176346,916
Freya,176133,57
Freya,119527,864
Freya,150278,425
Freya,159878,788
Freya,175325,844
Freya,172375,276
Freya,151651,356
Freya,181061,440
Freya,157443,783
Freya,108428,294
Freya,144744,446
Freya,178202,4
Freya,122601,922
Freya,150180,544
Freya,157835,698
Freya,163908,783
Freya,160606,255
Freya,156262,972
Freya,107683,648
Freya,190187,339
Freya,160461,585
Freya,169311,272
Freya,136244,757
Freya,197035,731
Freya,182077,187
Freya,113347,638
Freya,105234,740
Freya,179909,36
Freya,163599,72
Freya,154959,26
Freya,104250,241
Freya,114951,931
Freya,123489,827
Freya,153596,189
Freya,140186,676
Freya,165611,585
Freya,139403,666
Freya,123101,741
Freya,180940,875
Freya,133264,195
Freya,126543,81
Freya,190688,971
Freya,140930,249
Freya,103191,61
Freya,117251,348
Freya,192160,817
Freya,135210,917
Freya,123906,603
Freya,149707,469
Freya,111640,565
Freya,147448,543
Freya,157086,783
Freya,152721,950
Freya,108902,444
Freya,165871,77
Freya,121490,423
Freya,170029,489
Freya,120961,740
Freya,196952,933
Freya,122238,873
Freya,150969,553
Freya,189995,248
Freya,156749,381
Freya,158384,712
Freya,105300,157
Freya,167760,36
Freya,193940,232
Freya,180820,913
Freya,113675,147
Freya,161711,286
Freya,136039,446
Freya,180815,137
Freya,190847,30
Freya,149100,206
Freya,103383,674
Freya,140264,975
Freya,129091,136
Freya,190974,456
Freya,169747,14
Freya,184112,584
Freya,127426,737
Freya,116165,998
Freya,141442,432
Freya,153204,373
Freya,195103,99
Freya,129200,46
Freya,182532,67
Freya,142007,752
Freya,164698,65
Freya,123394,351
Freya,176838,739
Freya,107215,356
Freya,178790,122
Freya,137488,216
Freya,144331,622
Freya,133082,900
Freya,155341,411
Freya,164748,56
Freya,192830,134
Freya,148830,883
Freya,103128,960
Freya,195562,113
Freya,114973,894
Freya,170952,621
Freya,166552,237
Freya,177760,521
Freya,162730,456
Freya,187561,606
Freya,190432,294
Freya,181660,916
Freya,125557,316
Freya,138529,830
Freya,110440,165
Freya,101203,169
Freya,113067,790
Freya,159088,67
Freya,125189,684
Freya,100275,568
Freya,174628,317
Freya,135939,261
Freya,110047,616
Freya,196568,29
Freya,195623,326
Freya,109421,184
Freya,133462,896
Freya,178821,419
Freya,126299,939
Freya,109957,60
Freya,157511,80
Freya,197360,363
Freya,153088,244
Freya,181292,140
Freya,187747,59
Freya,139782,72
Freya,135872,793
Freya,180079,164
Freya,195029,131
Freya,181604,367
Freya,166658,454
Freya,149829,21
Freya,140859,347
Freya,180489,416
Freya,165080,104
Freya,102462,340
Freya,141357,587
Freya,176183,915
Freya,130528,585
Freya,125150,127
Freya,156758,897
Freya,183443,613
Freya,178172,65
Freya,190096,699
Freya,108111,63
Freya,168121,559
Freya,174644,994
Freya,137292,415
Freya,130163,997
Freya,199130,228
Freya,149695,910
Freya,189312,381
Freya,162668,507
Freya,104311,809
Freya,111457,319
Freya,124585,693
Freya,141138,929
Freya,103334,189
Freya,155463,529
Freya,196612,428
Freya,184599,639
Freya,137020,268
Freya,161609,880
Freya,119999,20
Freya,164525,349
Freya,114269,273
Freya,135759,308
Freya,157685,959
Freya,135281,471
Freya,118184,156
Freya,167576,511
Freya,186581,260
Freya,105327,459
Freya,175331,424
Freya,118952,730
Freya,152670,875
Freya,157397,458
Freya,132496,256
Freya,198269,924
Freya,180791,579
Freya,100144,259
Freya,158927,446
Freya,121152,23
Freya,100476,309
Freya,121559,970
Freya,102971,450
Freya,176376,155
Freya,134072,433
Freya,131375,830
Freya,180847,923
Freya,193512,182
Freya,126291,229
Freya,159993,704
Freya,102858,124
Freya,173993,47
Freya,131304,26
Freya,184247,260
Freya,139517,960
Freya,141803,866
Freya,192947,587
Freya,156320,647
Freya,185321,437
Freya,178208,907
Freya,163309,29
Freya,114298,559
Freya,115320,66
Freya,130187,3
Freya,126617,879
Freya,196516,504
Freya,171455,649
Freya,174208,798
Freya,106710,841
Freya,140518,732
Freya,149263,511
Freya,143952,48
Freya,143163,447
Freya,101214,375
Freya,108274,196
Freya,154637,815
Freya,150027,286
Freya,172004,56
Freya,108248,933
Freya,112606,364
Freya,156082,172
Freya,125253,963
Freya,189346,859
Freya,168298,581
Freya,119375,370
Freya,134835,866
Freya,158906,485
Freya,173402,410
Freya,134838,284
Freya,168720,665
Freya,114100,328
Freya,123852,860
Freya,173742,594
Freya,141967,758
Freya,156514,259
Freya,132023,578
Freya,166628,63
Freya,100545,986
Freya,129297,688
Freya,107107,989
Freya,192010,543
Freya,183168,764
Freya,113267,881
Freya,185514,151
Freya,142983,640
Freya,103112,537
Freya,191110,81
Freya,106273,621
Freya,138339,188
Freya,121531,985
Freya,170430,723
Freya,122146,908
Freya,139248,68
Freya,136725,181
Freya,120724,364
Freya,153620,399
Freya,191294,954
Freya,130051,775
Freya,100426,192
Freya,151771,771
Freya,112417,719
Freya,159525,197
Freya,196511,654
Freya,107360,138
Freya,164038,924
Freya,179961,464
Freya,112863,992
Freya,199087,739
Freya,191095,35
Freya,196379,43
Freya,187008,416
Freya,194442,749
Freya,118458,499
Freya,115108,295
Freya,126842,695
Freya,152102,478
Freya,166060,18
Freya,106867,267
Freya,167557,495
Freya,182418,760
Freya,186790,891
Freya,175985,986
Freya,137723,556
Freya,109463,995
Freya,198791,662
Freya,192788,514
Freya,109436,877
Freya,123183,686
Freya,180129,7
Freya,123418,745
Freya,135605,860
Freya,181708,290
Freya,158281,809
Freya,128871,597
Freya,137397,320
Freya,141129,771
Freya,190435,553
Freya,182354,168
Freya,160617,301
Freya,164905,445
Freya,134059,896
Freya,144947,131
Freya,167262,754
Freya,151267,535
Freya,127158,49
Freya,138861,159
Freya,190227,777
Freya,152064,490
Freya,115532,138
Freya,129980,284
Freya,130377,83
Freya,161777,846
Freya,147896,532
Freya,173730,619
Freya,162589,453
Freya,141453,680
Freya,148099,171
Freya,119378,207
Freya,154254,888
Freya,150335,327
Freya,170569,152
Freya,157378,468
Freya,112459,47
Freya,152798,773
Freya,177409,889
Freya,167108,400
Freya,137239,564
Freya,101034,944
Freya,179911,123
Freya,192107,618
Freya,149017,259
Freya,149342,256
Freya,199839,184
Freya,145007,246
Freya,142010,4
Freya,150554,431
Freya,160113,363
Freya,133865,291
Freya,161059,345
Freya,100769,358
Freya,169973,476
Freya,167279,910
Freya,176762,244
Freya,171481,155
Freya,179107,990
Freya,138385,827
Freya,126527,941
Freya,137204,691
Freya,170848,195
Freya,117340,232
Freya,114307,940
Freya,137655,550
Freya,158092,830
Freya,181275,978
Freya,153854,690
Freya,105102,273
Freya,156964,264
Freya,135743,595
Freya,188975,890
Freya,150182,968
Freya,171028,750
Freya,177109,27
Freya,171079,545
Freya,175385,651
Freya,129413,406
Freya,172637,599
Freya,182825,140
Freya,158003,22
Freya,196573,382
Freya,146297,522
Freya,160207,422
Freya,160322,714
Freya,172454,478
Freya,120866,508
Freya,170136,198
Freya,197778,228
Freya,116672,743
Freya,128601,198
Freya,141461,592
Freya,153574,123
Freya,100626,624
Freya,197302,612
Freya,168838,872
Freya,121881,365
Freya,164305,529
Freya,110468,688
Freya,145135,230
Freya,110908,290
Freya,196312,354
Freya,134161,233
Freya,178493,348
Freya,127626,421
Freya,193694,302
Freya,100119,78
Freya,102985,140
Freya,166543,711
Freya,174902,707
Freya,128634,384
Freya,104593,363
Freya,114639,845
Freya,154560,645
Freya,122724,600
Freya,121095,960
Freya,164342,411
Freya,146713,439
Freya,133386,774
Freya,172989,609
Freya,168897,172
Freya,138408,378
Freya,118176,585
Freya,146125,789
Freya,155847,457
Freya,192386,30
Freya,194204,303
Freya,183169,304
Freya,142130,977
Freya,169709,443
Freya,116056,600
Freya,131908,175
Freya,110462,543
Freya,141624,302
Freya,126033,109
Freya,127114,91
Freya,128704,206
Freya,145293,52
Freya,192480,633
Freya,176991,655
Freya,107747,371
Freya,172455,268
Freya,111396,343
Freya,177688,411
Freya,177383,399
Freya,195404,771
Freya,114118,853
Freya,198806,416
Freya,119330,324
Freya,190302,324
Freya,168605,870
Freya,164374,230
Freya,198602,614
Freya,119826,236
Freya,135580,280
Freya,150888,397
Freya,142075,311
Freya,189003,68
Freya,168635,265
Freya,107002,951
Freya,163577,328
Freya,177310,556
Freya,154601,950
Freya,191281,153
Freya,171961,221
Freya,190352,551
Freya,148108,432
Freya,182487,296
Freya,163478,572
Freya,137818,360
Freya,188781,646
Freya,156938,91
Freya,132488,985
Freya,141293,347
Freya,114922,315
Freya,143609,131
Freya,163442,687
Freya,112779,438
Freya,143074,607
Freya,133945,125
Freya,123439,359
Freya,195226,708
Freya,130828,862
Freya,113225,396
Freya,163291,727
Freya,154107,697
Freya,168573,35
Freya,151708,763
Freya,176919,298
Freya,137384,991
Freya,108524,485
Freya,144607,91
Freya,124495,692
Freya,193746,848
Freya,159719,432
Freya,147812,823
Freya,102436,10
Freya,197965,949
Freya,153087,442
Freya,119927,693
Freya,103502,385
Freya,195394,205
Freya,109598,932
Freya,134672,538
Freya,187082,524
Freya,143573,262
Freya,190091,341
Freya,149157,901
Freya,115184,536
Freya,160191,677
Freya,104088,303
Freya,185606,354
Freya,110421,506
Freya,178297,514
Freya,152790,142
Freya,121057,756
Freya,139522,791
Freya,136916,53
Freya,172060,953
Freya,113348,528
Freya,119892,623
Freya,161793,378
Freya,114121,313
Freya,161791,2
Freya,184325,986
Freya,164970,845
Freya,113478,589
Freya,107698,735
Freya,199979,202
Freya,129616,678
Freya,131856,36
Freya,194580,660
Freya,153416,854
Freya,189974,791
Freya,147826,957
Freya,135181,42
Freya,108879,300
Freya,149928,87
Freya,102930,513
Freya,111791,879
Freya,115974,179
Freya,163629,409
Freya,189385,354
Freya,100238,61
Freya,148243,179
Freya,197917,41
Freya,194616,812
Freya,130549,806
Freya,115330,847
Freya,175653,514
Freya,144536,230
Freya,163536,795
Freya,134492,747
Freya,106362,745
Freya,100408,563
Freya,106224,493
Freya,131543,795
Freya,196975,588
Freya,100824,683
Freya,184082,455
Freya,182244,308
Freya,169988,912
Freya,117149,814
Freya,193740,678
Freya,169611,113
Freya,121154,676
Freya,120951,348
Freya,192282,254
Freya,190254,884
Freya,137427,558
Freya,170419,762
Freya,140642,497
Freya,122051,588
Freya,105529,277
Freya,140230,699
Freya,112366,44
Freya,184597,687
Freya,117360,469
Freya,170434,524
Freya,199374,909
Freya,169581,532
Freya,187418,482
Freya,109200,268
Freya,170594,78
Freya,161129,187
Freya,124118,901
Freya,142842,232
Freya,189201,619
Freya,106967,878
Freya,131746,953
Freya,125982,638
Freya,153106,859
Freya,160349,401
Freya,111671,827
Freya,106230,895
Freya,180669,135
Freya,158166,671
Freya,125304,68
Freya,199770,448
Freya,134575,376
Freya,146006,240
Freya,149581,749
Freya,144083,729
Freya,140894,658
Freya,156587,514
Freya,185540,282
Freya,112362,206
Freya,143342,206
Freya,158412,269
Freya,198530,480
Freya,179390,448
Freya,144851,183
Freya,183515,596
Freya,153254,628
Freya,119652,727
Freya,108235,153
Freya,123033,125
Freya,138268,934
Freya,103135,515
Freya,156807,610
Freya,139364,586
Freya,100180,955
Freya,174073,855
Freya,128426,455
Freya,120676,688
Freya,109779,553
Freya,122914,278
Freya,132225,765
Freya,150962,12
Freya,199143,257
Freya,148921,674
Freya,131765,43
Freya,127123,179
Freya,130042,884
Freya,190323,461
Freya,110974,712
Freya,124248,34
Freya,120132,942
Freya,161452,483
Freya,170574,95
Freya,107760,589
Freya,166117,820
Freya,183722,811
Freya,104485,178
Freya,147510,47
Freya,116407,198
Freya,137536,552
Freya,186745,80
Freya,133976,190
Freya,193662,265
Freya,178152,139
Freya,100538,421
Freya,127843,403
Freya,109873,135
Freya,171671,957
Freya,102307,739
Freya,149966,372
Freya,192714,53
Freya,196784,886
Freya,103601,534
Freya,116146,762
Freya,117993,168
Freya,157962,296
Freya,164387,907
Freya,153538,15
Freya,166502,970
Freya,106981,694
Freya,110527,626
Freya,161112,61
Freya,176886,845
Freya,179059,713
Freya,105220,956
Freya,165531,848
Freya,137519,108
Freya,131027,237
Freya,104371,408
Freya,183600,388
Freya,152248,389
Freya,131494,713
Freya,111943,775
Freya,117895,592
Freya,181462,282
Freya,174149,863
Freya,140026,441
Freya,155319,646
Freya,128718,130
Freya,172738,245
Freya,142153,777
Freya,158539,899
Freya,143507,864
Freya,115615,246
Freya,166238,638
Freya,146337,873
Freya,184653,681
Freya,199161,50
Freya,187543,375
Freya,114445,123
Freya,188141,434
Freya,183509,984
Freya,124361,448
Freya,196376,796
Freya,193879,535
Freya,167668,209
Freya,168432,533
Freya,167236,742
Freya,191297,262
Freya,110693,768
Freya,132051,947
Freya,154626,530
Freya,198914,361
Freya,190276,205
Freya,154737,290
Freya,159714,848
Freya,117148,242
Freya,195174,84
Fitzgerald,112086,829
Fitzgerald,141196,151
Fitzgerald,100194,698
Fitzgerald,158921,274
Fitzgerald,151850,411
Fitzgerald,126986,203
Fitzgerald,115551,978
Fitzgerald,196176,499
Fitzgerald,195377,711
Fitzgerald,167946,258
Fitzgerald,179042,321
Fitzgerald,145898,529
Fitzgerald,140539,768
Fitzgerald,123117,467
Fitzgerald,176275,795
Fitzgerald,182537,108
Fitzgerald,118785,297
Fitzgerald,178377,945
Fitzgerald,126715,0
Fitzgerald,199421,13
Fitzgerald,123621,952
Fitzgerald,198172,470
Fitzgerald,161970,157
Fitzgerald,197056,685
Fitzgerald,145759,194
Fitzgerald,157777,725
Fitzgerald,153887,904
Fitzgerald,198946,659
Fitzgerald,161337,407
Fitzgerald,187738,939
Fitzgerald,179444,556
Fitzgerald,105632,260
Fitzgerald,125574,10
Fitzgerald,189387,831
Fitzgerald,106079,912
Fitzgerald,119081,576
Fitzgerald,196272,74
Fitzgerald,119558,909
Fitzgerald,111562,679
Fitzgerald,129262,919
Fitzgerald,165079,795
Fitzgerald,121560,669
Fitzgerald,153952,493
Fitzgerald,196451,320
Fitzgerald,139586,331
Fitzgerald,150595,424
Fitzgerald,109829,55
Fitzgerald,168892,142
Fitzgerald,137507,680
Fitzgerald,125563,339
Fitzgerald,179797,213
Fitzgerald,116413,487
Fitzgerald,150849,476
Fitzgerald,118496,896
Fitzgerald,128098,128
Fitzgerald,163305,370
Fitzgerald,125799,222
Fitzgerald,151713,519
Fitzgerald,180349,912
Fitzgerald,164001,941
Fitzgerald,139771,831
Fitzgerald,129551,26
Fitzgerald,151600,838
Fitzgerald,102806,740
Fitzgerald,126987,743
Fitzgerald,115164,772
Fitzgerald,169676,119
Fitzgerald,111819,623
Fitzgerald,187897,771
Fitzgerald,117651,752
Fitzgerald,136682,854
Fitzgerald,168590,245
Fitzgerald,186902,739
Fitzgerald,166566,998
Fitzgerald,187733,257
Fitzgerald,116920,191
Fitzgerald,179533,854
Fitzgerald,178065,460
Fitzgerald,162486,12
Fitzgerald,122846,14
Fitzgerald,198199,624
Fitzgerald,159630,124
Fitzgerald,103236,480
Fitzgerald,123679,750
Fitzgerald,103588,516
Fitzgerald,149161,108
Fitzgerald,139884,237
Fitzgerald,154483,38
Fitzgerald,191899,309
Fitzgerald,156451,739
Fitzgerald,151967,701
Fitzgerald,124926,538
Fitzgerald,128242,926
Fitzgerald,147974,361
Fitzgerald,133730,965
Fitzgerald,158186,581
Fitzgerald,177054,444
Fitzgerald,175151,58
Fitzgerald,125853,995
Fitzgerald,112349,158
Fitzgerald,111117,636
Fitzgerald,134184,636
Fitzgerald,179458,461
Fitzgerald,190090,546
Fitzgerald,198442,743
Fitzgerald,154240,376
Fitzgerald,128496,857
Fitzgerald,122188,835
Fitzgerald,186910,292
Fitzgerald,158964,111
Fitzgerald,191515,320
Fitzgerald,137218,736
Fitzgerald,134035,687
Fitzgerald,161212,435
Fitzgerald,110824,189
Fitzgerald,132422,545
Fitzgerald,110785,965
Fitzgerald,191254,357
Fitzgerald,111676,7
Fitzgerald,109430,823
Fitzgerald,146550,276
Fitzgerald,197709,81
Fitzgerald,185988,931
Fitzgerald,151018,897
Fitzgerald,166675,238
Fitzgerald,139630,555
Fitzgerald,182337,449
Fitzgerald,183466,960
Fitzgerald,113173,100
Fitzgerald,193686,862
Fitzgerald,118191,351
Fitzgerald,106121,803
Fitzgerald,130463,835
Fitzgerald,115761,634
Fitzgerald,178155,230
Fitzgerald,109783,684
Fitzgerald,179235,67
Fitzgerald,191943,778
Fitzgerald,171386,973
Fitzgerald,117181,108
Fitzgerald,179823,330
Fitzgerald,115240,941
Fitzgerald,157931,395
Fitzgerald,195119,436
Fitzgerald,123327,447
Fitzgerald,179015,305
Fitzgerald,134376,546
Fitzgerald,193537,227
Fitzgerald,105306,943
Fitzgerald,178981,905
Fitzgerald,107692,563
Fitzgerald,158151,288
Fitzgerald,157358,592
Fitzgerald,133285,922
Fitzgerald,151528,542
Fitzgerald,152341,380
Fitzgerald,145545,547
Fitzgerald,170556,960
Fitzgerald,135986,768
Fitzgerald,199029,270
Fitzgerald,139869,153
Fitzgerald,131847,446
Fitzgerald,135423,388
Fitzgerald,149923,201
Fitzgerald,107433,359
Fitzgerald,126888,504
Fitzgerald,169730,444
Fitzgerald,156017,679
Fitzgerald,143673,11
Fitzgerald,190860,125
Fitzgerald,190592,183
Fitzgerald,181241,722
Fitzgerald,177837,229
Fitzgerald,185650,691
Fitzgerald,152543,548
Fitzgerald,198597,482
Fitzgerald,178636,936
Fitzgerald,122961,244
Fitzgerald,159059,770
Fitzgerald,102785,319
Fitzgerald,100372,403
Fitzgerald,169574,720
Fitzgerald,120857,976
Fitzgerald,167266,42
Fitzgerald,126155,783
Fitzgerald,173061,663
Fitzgerald,183881,8
Fitzgerald,193075,120
Fitzgerald,189612,626
Fitzgerald,137553,944
Fitzgerald,182546,684
Fitzgerald,138853,793
Fitzgerald,171031,872
Fitzgerald,183094,399
Fitzgerald,188704,396
Fitzgerald,186309,204
Fitzgerald,164898,248
Fitzgerald,174867,237
Fitzgerald,162829,905
Fitzgerald,174715,215
Fitzgerald,182968,612
Fitzgerald,129756,266
Fitzgerald,181861,620
Fitzgerald,136531,765
Fitzgerald,108014,85
Fitzgerald,194082,65
Fitzgerald,173257,189
Fitzgerald,169556,850
Fitzgerald,147688,796
Fitzgerald,161275,413
Fitzgerald,134371,421
Fitzgerald,180144,338
Fitzgerald,119824,865
Fitzgerald,160538,383
Fitzgerald,106653,734
Fitzgerald,109544,434
Fitzgerald,109572,259
Fitzgerald,134007,283
Fitzgerald,177976,416
Fitzgerald,158685,186
Fitzgerald,126343,714
Fitzgerald,185273,993
Fitzgerald,145348,95
Fitzgerald,139120,873
Fitzgerald,102945,115
Fitzgerald,149968,554
Fitzgerald,170809,990
Fitzgerald,162716,509
Fitzgerald,198315,398
Fitzgerald,173159,810
Fitzgerald,179802,980
Fitzgerald,169281,305
Fitzgerald,188610,101
Fitzgerald,162205,681
Fitzgerald,139407,818
Fitzgerald,126958,42
Fitzgerald,138132,459
Fitzgerald,147624,189
Fitzgerald,144970,501
Fitzgerald,111590,661
Fitzgerald,175285,116
Fitzgerald,197860,626
Fitzgerald,184298,968
Fitzgerald,179801,807
Fitzgerald,187178,264
Fitzgerald,171363,956
Fitzgerald,156195,33
Fitzgerald,158011,293
Fitzgerald,134191,108
Fitzgerald,160223,212
Fitzgerald,103918,115
Fitzgerald,173173,107
Fitzgerald,153054,644
Fitzgerald,156921,64
Fitzgerald,114108,822
Fitzgerald,145571,63
Fitzgerald,194996,181
Fitzgerald,178154,7
Fitzgerald,104786,241
Fitzgerald,121291,701
Fitzgerald,133736,923
Fitzgerald,156556,651
Fitzgerald,122123,427
Fitzgerald,118867,774
Fitzgerald,175902,994
Fitzgerald,159273,675
Fitzgerald,107617,569
Fitzgerald,172226,848
Fitzgerald,126656,165
Fitzgerald,179728,185
Fitzgerald,165751,149
Fitzgerald,146156,881
Fitzgerald,157031,438
Fitzgerald,105653,308
Fitzgerald,177645,379
Fitzgerald,190989,970
Fitzgerald,188346,552
Fitzgerald,100466,191
Fitzgerald,108040,553
Fitzgerald,130979,278
Fitzgerald,150827,969
Fitzgerald,167727,900
Fitzgerald,196126,885
Fitzgerald,111288,167
Fitzgerald,162203,324
Fitzgerald,182177,167
Fitzgerald,150872,125
Fitzgerald,143392,246
Fitzgerald,117038,709
Fitzgerald,182635,200
Fitzgerald,159126,191
Fitzgerald,154367,190
Fitzgerald,119350,185
Fitzgerald,105492,876
Fitzgerald,198729,615
Fitzgerald,152642,136
Fitzgerald,138938,234
Fitzgerald,128087,546
Fitzgerald,161561,377
Fitzgerald,195446,436
Fitzgerald,108471,580
Fitzgerald,173739,72
Fitzgerald,140476,574
Fitzgerald,104133,173
Fitzgerald,198788,678
Fitzgerald,128621,457
Fitzgerald,166806,238
Fitzgerald,162488,279
Fitzgerald,135891,693
Fitzgerald,135738,417
Fitzgerald,163887,174
Fitzgerald,123587,26
Fitzgerald,138728,906
Fitzgerald,189787,748
Fitzgerald,168324,338
Fitzgerald,179723,275
Fitzgerald,139299,548
Fitzgerald,173185,132
Fitzgerald,102989,153
Fitzgerald,173803,516
Fitzgerald,100069,226
Fitzgerald,113467,819
Fitzgerald,155942,551
Fitzgerald,153803,798
Fitzgerald,196676,700
Fitzgerald,162494,489
Fitzgerald,178939,416
Fitzgerald,121320,204
Fitzgerald,149023,425
Fitzgerald,153378,227
Fitzgerald,149790,37
Fitzgerald,112581,879
Fitzgerald,135745,368
Fitzgerald,117380,917
Fitzgerald,105416,221
Fitzgerald,108620,903
Fitzgerald,140290,59
Fitzgerald,164788,120
Fitzgerald,176244,525
Fitzgerald,127031,988
Fitzgerald,111976,660
Fitzgerald,168530,550
Fitzgerald,155377,635
Fitzgerald,188451,862
Fitzgerald,174801,531
Fitzgerald,199268,871
Fitzgerald,174490,689
Fitzgerald,150754,624
Fitzgerald,113848,814
Fitzgerald,131586,758
Fitzgerald,187156,120
Fitzgerald,115229,989
Fitzgerald,102226,13
Fitzgerald,128823,22
Fitzgerald,102282,944
Fitzgerald,116177,592
Fitzgerald,169980,421
Fitzgerald,153102,527
Fitzgerald,179192,160
Fitzgerald,173775,623
Fitzgerald,103636,732
Fitzgerald,100446,222
Fitzgerald,100197,593
Fitzgerald,194363,563
Fitzgerald,122437,642
Fitzgerald,134506,743
Fitzgerald,158845,77
Fitzgerald,114057,754
Fitzgerald,179463,373
Fitzgerald,165590,990
Fitzgerald,127138,484
Fitzgerald,112099,366
Fitzgerald,182080,788
Fitzgerald,136866,237
Fitzgerald,117785,156
Fitzgerald,142146,150
Fitzgerald,164125,39
Fitzgerald,131782,193
Fitzgerald,130535,105
Fitzgerald,172033,997
Fitzgerald,122058,12
Fitzgerald,155602,950
Fitzgerald,106005,140
Fitzgerald,106766,261
Fitzgerald,184668,945
Fitzgerald,144921,442
Fitzgerald,188661,343
Fitzgerald,172082,845
Fitzgerald,154899,261
Fitzgerald,109712,713
Fitzgerald,105461,616
Fitzgerald,107731,37
Fitzgerald,148038,313
Fitzgerald,161281,124
Fitzgerald,142675,676
Fitzgerald,154672,499
Fitzgerald,153662,847
Fitzgerald,163444,177
Fitzgerald,162230,129
Fitzgerald,191237,285
Fitzgerald,103028,669
Fitzgerald,143834,719
Fitzgerald,158886,696
Fitzgerald,163477,449
Fitzgerald,151295,689
Fitzgerald,123225,808
Fitzgerald,110069,114
Fitzgerald,139911,206
Fitzgerald,138929,653
Fitzgerald,166242,661
Fitzgerald,169835,58
Fitzgerald,117643,126
Fitzgerald,169386,166
Fitzgerald,155155,257
Fitzgerald,120820,447
Fitzgerald,179128,734
Fitzgerald,123019,534
Fitzgerald,159078,966
Fitzgerald,177039,414
Fitzgerald,149108,239
Fitzgerald,190818,806
Fitzgerald,105621,715
Fitzgerald,118672,605
Fitzgerald,151057,839
Fitzgerald,189622,910
Fitzgerald,116776,934
Fitzgerald,184621,78
Fitzgerald,164975,857
Fitzgerald,139535,395
Fitzgerald,171640,720
Fitzgerald,174830,748
Fitzgerald,124869,284
Fitzgerald,101556,586
Fitzgerald,149473,890
Fitzgerald,182775,819
Fitzgerald,107400,268
Fitzgerald,198290,839
Fitzgerald,129134,942
Fitzgerald,115052,970
Fitzgerald,165914,481
Fitzgerald,139965,637
Fitzgerald,163378,752
Fitzgerald,190545,628
Fitzgerald,114868,62
Fitzgerald,147581,722
Fitzgerald,187942,877
Fitzgerald,111422,364
Fitzgerald,153083,337
Fitzgerald,136423,19
Fitzgerald,160595,546
Fitzgerald,119016,929
Fitzgerald,135699,167
Fitzgerald,129416,231
Fitzgerald,153917,155
Fitzgerald,182026,823
Fitzgerald,113853,490
Fitzgerald,138571,60
Fitzgerald,186654,149
Fitzgerald,147349,444
Fitzgerald,123322,472
Fitzgerald,124114,899
Fitzgerald,113919,925
Fitzgerald,127241,621
Fitzgerald,118622,969
Fitzgerald,165819,140
Fitzgerald,162002,635
Fitzgerald,148119,393
Fitzgerald,160198,440
Fitzgerald,188185,975
Fitzgerald,158936,201
Fitzgerald,139559,299
Fitzgerald,140129,143
Fitzgerald,170254,119
Fitzgerald,167101,35
Fitzgerald,194977,124
Fitzgerald,150713,513
Fitzgerald,189233,588
Fitzgerald,102778,762
Fitzgerald,116758,882
Fitzgerald,170951,323
Fitzgerald,159961,119
Fitzgerald,115977,435
Fitzgerald,150749,742
Fitzgerald,182900,467
Fitzgerald,196181,467
Fitzgerald,177939,513
Fitzgerald,182345,944
Fitzgerald,157105,328
Fitzgerald,158409,34
Fitzgerald,135233,810
Fitzgerald,126505,294
Fitzgerald,119479,8
Fitzgerald,131093,825
Fitzgerald,165166,455
Fitzgerald,170449,746
Fitzgerald,163224,362
Fitzgerald,152926,273
Fitzgerald,125350,602
Fitzgerald,145725,519
Fitzgerald,195205,571
Fitzgerald,180110,816
Fitzgerald,140432,490
Fitzgerald,197933,42
Fitzgerald,126012,703
Fitzgerald,191182,596
Fitzgerald,127195,26
Fitzgerald,163049,596
Fitzgerald,142542,42
Fitzgerald,116048,818
Fitzgerald,112162,324
Fitzgerald,135694,754
Fitzgerald,176120,702
Fitzgerald,143194,596
Fitzgerald,159595,161
Fitzgerald,155459,295
Fitzgerald,160746,543
Fitzgerald,183057,806
Fitzgerald,111782,181
Fitzgerald,101712,403
Fitzgerald,102051,812
Fitzgerald,174137,707
Fitzgerald,169986,246
Fitzgerald,119353,494
Fitzgerald,148747,731
Fitzgerald,120483,600
Fitzgerald,193777,223
Fitzgerald,184391,218
Fitzgerald,160031,733
Fitzgerald,182528,48
Fitzgerald,103220,70
Fitzgerald,141585,289
Fitzgerald,164875,360
Fitzgerald,182787,741
Fitzgerald,139647,84
Fitzgerald,192390,14
Fitzgerald,131898,376
Fitzgerald,155907,397
Fitzgerald,103816,418
Fitzgerald,181311,183
Fitzgerald,189758,54
Fitzgerald,123948,680
Fitzgerald,107662,664
Fitzgerald,103547,873
Fitzgerald,189827,723
Fitzgerald,129486,823
Fitzgerald,106375,91
Fitzgerald,140248,349
Fitzgerald,140719,954
Fitzgerald,169473,873
Fitzgerald,113441,681
Fitzgerald,178266,955
Fitzgerald,115566,768
Fitzgerald,147380,179
Fitzgerald,135667,336
Fitzgerald,162202,321
Fitzgerald,179292,62
Fitzgerald,135074,758
Fitzgerald,176356,326
Fitzgerald,187632,734
Fitzgerald,162962,767
Fitzgerald,156316,528
Fitzgerald,135125,890
Fitzgerald,123182,442
Fitzgerald,111728,568
Fitzgerald,191432,783
Fitzgerald,184466,786
Fitzgerald,173574,721
Fitzgerald,195750,594
Fitzgerald,143651,368
Fitzgerald,146130,969
Fitzgerald,124011,808
Fitzgerald,167919,107
Fitzgerald,116733,367
Fitzgerald,163073,479
Fitzgerald,182985,809
Fitzgerald,192536,673
Fitzgerald,124914,556
Fitzgerald,103155,762
Fitzgerald,115950,709
Fitzgerald,175323,931
Fitzgerald,125965,375
Fitzgerald,163786,778
Fitzgerald,177587,331
Fitzgerald,179378,47
Fitzgerald,169808,758
Fitzgerald,150487,132
Fitzgerald,130121,568
Fitzgerald,131339,413
Fitzgerald,188987,497
Fitzgerald,183036,22
Fitzgerald,166372,340
Fitzgerald,133598,503
Fitzgerald,141815,714
Fitzgerald,137189,66
Fitzgerald,198755,900
Fitzgerald,116139,527
Fitzgerald,197453,974
Fitzgerald,190194,551
Fitzgerald,145522,953
Fitzgerald,192415,497
Fitzgerald,175712,573
Fitzgerald,120610,287
Fitzgerald,171210,51
Fitzgerald,128795,244
Fitzgerald,148301,1000
Fitzgerald,152178,344
Fitzgerald,190947,85
Fitzgerald,174026,752
Fitzgerald,172333,556
Fitzgerald,191347,973
Fitzgerald,113990,233
Fitzgerald,143877,476
Fitzgerald,153430,691
Fitzgerald,102116,692
Fitzgerald,176663,893
Fitzgerald,149287,772
Fitzgerald,145015,470
Fitzgerald,179461,773
Fitzgerald,171277,487
Fitzgerald,133466,359
Fitzgerald,151955,379
Fitzgerald,113514,513
Fitzgerald,162877,802
Fitzgerald,102595,255
Fitzgerald,153242,717
Fitzgerald,188701,502
Fitzgerald,151257,249
Fitzgerald,131441,929
Fitzgerald,104842,209
Fitzgerald,118796,272
Fitzgerald,176712,249
Fitzgerald,192584,544
Fitzgerald,135971,678
Fitzgerald,159545,443
Fitzgerald,188370,748
Fitzgerald,101606,820
Fitzgerald,132591,135
Fitzgerald,190164,216
Fitzgerald,174517,236
Fitzgerald,183938,513
Fitzgerald,156444,2
Fitzgerald,152415,545
Fitzgerald,144375,584
Fitzgerald,137376,10
Fitzgerald,148582,761
Fitzgerald,184074,197
Fitzgerald,179505,285
Fitzgerald,174911,135
Fitzgerald,187706,465
Fitzgerald,185897,641
Fitzgerald,191160,40
Fitzgerald,146524,747
Fitzgerald,196502,111
Fitzgerald,139651,153
Fitzgerald,159592,52
Fitzgerald,145239,59
Fitzgerald,111084,797
Fitzgerald,188187,73
Fitzgerald,181701,619
Fitzgerald,150013,743
Fitzgerald,100052,694
Fitzgerald,175501,333
Fitzgerald,100956,674
Fitzgerald,124034,248
Fitzgerald,128981,551
Fitzgerald,104166,0
Fitzgerald,177917,359
Fitzgerald,175665,786
Fitzgerald,175905,642
Fitzgerald,178211,473
Fitzgerald,194352,962
Fitzgerald,159444,988
Fitzgerald,113498,738
Fitzgerald,111681,736
Fitzgerald,100201,185
Fitzgerald,136595,482
Fitzgerald,107310,939
Fitzgerald,110117,947
Fitzgerald,147754,594
Fitzgerald,173989,427
Fitzgerald,142873,650
Fitzgerald,170313,687
Fitzgerald,122174,805
Fitzgerald,171180,667
Fitzgerald,198863,363
Fitzgerald,174797,176
Fitzgerald,117115,14
Fitzgerald,170651,699
Fitzgerald,100574,99
Fitzgerald,106042,267
Fitzgerald,176497,60
Fitzgerald,183389,779
Fitzgerald,187061,942
Fitzgerald,178799,513
Fitzgerald,107981,668
Fitzgerald,153850,790
Fitzgerald,176123,818
Fitzgerald,128310,274
Fitzgerald,173507,159
Fitzgerald,137638,974
Fitzgerald,117803,261
Fitzgerald,159766,926
Fitzgerald,105772,452
Fitzgerald,162086,967
Fitzgerald,197441,156
Fitzgerald,138434,503
Fitzgerald,184221,71
Fitzgerald,112307,126
Fitzgerald,150230,240
Fitzgerald,166550,803
Fitzgerald,105646,384
Fitzgerald,116382,161
Fitzgerald,147571,339
Fitzgerald,139943,586
Fitzgerald,174275,598
Fitzgerald,129558,285
Fitzgerald,156176,854
Fitzgerald,189058,922
Fitzgerald,153082,967
Fitzgerald,199667,511
Fitzgerald,179376,348
Fitzgerald,118194,355
Fitzgerald,102843,601
Fitzgerald,124429,742
Fitzgerald,116248,612
Fitzgerald,164749,665
Fitzgerald,168595,949
Fitzgerald,160743,45
Fitzgerald,169542,289
Fitzgerald,149389,633
Fitzgerald,111702,679
Fitzgerald,141945,941
Fitzgerald,112194,854
Fitzgerald,169396,125
Fitzgerald,151088,277
Fitzgerald,142124,333
Fitzgerald,188481,393
Fitzgerald,111116,136
Fitzgerald,186272,794
Fitzgerald,164962,611
Fitzgerald,174407,419
Fitzgerald,131566,71
Fitzgerald,117942,988
Fitzgerald,137975,562
Fitzgerald,138111,306
Fitzgerald,149308,562
Fitzgerald,162780,242
Fitzgerald,133642,364
Fitzgerald,178291,541
Fitzgerald,196404,8
Fitzgerald,199370,62
Fitzgerald,129723,709
Fitzgerald,186117,864
Fitzgerald,137256,576
Fitzgerald,126080,370
Fitzgerald,115815,627
Fitzgerald,153877,47
Fitzgerald,133269,558
Fitzgerald,172787,603
Fitzgerald,132189,610
Fitzgerald,196889,259
Fitzgerald,144681,254
Fitzgerald,146776,234
Fitzgerald,171402,245
Fitzgerald,192608,151
Fitzgerald,156000,257
Fitzgerald,105236,948
Fitzgerald,164041,512
Fitzgerald,119497,94
Fitzgerald,187380,897
Fitzgerald,150054,606
Fitzgerald,137756,29
Fitzgerald,111625,914
Fitzgerald,152317,442
Fitzgerald,155608,568
Fitzgerald,161033,268
Fitzgerald,125329,63
Fitzgerald,111772,494
Fitzgerald,120855,740
Fitzgerald,159508,921
Fitzgerald,148668,554
Fitzgerald,182352,64
Fitzgerald,148782,993
Fitzgerald,106007,107
Fitzgerald,193906,439
Fitzgerald,134068,72
Fitzgerald,197427,820
Fitzgerald,136310,588
Fitzgerald,106585,553
Fitzgerald,134911,581
Fitzgerald,119453,983
Fitzgerald,136400,969
Fitzgerald,195911,69
Fitzgerald,177704,992
Fitzgerald,110620,934
Fitzgerald,138572,524
Fitzgerald,124588,721
Fitzgerald,111144,673
Fitzgerald,184051,985
Fitzgerald,145483,378
Fitzgerald,165767,450
Fitzgerald,165447,343
Fitzgerald,120822,734
Fitzgerald,150780,715
Fitzgerald,193698,116
Fitzgerald,166618,868
Fitzgerald,161997,62
Fitzgerald,160877,960
Fitzgerald,156411,346
Fitzgerald,191941,878
Fitzgerald,178206,495
Fitzgerald,199773,16
Fitzgerald,104353,422
Fitzgerald,151869,766
Fitzgerald,140977,309
Fitzgerald,170695,126
Fitzgerald,113386,16
Fitzgerald,120606,541
Fitzgerald,184747,844
Fitzgerald,148316,675
Fitzgerald,190990,299
Fitzgerald,101515,527
Fitzgerald,174718,196
Fitzgerald,130796,600
Fitzgerald,152794,196
Fitzgerald,167757,179
Fitzgerald,177970,567
Fitzgerald,183011,819
Fitzgerald,163425,972
Fitzgerald,166642,55
Fitzgerald,185436,348
Fitzgerald,162813,191
Fitzgerald,160033,967
Fitzgerald,135697,645
Fitzgerald,104000,778
Fitzgerald,125562,849
Fitzgerald,154940,580
Fitzgerald,199433,711
Fitzgerald,165602,14
Fitzgerald,165883,980
Fitzgerald,120501,791
Fitzgerald,178857,795
Fitzgerald,186629,472
Fitzgerald,153257,314
Fitzgerald,154414,630
Fitzgerald,138910,847
Fitzgerald,114509,224
Fitzgerald,142033,823
Fitzgerald,160845,822
Fitzgerald,115957,568
Fitzgerald,150701,710
Fitzgerald,104747,290
Fitzgerald,109503,177
Fitzgerald,155087,495
Fitzgerald,141746,7
Fitzgerald,164400,385
Fitzgerald,115432,506
Fitzgerald,145836,497
Fitzgerald,124305,795
Fitzgerald,156936,789
Fitzgerald,150634,133
Fitzgerald,166940,445
Fitzgerald,156520,147
Fitzgerald,149833,553
Fitzgerald,191066,297
Fitzgerald,174018,726
Fitzgerald,118384,474
Fitzgerald,132124,547
Fitzgerald,186103,697
Fitzgerald,180562,217
Fitzgerald,171607,548
Fitzgerald,189865,851
Fitzgerald,113525,698
Fitzgerald,179906,259
Fitzgerald,187934,570
Fitzgerald,138734,304
Fitzgerald,187558,628
Fitzgerald,182436,44
Fitzgerald,160234,690
Fitzgerald,171119,538
Fitzgerald,115062,284
Fitzgerald,198533,59
Fitzgerald,195079,825
Fitzgerald,196458,431
Fitzgerald,102958,781
Fitzgerald,160783,773
Fitzgerald,138098,625
Fitzgerald,131913,929
Fitzgerald,170352,904
Fitzgerald,159099,9
Fitzgerald,139694,751
Fitzgerald,196242,332
Fitzgerald,167195,386
Fitzgerald,133123,482
Fitzgerald,196732,348
Fitzgerald,110861,601
Fitzgerald,105949,548
Fitzgerald,140007,312
Fitzgerald,144559,766
Fitzgerald,131968,328
Fitzgerald,199450,229
Fitzgerald,140397,54
Fitzgerald,152126,899
Fitzgerald,139066,736
Fitzgerald,193673,361
Fitzgerald,115354,180
Fitzgerald,171936,930
Fitzgerald,191489,994
Fitzgerald,101594,274
Fitzgerald,124000,540
Fitzgerald,165308,901
Fitzgerald,114341,557
Fitzgerald,111555,910
Fitzgerald,159546,958
Fitzgerald,100115,574
Fitzgerald,170985,541
Fitzgerald,184380,131
Fitzgerald,180430,977
Fitzgerald,139315,740
Fitzgerald,179884,477
Fitzgerald,163843,262
Fitzgerald,110775,949
Fitzgerald,172588,302
Fitzgerald,107920,490
Fitzgerald,167388,514
Fitzgerald,133711,120
Fitzgerald,192425,368
Fitzgerald,190537,378
Fitzgerald,110782,687
Fitzgerald,129681,608
Fitzgerald,161046,139
Fitzgerald,177843,738
Fitzgerald,174796,281
Fitzgerald,187855,873
Fitzgerald,135201,16
Fitzgerald,183675,654
Fitzgerald,111597,471
Fitzgerald,196155,819
Fitzgerald,195070,456
Fitzgerald,173111,618
Fitzgerald,125688,155
Fitzgerald,117570,182
Fitzgerald,155207,84
Fitzgerald,153814,858
Fitzgerald,160143,306
Fitzgerald,147587,450
Fitzgerald,166916,60
Fitzgerald,176768,685
Fitzgerald,100760,995
Fitzgerald,172898,946
Fitzgerald,131160,379
Fitzgerald,172977,330
Fitzgerald,136590,303
Fitzgerald,144126,934
Fitzgerald,111402,634
Fitzgerald,196863,410
Fitzgerald,178843,787
Fitzgerald,129425,37
Fitzgerald,148213,756
Fitzgerald,132537,488
Fitzgerald,141076,26
Fitzgerald,134741,733
Fitzgerald,152600,270
Fitzgerald,147371,386
Fitzgerald,102200,355
Fitzgerald,166349,415
Fitzgerald,199069,216
Fitzgerald,181519,393
Fitzgerald,197522,943
Fitzgerald,148427,264
Fitzgerald,119721,954
Fitzgerald,154412,875
Fitzgerald,190832,123
Fitzgerald,194703,158
Fitzgerald,171326,49
Fitzgerald,191273,618
Fitzgerald,107983,61
Fitzgerald,118830,254
Fitzgerald,195128,462
Fitzgerald,128859,972
Fitzgerald,156222,580
Fitzgerald,116387,862
Fitzgerald,161736,69
Fitzgerald,112014,496
Fitzgerald,162544,566
Fitzgerald,110356,307
Fitzgerald,160892,702
Fitzgerald,126174,101
Fitzgerald,197905,765
Fitzgerald,141799,670
Fitzgerald,109926,409
Fitzgerald,188036,988
Fitzgerald,180408,14
Fitzgerald,190996,123
Fitzgerald,191604,683
Fitzgerald,184951,62
Fitzgerald,185422,559
Fitzgerald,185003,761
Fitzgerald,136109,239
Fitzgerald,179833,942
Fitzgerald,102171,388
Fitzgerald,195645,476
Fitzgerald,104867,491
Fitzgerald,108217,761
Fitzgerald,159117,582
Fitzgerald,186353,518
Fitzgerald,143732,161
Fitzgerald,140341,76
Fitzgerald,122257,550
Fitzgerald,173339,930
Fitzgerald,178989,94
Fitzgerald,127183,480
Fitzgerald,181793,915
Fitzgerald,124427,342
Fitzgerald,157241,937
Fitzgerald,150126,67
Fitzgerald,192475,740
Fitzgerald,169307,226
Ezekiel,112096,222
Ezekiel,113006,188
Ezekiel,124835,147
Ezekiel,179877,423
Ezekiel,154314,685
Ezekiel,133534,91
Ezekiel,180041,637
Ezekiel,103714,363
Ezekiel,199588,332
Ezekiel,155053,631
Ezekiel,173484,200
Ezekiel,189881,530
Ezekiel,189143,764
Ezekiel,149032,328
Ezekiel,198032,9
Ezekiel,135161,374
Ezekiel,189298,225
Ezekiel,110872,97
Ezekiel,141416,473
Ezekiel,151419,756
Ezekiel,126074,824
Ezekiel,147515,132
Ezekiel,157024,228
Ezekiel,145232,627
Ezekiel,142834,349
Ezekiel,123676,918
Ezekiel,119631,40
Ezekiel,197506,631
Ezekiel,161092,857
Ezekiel,155236,709
Ezekiel,123825,572
Ezekiel,117206,172
Ezekiel,109372,26
Ezekiel,174188,703
Ezekiel,147090,593
Ezekiel,148621,104
Ezekiel,145952,340
Ezekiel,153916,171
Ezekiel,182829,586
Ezekiel,135900,263
Ezekiel,108818,400
Ezekiel,114911,840
Ezekiel,117835,199
Ezekiel,110490,338
Ezekiel,194514,271
Ezekiel,141480,849
Ezekiel,159558,728
Ezekiel,175926,576
Ezekiel,154447,242
Ezekiel,124265,192
Ezekiel,189569,627
Ezekiel,145453,282
Ezekiel,185766,571
Ezekiel,185912,356
Ezekiel,119874,49
Ezekiel,152885,754
Ezekiel,148202,735
Ezekiel,156201,837
Ezekiel,131062,98
Ezekiel,196118,298
Ezekiel,137364,510
Ezekiel,138500,380
Ezekiel,110575,209
Ezekiel,156724,613
Ezekiel,134496,540
Ezekiel,181476,854
Ezekiel,114491,275
Ezekiel,157761,790
Ezekiel,188068,427
Ezekiel,199331,840
Ezekiel,180701,169
Ezekiel,198372,167
Ezekiel,169258,400
Ezekiel,169038,811
Ezekiel,177296,378
Ezekiel,101573,307
Ezekiel,147948,880
Ezekiel,191912,210
Ezekiel,131124,438
Ezekiel,131295,839
Ezekiel,156638,408
Ezekiel,185827,649
Ezekiel,145765,326
Ezekiel,158023,876
Ezekiel,107456,717
Ezekiel,184050,778
Ezekiel,144022,580
Ezekiel,137573,805
Ezekiel,191646,181
Ezekiel,143567,77
Ezekiel,188835,746
Ezekiel,127992,847
Ezekiel,165369,586
Ezekiel,108103,211
Ezekiel,127726,881
Ezekiel,148743,449
Ezekiel,197526,368
Ezekiel,118466,151
Ezekiel,199828,871
Ezekiel,123145,500
Ezekiel,191805,750
Ezekiel,193844,960
Ezekiel,130913,84
Ezekiel,124137,213
Ezekiel,102103,673
Ezekiel,117423,99
Ezekiel,114870,606
Ezekiel,145918,910
Ezekiel,174917,415
Ezekiel,162617,118
Ezekiel,188808,784
Ezekiel,135973,171
Ezekiel,131413,798
Ezekiel,102773,372
Ezekiel,143217,889
Ezekiel,196503,636
Ezekiel,156649,32
Ezekiel,162071,123
Ezekiel,142879,462
Ezekiel,112707,679
Ezekiel,177240,936
Ezekiel,128757,583
Ezekiel,109462,655
Ezekiel,118725,310
Ezekiel,177157,949
Ezekiel,185847,226
Ezekiel,149197,717
Ezekiel,166428,931
Ezekiel,161470,863
Ezekiel,112601,106
Ezekiel,135823,349
Ezekiel,149905,919
Ezekiel,107746,982
Ezekiel,129239,312
Ezekiel,155472,509
Ezekiel,120394,305
Ezekiel,109747,62
Ezekiel,114301,622
Ezekiel,187098,455
Ezekiel,192473,397
Ezekiel,106057,483
Ezekiel,145497,369
Ezekiel,190235,796
Ezekiel,135289,695
Ezekiel,102271,346
Ezekiel,169913,389
Ezekiel,171219,182
Ezekiel,127221,30
Ezekiel,106259,132
Ezekiel,146322,482
Ezekiel,104974,173
Ezekiel,196736,887
Ezekiel,158916,800
Ezekiel,198776,348
Ezekiel,176681,258
Ezekiel,108762,237
Ezekiel,117697,918
Ezekiel,123707,491
Ezekiel,155310,253
Ezekiel,119321,991
Ezekiel,136943,524
Ezekiel,131827,933
Ezekiel,190291,308
Ezekiel,150838,326
Ezekiel,123635,835
Ezekiel,104791,422
Ezekiel,121314,716
Ezekiel,152808,691
Ezekiel,115559,649
Ezekiel,154454,862
Ezekiel,178938,71
Ezekiel,110537,72
Ezekiel,116499,604
Ezekiel,187714,774
Ezekiel,153222,739
Ezekiel,173145,610
Ezekiel,160428,855
Ezekiel,167484,244
Ezekiel,147909,551
Ezekiel,150784,983
Ezekiel,109494,921
Ezekiel,114537,792
Ezekiel,130074,876
Ezekiel,155424,441
Ezekiel,130718,325
Ezekiel,102664,990
Ezekiel,166006,480
Ezekiel,194673,705
Ezekiel,110055,765
Ezekiel,149976,42
Ezekiel,156716,541
Ezekiel,104111,893
Ezekiel,196699,252
Ezekiel,124206,736
Ezekiel,124078,565
Ezekiel,196423,521
Ezekiel,159735,365
Ezekiel,158764,12
Ezekiel,143681,851
Ezekiel,100097,949
Ezekiel,103090,461
Ezekiel,171746,165
Ezekiel,147653,574
Ezekiel,147068,113
Ezekiel,101081,142
Ezekiel,155977,601
Ezekiel,113661,53
Ezekiel,113251,77
Ezekiel,175089,904
Ezekiel,169898,147
Ezekiel,199955,34
Ezekiel,115866,214
Ezekiel,113786,786
Ezekiel,138654,638
Ezekiel,101137,869
Ezekiel,118553,85
Ezekiel,113458,671
Ezekiel,144810,347
Ezekiel,143618,253
Ezekiel,122868,993
Ezekiel,140151,90
Ezekiel,159298,29
Ezekiel,197264,514
Ezekiel,188198,902
Ezekiel,145037,966
Ezekiel,187788,96
Ezekiel,150657,553
Ezekiel,105496,746
Ezekiel,105574,74
Ezekiel,101498,873
Ezekiel,123802,665
Ezekiel,169850,653
Ezekiel,103440,626
Ezekiel,125468,699
Ezekiel,106927,107
Ezekiel,112832,81
Ezekiel,116350,739
Ezekiel,191902,691
Ezekiel,100941,733
Ezekiel,173567,215
Ezekiel,158189,448
Ezekiel,145292,630
Ezekiel,118117,114
Ezekiel,101099,761
Ezekiel,132172,450
Ezekiel,141359,911
Ezekiel,101916,473
Ezekiel,157320,616
Ezekiel,174425,269
Ezekiel,197773,22
Ezekiel,150386,398
Ezekiel,162145,661
Ezekiel,171560,970
Ezekiel,191991,992
Ezekiel,102025,73
Ezekiel,160326,190
Ezekiel,174234,617
Ezekiel,198140,414
Ezekiel,103756,800
Ezekiel,137839,755
Ezekiel,140564,74
Ezekiel,199526,833
Ezekiel,131684,129
Ezekiel,183975,44
Ezekiel,134750,611
Ezekiel,170675,712
Ezekiel,161492,810
Ezekiel,171543,118
Ezekiel,133010,882
Ezekiel,194497,296
Ezekiel,164420,234
Ezekiel,177424,0
Ezekiel,168658,193
Ezekiel,180517,566
Ezekiel,196706,573
Ezekiel,103462,303
Ezekiel,103906,482
Ezekiel,143437,206
Ezekiel,133459,881
Ezekiel,188995,339
Ezekiel,122689,670
Ezekiel,185529,693
Ezekiel,149019,359
Ezekiel,128257,654
Ezekiel,139934,200
Ezekiel,199211,160
Ezekiel,164356,319
Ezekiel,140718,960
Ezekiel,177687,45
Ezekiel,113645,592
Ezekiel,140191,4
Ezekiel,162568,737
Ezekiel,135272,400
Ezekiel,138604,788
Ezekiel,187150,1000
Ezekiel,171253,752
Ezekiel,199427,581
Ezekiel,116996,609
Ezekiel,158320,223
Ezekiel,126209,433
Ezekiel,156084,592
Ezekiel,185004,926
Ezekiel,134495,935
Ezekiel,197090,922
Ezekiel,163694,357
Ezekiel,149410,374
Ezekiel,186357,175
Ezekiel,104214,299
Ezekiel,160669,324
Ezekiel,134887,840
Ezekiel,184931,423
Ezekiel,132344,990
Ezekiel,178835,846
Ezekiel,158418,743
Ezekiel,115132,238
Ezekiel,199883,509
Ezekiel,104106,923
Ezekiel,163836,421
Ezekiel,180992,179
Ezekiel,158854,807
Ezekiel,199956,638
Ezekiel,148860,270
Ezekiel,149296,165
Ezekiel,152018,705
Ezekiel,198547,119
Ezekiel,186735,590
Ezekiel,176804,681
Ezekiel,156034,785
Ezekiel,198047,100
Ezekiel,134891,608
Ezekiel,185697,310
Ezekiel,181769,694
Ezekiel,121877,649
Ezekiel,180234,847
Ezekiel,168710,493
Ezekiel,101843,94
Ezekiel,152074,383
Ezekiel,165475,259
Ezekiel,195805,102
Ezekiel,166894,269
Ezekiel,197466,589
Ezekiel,130601,679
Ezekiel,199946,38
Ezekiel,127770,34
Ezekiel,172303,364
Ezekiel,123232,352
Ezekiel,181215,507
Ezekiel,119467,852
Ezekiel,174898,194
Ezekiel,179600,412
Ezekiel,105830,420
Ezekiel,191898,304
Ezekiel,132306,955
Ezekiel,183815,861
Ezekiel,122757,295
Ezekiel,117170,482
Ezekiel,126242,160
Ezekiel,117167,330
Ezekiel,112174,632
Ezekiel,194521,260
Ezekiel,127209,399
Ezekiel,172721,11
Ezekiel,124503,697
Ezekiel,168196,937
Ezekiel,178480,83
Ezekiel,155564,46
Ezekiel,110432,47
Ezekiel,107673,823
Ezekiel,162525,42
Ezekiel,165288,712
Ezekiel,176971,122
Ezekiel,143012,887
Ezekiel,199259,412
Ezekiel,157552,30
Ezekiel,106280,50
Ezekiel,152212,542
Ezekiel,179356,60
Ezekiel,127660,520
Ezekiel,122221,856
Ezekiel,157648,418
Ezekiel,112015,756
Ezekiel,121480,267
Ezekiel,105126,811
Ezekiel,161117,909
Ezekiel,136422,528
Ezekiel,177322,243
Ezekiel,198200,885
Ezekiel,172917,981
Ezekiel,179828,181
Ezekiel,116507,196
Ezekiel,194548,86
Ezekiel,189720,879
Ezekiel,179201,992
Ezekiel,148396,925
Ezekiel,119627,168
Ezekiel,166990,3
Ezekiel,163489,742
Ezekiel,131280,346
Ezekiel,112285,83
Ezekiel,140956,166
Ezekiel,140980,264
Ezekiel,121059,669
Ezekiel,165302,312
Ezekiel,195928,935
Ezekiel,155900,89
Ezekiel,188536,881
Ezekiel,174603,729
Ezekiel,132305,929
Ezekiel,126945,334
Ezekiel,158422,801
Ezekiel,101592,65
Ezekiel,109393,683
Ezekiel,124478,973
Ezekiel,119213,771
Ezekiel,144273,773
Ezekiel,122047,978
Ezekiel,154422,388
Ezekiel,195989,117
Ezekiel,146940,373
Ezekiel,172789,853
Ezekiel,125558,380
Ezekiel,104670,632
Ezekiel,175713,620
Ezekiel,193147,973
Ezekiel,110919,679
Ezekiel,153674,704
Ezekiel,105984,707
Ezekiel,177045,1000
Ezekiel,196223,866
Ezekiel,139866,786
Ezekiel,180900,65
Ezekiel,162671,829
Ezekiel,134511,106
Ezekiel,124366,722
Ezekiel,112318,975
Ezekiel,117961,316
Ezekiel,119827,627
Ezekiel,110913,770
Ezekiel,173960,807
Ezekiel,159550,141
Ezekiel,173291,286
Ezekiel,191595,986
Ezekiel,132929,571
Ezekiel,171783,637
Ezekiel,187547,604
Ezekiel,101330,759
Ezekiel,177893,603
Ezekiel,125481,685
Ezekiel,199628,685
Ezekiel,185866,497
Ezekiel,129374,64
Ezekiel,144437,440
Ezekiel,152598,995
Ezekiel,179597,415
Ezekiel,172963,447
Ezekiel,133139,240
Ezekiel,111261,150
Ezekiel,196910,493
Ezekiel,156637,67
Ezekiel,145597,501
Ezekiel,184884,878
Ezekiel,131892,498
Ezekiel,104674,94
Ezekiel,139304,777
Ezekiel,139265,422
Ezekiel,195990,262
Ezekiel,178224,178
Ezekiel,119780,586
Ezekiel,121648,136
Ezekiel,185616,34
Ezekiel,149996,796
Ezekiel,195089,19
Ezekiel,120747,529
Ezekiel,179349,565
Ezekiel,126260,620
Ezekiel,147279,933
Ezekiel,195276,809
Ezekiel,129448,8
Ezekiel,127137,369
Ezekiel,131729,653
Ezekiel,122075,267
Ezekiel,124944,726
Ezekiel,196507,731
Ezekiel,149271,307
Ezekiel,110852,336
Ezekiel,188274,680
Ezekiel,135381,369
Ezekiel,148650,963
Ezekiel,180229,320
Ezekiel,164403,499
Ezekiel,112726,539
Ezekiel,111813,78
Ezekiel,162357,695
Ezekiel,109243,669
Ezekiel,134258,322
Ezekiel,188261,755
Ezekiel,167749,53
Ezekiel,182323,352
Ezekiel,190180,91
Ezekiel,147333,640
Ezekiel,119700,873
Ezekiel,178424,553
Ezekiel,142059,780
Ezekiel,164340,115
Ezekiel,114468,733
Ezekiel,127578,206
Ezekiel,176519,232
Ezekiel,119357,940
Ezekiel,165299,919
Ezekiel,109811,575
Ezekiel,130020,439
Ezekiel,154288,222
Ezekiel,151250,491
Ezekiel,156588,965
Ezekiel,192896,714
Ezekiel,171666,755
Ezekiel,134959,193
Ezekiel,169939,424
Ezekiel,134772,643
Ezekiel,178552,860
Ezekiel,194200,608
Ezekiel,172724,649
Ezekiel,151464,552
Ezekiel,143424,203
Ezekiel,100953,720
Ezekiel,179755,657
Ezekiel,171673,93
Ezekiel,135137,108
Ezekiel,195467,258
Ezekiel,184818,549
Ezekiel,172855,803
Ezekiel,170797,124
Ezekiel,168953,637
Ezekiel,165566,400
Ezekiel,183312,495
Ezekiel,103517,281
Ezekiel,181653,45
Ezekiel,199414,473
Ezekiel,148145,844
Ezekiel,125453,141
Ezekiel,161756,475
Ezekiel,162523,653
Ezekiel,180438,157
Ezekiel,145000,908
Ezekiel,173228,385
Ezekiel,167226,469
Ezekiel,115820,43
Ezekiel,114677,234
Ezekiel,165061,390
Ezekiel,108267,608
Ezekiel,153302,889
Ezekiel,104923,620
Ezekiel,195415,460
Ezekiel,126163,900
Ezekiel,137926,839
Ezekiel,150349,343
Ezekiel,160303,700
Ezekiel,173851,51
Ezekiel,151959,366
Ezekiel,100828,424
Ezekiel,136946,795
Ezekiel,175966,149
Ezekiel,189809,311
Ezekiel,150341,970
Ezekiel,165041,784
Ezekiel,108746,356
Ezekiel,117826,443
Ezekiel,123751,879
Ezekiel,155615,279
Ezekiel,122084,858
Ezekiel,102599,13
Ezekiel,190304,709
Ezekiel,171827,777
Ezekiel,104356,112
Ezekiel,132646,413
Ezekiel,138504,7
Ezekiel,149269,700
Ezekiel,146971,374
Ezekiel,194048,979
Ezekiel,162639,777
Ezekiel,107634,639
Ezekiel,104223,266
Ezekiel,100353,515
Ezekiel,181444,497
Ezekiel,111085,438
Ezekiel,186568,880
Ezekiel,121436,59
Ezekiel,139182,939
Ezekiel,176939,715
Ezekiel,105193,608
Ezekiel,177006,826
Ezekiel,174439,949
Ezekiel,151397,884
Ezekiel,161567,241
Ezekiel,153712,990
Ezekiel,187461,653
Ezekiel,195934,723
Ezekiel,149825,735
Ezekiel,194315,934
Ezekiel,105965,831
Ezekiel,146985,577
Ezekiel,124354,173
Ezekiel,149786,191
Ezekiel,126420,144
Ezekiel,175361,120
Ezekiel,142268,338
Ezekiel,145700,111
Ezekiel,158393,77
Ezekiel,102612,197
Ezekiel,127365,261
Ezekiel,159968,715
Ezekiel,189626,823
Ezekiel,148997,13
Ezekiel,101680,29
Ezekiel,163294,420
Ezekiel,154862,639
Ezekiel,141391,502
Ezekiel,110155,262
Ezekiel,191532,749
Ezekiel,110463,8
Ezekiel,113726,612
Ezekiel,143340,681
Ezekiel,171103,85
Ezekiel,132224,735
Ezekiel,154342,120
Ezekiel,169607,887
Ezekiel,124903,718
Ezekiel,179119,540
Ezekiel,147560,899
Ezekiel,138869,311
Ezekiel,194480,398
Ezekiel,146629,823
Ezekiel,176079,505
Ezekiel,163473,263
Ezekiel,158340,970
Ezekiel,198206,260
Ezekiel,196659,924
Ezekiel,138945,431
Ezekiel,137950,559
Ezekiel,144932,259
Ezekiel,183792,189
Ezekiel,146123,133
Ezekiel,178646,328
Ezekiel,187445,35
Ezekiel,177141,527
Ezekiel,195254,759
Ezekiel,166743,922
Ezekiel,119624,978
Ezekiel,121831,391
Ezekiel,154974,213
Ezekiel,136678,75
Ezekiel,174155,620
Ezekiel,141018,439
Ezekiel,149244,451
Ezekiel,145460,640
Ezekiel,199073,616
Ezekiel,107138,293
Ezekiel,100123,494
Ezekiel,154731,657
Ezekiel,107992,210
Ezekiel,167930,426
Ezekiel,130310,182
Ezekiel,178182,850
Ezekiel,104375,245
Ezekiel,161829,45
Ezekiel,121523,100
Ezekiel,189781,812
Ezekiel,137860,263
Ezekiel,151629,955
Ezekiel,158634,819
Ezekiel,108314,823
Ezekiel,139511,579
Ezekiel,121444,349
Ezekiel,184133,848
Ezekiel,128114,760
Ezekiel,148359,236
Ezekiel,128130,111
Ezekiel,119361,204
Ezekiel,170066,803
Ezekiel,156155,639
Ezekiel,117118,90
Ezekiel,163239,388
Ezekiel,129310,239
Ezekiel,143923,700
Ezekiel,122656,263
Ezekiel,199539,582
Ezekiel,152814,433
Ezekiel,131569,282
Ezekiel,185087,623
Ezekiel,151566,356
Ezekiel,199852,118
Ezekiel,179228,944
Ezekiel,124009,945
Ezekiel,196139,654
Ezekiel,129365,525
Ezekiel,149500,566
Ezekiel,136893,780
Ezekiel,183791,976
Ezekiel,113762,640
Ezekiel,163321,906
Ezekiel,186983,72
Ezekiel,128469,72
Ezekiel,138516,953
Ezekiel,147441,284
Ezekiel,125712,301
Ezekiel,177057,40
Ezekiel,160717,993
Ezekiel,139035,308
Ezekiel,153636,59
Ezekiel,138256,924
Ezekiel,113177,140
Ezekiel,189562,613
Ezekiel,129171,298
Ezekiel,198187,267
Ezekiel,173740,303
Ezekiel,163504,674
Ezekiel,182582,672
Ezekiel,125580,402
Ezekiel,136487,541
Ezekiel,164326,392
Ezekiel,121618,776
Ezekiel,179224,235
Ezekiel,187943,692
Ezekiel,107791,233
Ezekiel,191727,774
Ezekiel,171233,471
Ezekiel,133921,174
Ezekiel,130433,990
Ezekiel,176473,856
Ezekiel,181570,533
Ezekiel,173940,233
Ezekiel,183569,844
Ezekiel,119983,446
Ezekiel,198532,572
Ezekiel,164969,614
Ezekiel,185575,321
Ezekiel,138831,541
Ezekiel,156152,270
Ezekiel,163800,821
Ezekiel,116973,439
Ezekiel,194319,867
Ezekiel,133272,655
Ezekiel,130028,684
Ezekiel,159335,378
Ezekiel,102320,212
Ezekiel,176836,647
Ezekiel,136534,139
Ezekiel,151052,759
Ezekiel,121729,741
Ezekiel,184607,703
Ezekiel,131293,664
Ezekiel,134627,691
Ezekiel,117407,302
Ezekiel,125630,847
Ezekiel,162030,951
Ezekiel,119748,829
Ezekiel,149838,791
Ezekiel,150680,769
Ezekiel,125349,973
Ezekiel,123273,689
Ezekiel,160507,383
Ezekiel,102678,603
Ezekiel,174228,891
Ezekiel,189670,775
Ezekiel,100665,844
Ezekiel,199616,504
Ezekiel,182383,883
Ezekiel,118754,961
Ezekiel,102708,2
Ezekiel,179020,380
Ezekiel,139645,320
Ezekiel,136710,537
Ezekiel,144911,484
Ezekiel,131797,889
Ezekiel,139375,118
Ezekiel,171353,984
Ezekiel,132410,369
Ezekiel,139527,437
Ezekiel,198436,449
Ezekiel,157687,424
Ezekiel,186016,700
Ezekiel,166115,574
Ezekiel,100164,562
Ezekiel,172368,341
Ezekiel,178479,981
Ezekiel,151573,872
Ezekiel,106999,566
Ezekiel,108808,730
Ezekiel,178715,818
Ezekiel,131639,790
Ezekiel,164148,313
Ezekiel,196153,552
Ezekiel,111354,962
Ezekiel,152399,748
Ezekiel,124828,55
Ezekiel,195366,809
Ezekiel,152174,740
Ezekiel,145417,864
Ezekiel,118188,107
Ezekiel,191384,714
Ezekiel,127048,809
Ezekiel,199664,288
Ezekiel,101818,794
Ezekiel,158706,928
Ezekiel,166759,716
Ezekiel,157715,225
Ezekiel,149482,171
Ezekiel,177649,943
Ezekiel,109743,391
Ezekiel,122205,353
Ezekiel,180683,645
Ezekiel,171488,35
Ezekiel,104045,701
Ezekiel,196395,136
Ezekiel,165267,259
Ezekiel,134122,861
Ezekiel,164743,286
Ezekiel,169338,596
Ezekiel,156427,345
Ezekiel,163606,47
Ezekiel,132556,121
Ezekiel,179343,645
Ezekiel,115213,37
Ezekiel,165465,373
Ezekiel,161329,68
Ezekiel,156642,217
Ezekiel,122832,763
Ezekiel,100436,252
Ezekiel,151432,687
Ezekiel,109851,516
Ezekiel,199902,941
Ezekiel,177276,560
Ezekiel,180717,658
Ezekiel,120116,70
Ezekiel,188498,246
Ezekiel,120158,4
Ezekiel,179454,437
Ezekiel,184201,649
Ezekiel,189703,352
Ezekiel,153400,840
Ezekiel,143538,840
Ezekiel,186610,35
Ezekiel,107687,402
Ezekiel,148123,240
Ezekiel,173983,271
Ezekiel,117550,611
Ezekiel,105406,535
Ezekiel,154849,868
Ezekiel,127635,54
Ezekiel,173434,586
Ezekiel,103703,728
Ezekiel,177059,28
Ezekiel,133056,54
Ezekiel,199152,570
Ezekiel,138065,857
Ezekiel,185467,126
Ezekiel,165673,248
Ezekiel,177126,186
Ezekiel,165879,744
Ezekiel,128714,253
Ezekiel,172621,554
Ezekiel,146147,104
Ezekiel,178099,74
Ezekiel,118878,696
Ezekiel,145535,403
Ezekiel,103535,564
Ezekiel,135668,479
Ezekiel,180747,783
Ezekiel,133478,572
Ezekiel,165885,190
Ezekiel,158511,508
Ezekiel,103754,555
Ezekiel,160709,697
Ezekiel,197533,377
Ezekiel,126336,72
Ezekiel,143740,879
Ezekiel,125373,91
Ezekiel,159694,561
Ezekiel,153084,987
Ezekiel,146369,774
Ezekiel,122413,569
Ezekiel,178321,772
Ezekiel,103321,195
Ezekiel,192539,653
Ezekiel,120398,751
Ezekiel,162211,630
Ezekiel,101701,626
Ezekiel,174737,610
Ezekiel,111546,970
Ezekiel,149840,815
Ezekiel,165364,619
Ezekiel,147233,358
Ezekiel,104208,543
Ezekiel,134136,79
Ezekiel,189848,88
Ezekiel,126202,904
Ezekiel,191970,295
Ezekiel,160896,919
Ezekiel,199235,521
Ezekiel,145996,444
Ezekiel,166892,69
Ezekiel,133332,47
Ezekiel,109354,594
Ezekiel,158325,109
Ezekiel,171255,544
Ezekiel,128517,812
Ezekiel,134989,641
Ezekiel,155174,824
Ezekiel,171260,518
Ezekiel,182625,78
Ezekiel,129162,50
Ezekiel,185749,794
Ezekiel,166456,942
Ezekiel,136730,172
Ezekiel,193883,653
Ezekiel,105775,203
Ezekiel,115424,759
Ezekiel,127529,371
Ezekiel,142673,955
Ezekiel,191324,889
Ezekiel,151888,339
Ezekiel,150930,842
Ezekiel,135130,226
Ezekiel,167304,814
Ezekiel,162093,219
Ezekiel,186333,212
Ezekiel,191145,781
Ezekiel,176990,846
Ezekiel,102689,159
Ezekiel,188848,884
Ezekiel,123970,379
Ezekiel,187593,336
Ezekiel,132747,235
Ezekiel,146239,440
Ezekiel,144117,389
Ezekiel,142652,132
Ezekiel,191842,852
Ezekiel,123289,615
Ezekiel,148292,39
Ezekiel,154239,792
Ezekiel,146354,564
Ezekiel,114323,411
Ezekiel,136002,694
Ezekiel,166182,598
Ezekiel,168467,729
Ezekiel,181557,62
Ezekiel,153247,370
Ezekiel,128905,396
Ezekiel,107235,137
Ezekiel,102262,67
Ezekiel,166197,118
Ezekiel,138140,698
Ezekiel,156860,163
Ezekiel,125832,182
Ezekiel,105976,264
Ezekiel,168517,715
Ezekiel,106802,495
Ezekiel,103376,473
Ezekiel,110065,8
Ezekiel,183190,283
Ezekiel,169209,543
Ezekiel,145776,10
Ezekiel,165600,801
Ezekiel,115840,322
Ezekiel,135311,378
Ezekiel,187907,798
Ezekiel,169465,531
Ezekiel,195332,793
Ezekiel,145308,777
Ezekiel,104925,584
Ezekiel,195503,347
Ezekiel,109915,797
Ezekiel,194798,471
Ezekiel,178642,70
Ezekiel,159786,758
Ezekiel,145376,83
Ezekiel,125587,236
Ezekiel,190371,267
Ezekiel,171738,181
Ezekiel,113512,158
Ezekiel,108345,109
Ezekiel,164595,977
Ezekiel,154031,669
Ezekiel,104318,788
Ezekiel,110590,985
Ezekiel,154055,109
Ezekiel,143393,537
Ezekiel,163824,851
Ezekiel,105034,911
Ezekiel,112207,724
Ezekiel,121303,299
Ezekiel,107337,318
Ezekiel,133782,989
Ezekiel,158224,627
Ezekiel,169065,380
Ezekiel,165540,309
Ezekiel,116508,396
Ezekiel,174238,177
Ezekiel,144032,452
Ezekiel,156498,169
Ezekiel,131063,665
Ezekiel,120269,327
Ezekiel,140678,261
Ezekiel,110844,946
Ezekiel,142581,633
Ezekiel,155627,786
Ezekiel,188314,432
Ezekiel,142031,340
Ezekiel,176601,345
Ezekiel,121619,34
Ezekiel,143648,166
Ezekiel,135666,130
Ezekiel,110815,877
Ezekiel,123588,937
Ezekiel,130483,676
Ezekiel,182076,994
Ezekiel,179306,714
Ezekiel,181271,587
Ezekiel,110949,832
Ezekiel,145091,299
Ezekiel,160484,183
Ezekiel,173565,199
Ezekiel,139498,110
Ezekiel,127151,798
Ezekiel,197514,472
Ezekiel,146150,360
Ezekiel,196713,597
Ezekiel,124258,27
Ezekiel,192634,400
Ezekiel,164228,273
Ezekiel,193230,189
Ezekiel,162804,134
Ezekiel,109082,809
Ezekiel,167705,131
Ezekiel,123541,601
Ezekiel,180428,794
Ezekiel,154144,802
Ezekiel,161690,904
Ezekiel,126322,718
Ezekiel,177199,889
Ezekiel,132270,198
Ezekiel,140167,345
Ezekiel,101884,808
Ezekiel,152482,86
Ezekiel,186815,583
Ezekiel,153606,502
Ezekiel,103767,828
Ezekiel,176940,32
Ezekiel,136905,350
Ezekiel,147118,861
Ezekiel,186433,270
Ezekiel,153903,407
Ezekiel,188037,0
Ezekiel,112907,721
Ezekiel,184912,54
Ezekiel,177248,827
Ezekiel,144656,420
Ezekiel,182151,106
Ezekiel,129940,728
Ezekiel,108968,928
Ezekiel,185437,484
Ezekiel,140784,213
Ezekiel,177781,759
Ezekiel,175898,894
Ezekiel,197616,936
Ezekiel,135818,527
Ezekiel,113912,287
Ezekiel,142293,76
Ezekiel,133488,915
Ezekiel,130254,159
Ezekiel,174852,157
Ezekiel,111174,84
Ezekiel,124151,464
Ezekiel,135962,536
Ezekiel,100643,38
Ezekiel,114803,646
Ezekiel,194369,601
Ezekiel,170320,354
Ezekiel,163095,395
Ezekiel,119344,640
Ezekiel,110029,14
Ezekiel,169466,701
Ezekiel,135456,106
Ezekiel,188698,675
Ezekiel,135772,722
Ezekiel,129003,589
Ezekiel,114993,574
Ezekiel,195535,252
Ezekiel,121499,99
Ezekiel,147425,189
Ezekiel,184140,160
Ezekiel,104814,1
Ezekiel,170875,631
Ezekiel,139142,81
Ezekiel,171523,221
Ezekiel,119677,114
Ezekiel,194220,235
Ezekiel,105235,85
Ezekiel,111908,734
Ezekiel,140296,7
Ezekiel,144857,452
Ezekiel,138149,544
Ezekiel,119912,93
Ezekiel,149884,887
Ezekiel,117802,851
Ezekiel,119500,394
Ezekiel,107347,23
Ezekiel,179347,121
Ezekiel,122645,457
Ezekiel,197265,862
Ezekiel,151812,284
Ezekiel,157317,885
Ezekiel,174400,476
Ezekiel,143196,1
Ezekiel,157075,675
Ezekiel,119188,534
Ezekiel,107410,710
Ezekiel,151357,604
Ezekiel,192436,530
Ezekiel,104219,635
Ezekiel,199607,273
Ezekiel,113882,873
Ezekiel,108639,658
Ezekiel,170008,903
Ezekiel,140537,714
Ezekiel,143034,61
Ezekiel,138918,324
Ezekiel,181729,716
Ezekiel,128747,621
Ezekiel,152603,876
Ezekiel,197417,24
Ezekiel,141692,835
Ezekiel,124402,427
Ezekiel,146189,734
Ezekiel,189033,840
Ezekiel,134874,885
Ezekiel,183871,83
Ezekiel,166244,724
Ezekiel,157368,652
Ezekiel,136704,698
Ezekiel,134084,475
Ezekiel,184166,239
Ezekiel,199764,877
Ezekiel,133079,809
Ezekiel,167311,66
Ezekiel,135080,146
Ezekiel,145066,853
Ezekiel,142550,157
Ezekiel,109091,181
Ezekiel,115497,712
Ezekiel,165443,459
Ezekiel,146514,185
Ezekiel,159874,286
Ezekiel,117544,430
Ezekiel,172325,593
Ezekiel,147772,924
Ezekiel,166291,169
Ezekiel,191253,224
Ezekiel,136089,266
Ezekiel,145587,802
Ezekiel,140188,590
Ezekiel,124440,907
Ezekiel,193336,939
Ezekiel,140626,150
Ezekiel,134285,65
Ezekiel,154245,691
Ezekiel,176539,851
Ezekiel,199789,705
Ezekiel,191662,388
Ezekiel,170336,854
Ezekiel,141086,650
Ezekiel,144853,824
Ezekiel,130133,201
Ezekiel,145360,406
Ezekiel,146779,747
Ezekiel,148517,501
Ezekiel,116722,436
Ezekiel,120172,391
Ezekiel,174965,989
Ezekiel,136693,342
Ezekiel,151410,426
Ezekiel,163833,800
Ezekiel,193668,782
Ezekiel,133554,666
Ezekiel,129335,891
Ezekiel,133947,810
Ezekiel,155252,502
Ezekiel,185326,505
Ezekiel,162623,898
Ezekiel,134521,611
Ezekiel,169156,356
Ezekiel,129319,173
Ezekiel,169863,309
Ezekiel,118758,203
Ezekiel,171773,998
Ezekiel,168294,878
Ezekiel,135662,96
Ezekiel,105040,36
Ezekiel,157109,736
Ezekiel,170433,893
Ezekiel,123943,191
Ezekiel,114011,408
Ezekiel,140418,913
Ezekiel,101261,607
Ezekiel,198448,985
Ezekiel,180170,808
Ezekiel,171930,285
Ezekiel,192629,284
Ezekiel,136554,985
Ezekiel,103073,626
Ezekiel,152865,902
Ezekiel,125077,823
Ezekiel,156405,234
Ezekiel,182060,720
Ezekiel,177831,142
Ezekiel,128825,690
Ezekiel,197081,885
Ezekiel,100819,771
Ezekiel,163112,344
Ezekiel,185008,752
Ezekiel,122614,163
Ezekiel,151563,133
Ezekiel,152602,449
Ezekiel,134760,751
Ezekiel,102337,189
Ezekiel,106434,483
Ezekiel,127832,97
Ezekiel,134531,801
Ezekiel,198785,822
Ezekiel,196877,122
Ezekiel,187494,618
Ezekiel,111543,152
Ezekiel,145310,246
Ezekiel,132618,562
Ezekiel,100865,715
Ezekiel,181931,482
Ezekiel,148810,150
Ezekiel,116141,132
Ezekiel,133433,686
Ezekiel,154779,568
Ezekiel,182680,577
Ezekiel,107173,83
Ezekiel,152990,272
Ezekiel,177420,828
Ezekiel,137636,346
Ezekiel,123965,597
Ezekiel,123229,68
Ezekiel,130306,493
Ezekiel,189503,749
Ezekiel,157494,134
Ezekiel,100226,881
Ezekiel,163570,777
Ezekiel,145874,432
Ezekiel,139871,17
Ezekiel,152283,686
Ezekiel,131936,371
Ezekiel,112648,127
Ezekiel,144454,254
Ezekiel,176492,120
Ezekiel,189200,82
Ezekiel,179290,757
Ezekiel,142703,798
Ezekiel,135465,70
Ezekiel,188499,121
Ezekiel,119694,289
Ezekiel,142650,159
Ezekiel,168934,164
Ezekiel,104519,918
Ezekiel,133126,117
Ezekiel,122695,414
Ezekiel,189084,858
Ezekiel,132000,383
Ezekiel,190215,439
Ezekiel,128216,579
Ezekiel,160122,496
Ezekiel,161897,95
Ezekiel,185691,95
Ezekiel,175987,868
Ezekiel,175228,997
Ezekiel,128611,199
Ezekiel,103809,850
Ezekiel,143009,906
Ezekiel,159480,844
Ezekiel,100231,713
Ezekiel,162812,252
Ezekiel,199176,768
Ezekiel,192574,721
Ezekiel,120067,442
Ezekiel,164798,453
Ezekiel,114136,774
Ezekiel,100589,829
Ezekiel,111142,470
Ezekiel,136084,89
Ezekiel,140505,237
Ezekiel,153188,496
Ezekiel,154280,209
Ezekiel,198222,547
Ezekiel,161050,88
Ezekiel,161946,848
Ezekiel,115169,190
Ezekiel,166846,259
Ezekiel,100591,225
Ezekiel,198792,114
Ezekiel,158371,487
Ezekiel,165082,721
Ezekiel,175190,333
Ezekiel,192444,952
Ezekiel,196970,408
Ezekiel,149465,471
Ezekiel,136777,984
Ezekiel,145458,549
Ezekiel,181406,532
Ezekiel,193635,642
Ezekiel,131273,219
Ezekiel,179718,166
Ezekiel,148627,321
Ezekiel,167873,16
Ezekiel,183565,580
Ezekiel,125450,967
Ezekiel,180021,590
Ezekiel,108320,424
Ezekiel,120586,700
Ezekiel,103847,528
Ezekiel,160542,462
Ezekiel,170704,607
Ezekiel,166407,209
Ezekiel,184541,419
Ezekiel,102633,829
Ezekiel,151783,528
Ezekiel,121810,83
Ezekiel,190846,856
Ezekiel,168798,678
Ezekiel,141051,685
Ezekiel,180011,457
Ezekiel,185919,510
Ezekiel,116922,300
Ezekiel,148592,257
Ezekiel,155652,336
Ezekiel,107389,277
Ezekiel,143166,958
Ezekiel,165652,61
Ezekiel,129823,806
Ezekiel,190850,858
Ezekiel,154182,85
Ezekiel,182232,172
Ezekiel,149277,326
Ezekiel,120665,217
Ezekiel,121859,848
Ezekiel,119235,661
Ezekiel,163569,296
Ezekiel,143755,950
Ezekiel,125082,745
Ezekiel,175363,979
Ezekiel,175250,738
Ezekiel,187434,292
Ezekiel,169354,419
Ezekiel,197981,75
Ezekiel,174165,712
Ezekiel,140119,853
Ezekiel,122133,616
Ezekiel,139150,178
Ezekiel,188648,937
Ezekiel,116945,772
Ezekiel,147702,144
Ezekiel,108495,883
Ezekiel,128494,696
Ezekiel,114964,585
Ezekiel,190721,339
Ezekiel,166862,507
Ezekiel,130408,643
Ezekiel,112149,951
Ezekiel,149152,729
Ezekiel,163460,974
Ezekiel,120513,688
Ezekiel,174300,887
Ezekiel,126752,822
Ezekiel,156612,162
Ezekiel,124225,557
Ezekiel,154116,525
Ezekiel,131790,716
Ezekiel,180532,145
Ezekiel,158639,29
Ezekiel,184448,347
Ezekiel,180805,613
Ezekiel,129363,866
Ezekiel,121463,655
Ezekiel,171957,319
Ezekiel,160102,658
Ezekiel,191856,339
Ezekiel,120972,293
Ezekiel,104947,896
Ezekiel,122214,866
Ezekiel,126132,565
Ezekiel,161135,393
Ezekiel,141884,330
Ezekiel,155875,916
Ezekiel,107338,52
Ezekiel,121574,535
Ezekiel,163472,76
Ezekiel,157465,658
Ezekiel,182069,716
Ezekiel,125446,300
Ezekiel,149512,44
Ezekiel,195519,469
Ezekiel,178290,939
Ezekiel,154235,176
Ezekiel,117809,945
Ezekiel,182899,817
Ezekiel,165294,264
Ezekiel,138212,720
Ezekiel,118132,465
Ezekiel,189267,213
Ezekiel,151045,295
Ezekiel,123672,11
Ezekiel,158694,275
Ezekiel,159549,865
Ezekiel,173494,262
Ezekiel,119352,722
Ezekiel,101839,321
Ezekiel,141248,399
Ezekiel,184591,958
Ezekiel,174725,447
Ezekiel,156464,848
Ezekiel,196040,599
Ezekiel,151068,960
Ezekiel,171244,587
Ezekiel,110092,727
Ezekiel,168515,667
Ezekiel,165076,934
Ezekiel,188595,120
Ezekiel,104551,814
Ezekiel,148115,597
Ezekiel,104483,582
Ezekiel,169068,553
Ezekiel,135028,659
Ezekiel,175416,60
Ezekiel,176365,764
Ezekiel,176987,200
Ezekiel,121735,610
Ezekiel,150203,70
Ezekiel,198745,269
Ezekiel,135190,475
Ezekiel,192701,443
Ezekiel,187079,196
Ezekiel,141471,272
Ezekiel,170355,120
Ezekiel,108489,616
Ezekiel,112507,916
Ezekiel,143743,84
Ezekiel,115346,609
Ezekiel,170131,641
Ezekiel,116307,422
Ezekiel,107557,860
Ezekiel,175243,872
Ezekiel,115536,809
Ezekiel,152384,923
Ezekiel,169989,431
Ezekiel,114360,364
Ezekiel,175702,727
Ezekiel,189338,26
Ezekiel,180024,243
Ezekiel,171639,582
Ezekiel,130965,622
Ezekiel,195841,896
Ezekiel,146408,976
Ezekiel,193544,874
Ezekiel,135234,676
Ezekiel,126432,981
Ezekiel,109013,859
Ezekiel,151558,272
Ezekiel,132258,887
Ezekiel,168183,950
Ezekiel,157082,460
Ezekiel,189566,676
Ezekiel,157533,513
Ezekiel,156160,654
Ezekiel,122489,636
Ezekiel,112350,257
Ezekiel,137266,524
Ezekiel,176397,115
Ezekiel,184029,754
Ezekiel,123731,425
Ezekiel,136124,183
Ezekiel,100030,473
Ezekiel,155062,182
Ezekiel,190101,496
Ezekiel,166545,128
Ezekiel,151514,64
Ezekiel,191930,790
Ezekiel,167220,689
Ezekiel,119672,193
Ezekiel,153230,373
Ezekiel,185963,598
Ezekiel,143705,566
Ezekiel,125227,808
Ezekiel,143774,739
Ezekiel,192352,897
Ezekiel,150734,954
Ezekiel,106690,264
Ezekiel,174328,172
Ezekiel,129000,581
Ezekiel,197739,347
Ezekiel,164016,679
Ezekiel,148856,622
Ezekiel,174452,123
Ezekiel,134369,202
Ezekiel,121472,233
Ezekiel,184872,496
Ezekiel,196009,613
Ezekiel,144741,566
Ezekiel,155208,693
Ezekiel,145927,816
Ezekiel,117567,137
Ezekiel,163310,261
Ezekiel,168304,601
Ezekiel,123072,138
Ezekiel,147500,467
Ezekiel,143977,251
Ezekiel,131717,529
Ezekiel,101219,863
Ezekiel,193595,215
Ezekiel,165277,47
Ezekiel,171120,39
Ezekiel,135799,840
Ezekiel,107473,9
Ezekiel,173824,978
Ezekiel,178482,751
Ezekiel,104717,376
Ezekiel,112703,947
Ezekiel,148744,36
Ezekiel,153901,241
Ezekiel,109948,75
Ezekiel,170043,408
Ezekiel,137219,733
Ezekiel,144773,326
Ezekiel,158623,703
Ezekiel,112763,493
Ezekiel,104271,959
Ezekiel,104064,973
Ezekiel,177143,920
Ezekiel,118766,522
Ezekiel,149958,116
Ezekiel,171303,383
Ezekiel,174357,340
Ezekiel,140720,970
Ezekiel,166049,256
Ezekiel,153442,50
Ezekiel,158160,255
Ezekiel,157439,571
Ezekiel,196135,798
Ezekiel,171351,232
Ezekiel,147299,833
Ezekiel,141034,10
Ezekiel,121509,177
Ezekiel,168169,562
Ezekiel,179371,237
Ezekiel,159303,945
Ezekiel,144414,318
Ezekiel,108963,19
Ezekiel,101900,73
Ezekiel,197350,548
Ezekiel,121658,782
Ezekiel,118986,936
Ezekiel,106973,374
Ezekiel,165941,821
Ezekiel,134739,388
Ezekiel,193921,661
Ezekiel,188348,18
Ezekiel,103518,466
Ezekiel,182494,467
Ezekiel,195818,243
Ezekiel,123565,583
Ezekiel,132129,427
Ezekiel,141844,84
Ezekiel,133950,890
Ezekiel,137434,885
Ezekiel,172379,831
Ezekiel,182257,741
Ezekiel,176402,776
Ezekiel,160567,405
Ezekiel,136721,711
Ezekiel,198283,366
Ezekiel,143190,811
Ezekiel,148478,258
Ezekiel,181714,363
Ezekiel,166198,322
Ezekiel,168681,362
Ezekiel,107412,10
Ezekiel,184108,675
Ezekiel,153866,72
Ezekiel,121537,850
Ezekiel,128993,199
Ezekiel,153580,804
Ezekiel,169249,132
Ezekiel,180002,423
Ezekiel,199855,696
Ezekiel,149545,972
Ezekiel,123272,63
Ezekiel,137733,802
Ezekiel,113869,489
Ezekiel,114693,373
Ezekiel,103257,678
Ezekiel,190157,271
Ezekiel,167045,588
Ezekiel,198655,60
Ezekiel,176619,22
Ezekiel,170119,768
Ezekiel,111734,682
Ezekiel,104492,508
Ezekiel,189709,845
Ezekiel,127791,995
Ezekiel,120339,260
Ezekiel,161048,458
Ezekiel,131831,683
Ezekiel,151286,876
Ezekiel,163271,817
Ezekiel,152304,999
Ezekiel,187872,694
Ezekiel,138049,386
Ezekiel,187610,793
Ezekiel,186846,311
Ezekiel,185416,480
Ezekiel,107124,329
Ezekiel,183575,488
Ezekiel,151461,758
Ezekiel,116483,541
Ezekiel,159016,901
Ezekiel,156400,599
Ezekiel,167260,363
Ezekiel,102535,128
Ezekiel,131417,67
Ezekiel,184851,332
Ezekiel,199053,288
Ezekiel,138314,150
Ezekiel,177484,565
Ezekiel,165494,670
Ezekiel,114305,747
Ezekiel,190907,519
Ezekiel,178890,2
Ezekiel,102201,308
Ezekiel,107998,204
Ezekiel,190006,808
Ezekiel,112826,394
Ezekiel,197071,446
Ezekiel,107988,971
Ezekiel,104893,179
Ezekiel,191863,340
Ezekiel,118295,626
Ezekiel,118186,810
Ezekiel,150309,870
Ezekiel,182720,694
Ezekiel,113476,657
Ezekiel,196478,96
Ezekiel,162571,289
Ezekiel,174297,659
Ezekiel,156389,682
Ezekiel,188397,291
Ezekiel,194076,730
Ezekiel,109924,129
Ezekiel,182793,947
Ezekiel,101259,694
Ezekiel,147828,662
Ezekiel,139446,780
Ezekiel,161101,69
Ezekiel,169263,602
Ezekiel,167121,947
Ezekiel,148731,495
Ezekiel,103453,594
Ezekiel,102102,384
Ezekiel,187895,61
Ezekiel,151521,56
Ezekiel,187199,38
Ezekiel,177435,605
Ezekiel,141532,754
Ezekiel,180326,80
Ezekiel,101444,358
Ezekiel,121617,190
Ezekiel,105286,151
Ezekiel,182328,322
Ezekiel,134759,155
Ezekiel,112076,539
Ezekiel,150654,232
Ezekiel,129344,340
Ezekiel,128239,279
Ezekiel,168217,614
Ezekiel,102561,258
Ezekiel,171549,422
Ezekiel,165536,41
Ezekiel,159493,706
Ezekiel,122973,161
Ezekiel,137375,745
Ezekiel,148476,95
Ezekiel,134269,690
Ezekiel,111616,600
Ezekiel,178756,810
Ezekiel,142120,497
Ezekiel,112043,300
Ezekiel,119411,758
Ezekiel,192625,740
Ezekiel,197770,110
Ezekiel,163589,629
Ezekiel,113435,218
Ezekiel,129324,332
Ezekiel,172838,342
Ezekiel,109567,304
Ezekiel,194418,480
Ezekiel,197267,163
Ezekiel,190618,297
Ezekiel,154265,996
Ezekiel,103824,766
Ezekiel,115619,140
Ezekiel,153762,216
Ezekiel,198210,679
Ezekiel,104267,866
Ezekiel,191536,280
Ezekiel,171645,680
Ezekiel,110332,118
Ezekiel,184505,529
Ezekiel,127908,509
Ezekiel,139101,625
Ezekiel,126877,852
Ezekiel,123412,260
Ezekiel,152653,168
Ezekiel,133823,586
Ezekiel,176181,893
Ezekiel,192431,315
Ezekiel,159295,89
Ezekiel,145886,737
Ezekiel,155519,141
Ezekiel,156114,499
Ezekiel,165680,390
Ezekiel,149711,722
Ezekiel,105061,485
Ezekiel,194192,794
Ezekiel,133088,407
Ezekiel,142686,885
Ezekiel,157924,438
Ezekiel,137223,69
Ezekiel,188373,481
Ezekiel,190829,948
Ezekiel,186371,52
Ezekiel,103721,174
Ezekiel,113256,447
Ezekiel,149180,889
Ezekiel,187805,393
Ezekiel,154391,89
Ezekiel,135346,351
Ezekiel,114098,630
Ezekiel,183697,249
Ezekiel,102923,638
Ezekiel,191128,561
Ezekiel,142152,393
Ezekiel,147201,146
Ezekiel,177727,777
Ezekiel,169696,891
Ezekiel,111488,300
Ezekiel,111916,363
Ezekiel,109986,313
Ezekiel,180887,907
Ezekiel,165845,11
Ezekiel,159762,502
Ezekiel,101807,735
Ezekiel,183128,522
Ezekiel,158701,726
Ezekiel,195354,433
Ezekiel,188236,730
Ezekiel,175939,530
Ezekiel,196523,558
Ezekiel,157521,157
Ezekiel,127144,684
Ezekiel,152695,609
Ezekiel,121898,946
Ezekiel,172189,448
Ezekiel,158715,48
Ezekiel,162719,745
Ezekiel,142352,306
Ezekiel,182202,751
Ezekiel,132327,114
Ezekiel,195473,363
Ezekiel,104157,170
Ezekiel,156174,766
Ezekiel,171360,471
Ezekiel,127936,99
Ezekiel,101329,720
Ezekiel,107736,220
Ezekiel,132072,896
Ezekiel,190178,900
Ezekiel,157264,753
Ezekiel,197324,836
Ezekiel,178634,430
Ezekiel,175919,657
Ezekiel,148969,377
Ezekiel,196470,753
Ezekiel,184704,229
Ezekiel,198129,847
Ezekiel,105052,795
Ezekiel,110318,312
Ezekiel,144483,512
Ezekiel,187315,146
Ezekiel,176490,562
Ezekiel,147419,321
Ezekiel,121693,704
Ezekiel,196035,691
Ezekiel,168320,300
Ezekiel,192132,618
Ezekiel,172932,466
Ezekiel,147584,164
Ezekiel,160074,328
Ezekiel,193503,895
Ezekiel,188657,842
Ezekiel,136319,88
Ezekiel,168033,333
Ezekiel,146611,69
Ezekiel,120363,647
Ezekiel,125340,377
Ezekiel,139736,602
Ezekiel,153544,272
Ezekiel,192905,437
Ezekiel,145616,83
Ezekiel,118712,114
Ezekiel,168437,843
Ezekiel,131867,948
Ezekiel,117790,7
Ezekiel,147217,242
Ezekiel,186721,11
Ezekiel,150463,976
Ezekiel,111134,957
Ezekiel,122741,969
Ezekiel,148615,917
Ezekiel,156522,614
Ezekiel,150246,209
Ezekiel,124191,244
Ezekiel,191491,588
Ezekiel,110147,901
Ezekiel,186207,529
Ezekiel,132336,168
Ezekiel,178902,662
Ezekiel,195677,99
Ezekiel,144489,539
Ezekiel,151497,533
Ezekiel,167882,464
Ezekiel,160394,978
Ezekiel,189988,180
Ezekiel,169848,923
Ezekiel,195472,454
Ezekiel,189940,955
Ezekiel,165254,408
Ezekiel,177486,709
Ezekiel,144418,471
Ezekiel,102058,836
Ezekiel,137361,127
Ezekiel,102354,749
Ezekiel,195549,852
Ezekiel,139424,793
Ezekiel,156044,609
Ezekiel,186817,265
Ezekiel,180184,245
Ezekiel,131672,567
Ezekiel,129510,77
Ezekiel,142319,994
Ezekiel,112977,900
Ezekiel,158784,716
Ezekiel,145082,925
Ezekiel,134448,331
Ezekiel,175671,813
Ezekiel,118612,240
Ezekiel,156473,92
Ezekiel,151731,517
Ezekiel,182975,729
Ezekiel,119105,705
Ezekiel,179247,749
Ezekiel,181097,384
Ezekiel,176451,673
Ezekiel,186209,257
Ezekiel,122081,966
Ezekiel,107342,469
Ezekiel,105543,992
Ezekiel,185010,378
Ezekiel,127938,572
Ezekiel,129126,462
Ezekiel,147486,772
Ezekiel,188101,166
Ezekiel,102548,410
Ezekiel,138452,415
Ezekiel,130918,599
Ezekiel,169674,748
Ezekiel,130531,389
Ezekiel,132281,869
Ezekiel,155184,755
Ezekiel,171416,727
Ezekiel,117328,290
Ezekiel,153713,349
Ezekiel,180937,605
Ezekiel,148288,584
Ezekiel,160447,721
Ezekiel,166358,624
Ezekiel,162489,254
Ezekiel,191624,770
Ezekiel,171774,553
Ezekiel,150957,816
Ezekiel,103687,385
Ezekiel,190781,166
Ezekiel,183513,796
Ezekiel,129496,489
Ezekiel,116341,102
Ezekiel,128022,177
Ezekiel,195587,894
Ezekiel,166173,910
Ezekiel,158691,300
Ezekiel,123789,101
Ezekiel,168226,310
Ezekiel,181438,603
Ezekiel,132147,285
Ezekiel,160690,166
Ezekiel,141538,7
Ezekiel,188058,883
Ezekiel,133618,725
Eagan,143839,472
Eagan,121344,323
Eagan,141877,257
Eagan,115191,235
Eagan,180753,747
Eagan,182136,789
Eagan,114584,786
Eagan,105115,164
Eagan,174977,61
Eagan,114994,487
Eagan,150966,283
Eagan,150320,868
Eagan,163763,334
Eagan,178616,838
Eagan,167411,862
Eagan,188957,197
Eagan,103469,793
Eagan,110005,891
Eagan,159468,83
Eagan,114413,497
Eagan,156793,219
Eagan,112548,505
Eagan,115813,928
Eagan,190579,618
Eagan,151492,690
Eagan,101766,977
Eagan,197399,621
Eagan,180704,692
Eagan,116566,469
Eagan,169418,101
Eagan,101336,417
Eagan,125322,168
Eagan,194527,370
Eagan,144584,475
Eagan,163314,180
Eagan,154768,410
Eagan,175564,560
Eagan,185088,242
Eagan,144844,409
Eagan,138092,243
Eagan,111935,362
Eagan,158670,186
Eagan,126434,827
Eagan,112917,844
Eagan,140008,709
Eagan,191458,940
Eagan,135817,216
Eagan,130613,205
Eagan,141240,350
Eagan,188297,952
Eagan,159197,346
Eagan,122702,46
Eagan,197225,8
Eagan,111314,685
Eagan,199602,429
Eagan,156227,782
Eagan,112839,589
Eagan,159765,838
Eagan,110202,511
Eagan,189243,666
Eagan,191038,180
Eagan,114437,384
Eagan,128255,87
Eagan,138374,921
Eagan,172830,24
Eagan,142171,367
Eagan,141840,327
Eagan,171948,562
Eagan,166725,152
Eagan,148842,867
Eagan,163465,485
Eagan,199253,877
Eagan,170505,120
Eagan,107093,123
Eagan,114448,268
Eagan,107969,139
Eagan,186133,521
Eagan,106980,265
Eagan,128933,406
Eagan,178586,998
Eagan,176457,169
Eagan,111523,813
Eagan,106041,0
Eagan,194199,358
Eagan,128013,256
Eagan,174117,144
Eagan,102039,587
Eagan,138917,73
Eagan,164234,437
Eagan,184736,731
Eagan,163177,217
Eagan,131395,107
Eagan,112155,48
Eagan,119112,18
Eagan,188345,56
Eagan,113104,650
Eagan,174410,38
Eagan,146631,274
Eagan,121276,83
Eagan,198119,311
Eagan,105806,389
Eagan,192730,351
Eagan,158100,337
Eagan,198045,931
Eagan,178471,281
Eagan,122261,48
Eagan,136688,655
Eagan,133281,695
Eagan,100562,405
Eagan,175558,999
Eagan,138450,109
Eagan,115134,148
Eagan,120283,305
Eagan,145487,7
Eagan,185714,918
Eagan,167267,396
Eagan,127132,923
Eagan,110613,429
Eagan,164661,669
Eagan,175998,375
Eagan,136975,174
Eagan,165861,664
Eagan,134344,604
Eagan,138796,169
Eagan,146975,214
Eagan,134532,658
Eagan,121435,214
Eagan,130391,3
Eagan,114700,391
Eagan,177561,486
Eagan,155885,522
Eagan,180762,1000
Eagan,126993,945
Eagan,182154,494
Eagan,157481,321
Eagan,178259,682
Eagan,192791,645
Eagan,127861,676
Eagan,190498,695
Eagan,121793,194
Eagan,172601,148
Eagan,143990,251
Eagan,167828,449
Eagan,113517,142
Eagan,195199,950
Eagan,104132,570
Eagan,172095,539
Eagan,129717,39
Eagan,129689,130
Eagan,137454,371
Eagan,172562,98
Eagan,119110,572
Eagan,184057,619
Eagan,140010,792
Eagan,175343,89
Eagan,111889,752
Eagan,199095,895
Eagan,128794,843
Eagan,170629,529
Eagan,110571,677
Eagan,199790,512
Eagan,161911,154
Eagan,186458,228
Eagan,101661,449
Eagan,107027,423
Eagan,199555,134
Eagan,154675,663
Eagan,150429,545
Eagan,157498,786
Eagan,170295,203
Eagan,150087,137
Eagan,165555,459
Eagan,143910,236
Eagan,150129,971
Eagan,129943,127
Eagan,153108,535
Eagan,137949,934
Eagan,113828,42
Eagan,152697,503
Eagan,106391,672
Eagan,190332,992
Eagan,144050,138
Eagan,188533,189
Eagan,139568,432
Eagan,191079,826
Eagan,101502,488
Eagan,150778,925
Eagan,173522,241
Eagan,199074,372
Eagan,100347,467
Eagan,197356,284
Eagan,150014,788
Eagan,119447,613
Eagan,115369,797
Eagan,187406,79
Eagan,173609,244
Eagan,171599,422
Eagan,149832,97
Eagan,137407,50
Eagan,139609,843
Eagan,119864,60
Eagan,170000,718
Eagan,120045,993
Eagan,145457,746
Eagan,155746,472
Eagan,195642,771
Eagan,156277,222
Eagan,134244,533
Eagan,157586,707
Eagan,198106,886
Eagan,179034,994
Eagan,165922,910
Eagan,192900,73
Eagan,129424,652
Eagan,101627,696
Eagan,199562,712
Eagan,120784,167
Eagan,148040,179
Eagan,145543,729
Eagan,114603,355
Eagan,178009,13
Eagan,173725,389
Eagan,194080,947
Eagan,133201,574
Eagan,170611,551
Eagan,166522,286
Eagan,109509,363
Eagan,137207,753
Eagan,117584,589
Eagan,139282,386
Eagan,146463,100
Eagan,181937,210
Eagan,190681,542
Eagan,130221,660
Eagan,198876,233
Eagan,115966,373
Eagan,159200,53
Eagan,115548,516
Eagan,105278,586
Eagan,126333,94
Eagan,163618,99
Eagan,151427,254
Eagan,155509,58
Eagan,131120,370
Eagan,187459,434
Eagan,104459,58
Eagan,197048,595
Eagan,132791,928
Eagan,105012,79
Eagan,149657,434
Eagan,113940,415
Eagan,174495,523
Eagan,146414,688
Eagan,194408,88
Eagan,137525,893
Eagan,120174,15
Eagan,131995,357
Eagan,103270,503
Eagan,145967,621
Eagan,165854,850
Eagan,121399,178
Eagan,107626,638
Eagan,190868,330
Eagan,192741,203
Eagan,154736,447
Eagan,148034,319
Eagan,129873,776
Eagan,173602,359
Eagan,173007,872
Eagan,129299,808
Eagan,114321,884
Eagan,174412,143
Eagan,162143,148
Eagan,165243,279
Eagan,142172,851
Eagan,143826,236
Eagan,107097,994
Eagan,161862,121
Eagan,124871,443
Eagan,129136,533
Eagan,195941,611
Eagan,130234,754
Eagan,174402,682
Eagan,195478,671
Eagan,121020,367
Eagan,189343,809
Eagan,153227,668
Eagan,126104,447
Eagan,100173,46
Eagan,105298,181
Eagan,121889,762
Eagan,109488,371
Eagan,135296,10
Eagan,162598,878
Eagan,122679,768
Eagan,143345,672
Eagan,164505,998
Eagan,127229,306
Eagan,108467,466
Eagan,107006,387
Eagan,146062,935
Eagan,147669,859
Eagan,177873,751
Eagan,166564,700
Eagan,166273,836
Eagan,140064,384
Eagan,184995,631
Eagan,157580,806
Eagan,158480,67
Eagan,112635,765
Eagan,129474,672
Eagan,180094,170
Eagan,137150,251
Eagan,160146,497
Eagan,184230,468
Eagan,127388,467
Eagan,192159,628
Eagan,170230,11
Eagan,180582,915
Eagan,148944,510
Eagan,171545,860
Eagan,147652,579
Eagan,160068,347
Eagan,134869,998
Eagan,186954,774
Eagan,182538,709
Eagan,192417,789
Eagan,193373,420
Eagan,184805,229
Eagan,118728,420
Eagan,172784,429
Eagan,194930,863
Eagan,193587,881
Eagan,103951,194
Eagan,103745,183
Eagan,164619,62
Eagan,115722,423
Eagan,116402,356
Eagan,160425,954
Eagan,106323,80
Eagan,101419,370
Eagan,189410,383
Eagan,129622,225
Eagan,169572,610
Eagan,110089,443
Eagan,127914,611
Eagan,101244,738
Eagan,164121,594
Eagan,164394,510
Eagan,188507,249
Eagan,193272,931
Eagan,167582,612
Eagan,190759,700
Eagan,166392,325
Eagan,163710,917
Eagan,166847,401
Eagan,100816,650
Eagan,148737,809
Eagan,162871,511
Eagan,150578,953
Eagan,169056,512
Eagan,197251,800
Eagan,131205,564
Eagan,156962,994
Eagan,112253,131
Eagan,172566,828
Eagan,152872,588
Eagan,124260,701
Eagan,131498,690
Eagan,143481,376
Eagan,141604,646
Eagan,183687,672
Eagan,112947,619
Eagan,143298,285
Eagan,172916,854
Eagan,111830,363
Eagan,166508,658
Eagan,174739,824
Eagan,162243,617
Eagan,162423,596
Eagan,103319,555
Eagan,116565,863
Eagan,157435,167
Eagan,167616,697
Eagan,104586,621
Eagan,182916,725
Eagan,156151,137
Eagan,144909,862
Eagan,169577,279
Eagan,173947,347
Eagan,197085,314
Eagan,185496,973
Eagan,129740,632
Eagan,191299,497
Eagan,101944,944
Eagan,143897,158
Eagan,155538,391
Eagan,109164,324
Eagan,103532,873
Eagan,127536,591
Eagan,179451,208
Eagan,130538,299
Eagan,122851,437
Eagan,160575,264
Eagan,155494,696
Eagan,146115,629
Eagan,135655,357
Eagan,146201,68
Eagan,139989,320
Eagan,168370,117
Eagan,156999,654
Eagan,120480,163
Eagan,109435,105
Eagan,176761,650
Eagan,141403,633
Eagan,106570,480
Eagan,151443,29
Eagan,130492,686
Eagan,180487,40
Eagan,161663,827
Eagan,156335,380
Eagan,155702,128
Eagan,126738,596
Eagan,110579,465
Eagan,175274,579
Eagan,139434,989
Eagan,142448,867
Eagan,124467,925
Eagan,111731,562
Eagan,167823,642
Eagan,108290,420
Eagan,112954,943
Eagan,166688,500
Eagan,131059,495
Eagan,175023,867
Eagan,174307,857
Eagan,164027,7
Eagan,148104,679
Eagan,175654,132
Eagan,123434,713
Eagan,183189,1000
Eagan,114053,862
Eagan,187148,166
Eagan,190427,148
Eagan,141619,370
Eagan,157021,888
Eagan,135118,314
Eagan,100130,506
Eagan,171991,178
Eagan,159585,16
Eagan,120479,52
Eagan,163849,295
Eagan,185316,570
Eagan,116622,677
Eagan,167118,476
Eagan,150584,592
Eagan,130497,23
Eagan,196846,870
Eagan,193986,613
Eagan,169984,698
Eagan,131144,634
Eagan,181723,545
Eagan,136490,488
Eagan,143158,98
Eagan,185491,440
Eagan,128440,261
Eagan,101730,146
Eagan,162286,899
Eagan,178483,408
Eagan,129062,142
Eagan,126908,577
Eagan,154039,185
Eagan,166122,437
Eagan,154269,26
Eagan,189402,664
Eagan,145520,974
Eagan,166258,488
Eagan,136190,952
Eagan,152257,518
Eagan,138957,938
Eagan,197274,120
Eagan,174421,908
Eagan,118200,555
Eagan,161240,939
Eagan,184137,42
Eagan,124239,237
Eagan,175625,112
Eagan,105028,394
Eagan,136394,652
Eagan,169323,226
Eagan,126922,642
Eagan,151302,102
Eagan,199640,533
Eagan,196594,477
Eagan,149607,38
Eagan,191904,950
Eagan,102904,902
Eagan,137645,210
Eagan,186556,918
Eagan,177508,337
Eagan,186505,478
Eagan,187201,989
Eagan,136324,311
Eagan,131352,35
Eagan,191853,95
Eagan,183480,791
Eagan,173797,196
Eagan,176438,852
Eagan,194944,691
Eagan,128071,142
Eagan,194361,109
Eagan,132346,141
Eagan,114615,731
Eagan,102432,477
Eagan,183269,144
Eagan,157823,970
Eagan,100132,197
Eagan,157994,495
Eagan,160177,969
Eagan,148130,251
Eagan,199742,748
Eagan,106107,455
Eagan,127837,477
Eagan,196827,271
Eagan,135334,293
Eagan,172138,826
Eagan,193885,922
Eagan,188930,360
Eagan,149701,742
Eagan,156468,690
Eagan,162293,334
Eagan,185819,22
Eagan,107308,513
Eagan,118512,783
Eagan,189701,674
Eagan,124042,9
Eagan,166411,738
Eagan,118897,507
Eagan,198244,608
Eagan,176132,246
Eagan,128125,301
Eagan,118178,963
Eagan,115022,997
Eagan,124236,703
Eagan,117424,915
Eagan,107455,109
Eagan,166145,554
Eagan,137665,365
Eagan,172773,512
Eagan,163346,690
Eagan,115629,186
Eagan,185952,842
Eagan,149370,810
Eagan,112324,575
Eagan,154266,42
Eagan,104578,330
Eagan,130500,32
Eagan,104692,477
Eagan,179133,894
Eagan,168652,413
Eagan,120266,225
Eagan,198418,572
Eagan,131265,721
Eagan,116642,816
Eagan,165975,388
Eagan,198766,24
Eagan,179629,631
Eagan,180851,130
Eagan,164657,286
Eagan,170987,295
Eagan,131560,612
Eagan,186658,565
Eagan,187490,263
Eagan,173704,928
Eagan,129920,176
Eagan,161532,255
Eagan,176869,752
Eagan,153435,218
Eagan,153707,321
Eagan,136145,439
Eagan,121812,487
Eagan,192769,750
Eagan,145904,569
Eagan,164498,835
Eagan,131018,982
Eagan,177756,774
Eagan,183272,655
Eagan,151501,495
Eagan,163639,629
Eagan,116078,968
Eagan,153468,619
Eagan,123719,453
Eagan,170215,586
Eagan,106137,877
Eagan,135821,52
Eagan,191378,957
Eagan,162745,766
Eagan,139145,318
Eagan,105414,544
Eagan,162519,604
Eagan,135858,710
Eagan,172439,222
Eagan,187704,499
Eagan,169672,837
Eagan,176072,227
Eagan,198336,661
Eagan,124711,96
Eagan,160081,469
Eagan,139714,319
Eagan,168518,581
Eagan,172106,499
Eagan,163278,430
Eagan,167509,346
Eagan,167558,155
Eagan,124506,61
Eagan,154124,107
Eagan,101582,998
Eagan,131439,897
Eagan,156128,508
Eagan,176910,900
Eagan,139992,291
Eagan,171899,547
Eagan,186871,439
Eagan,166524,339
Eagan,166740,170
Eagan,149543,50
Eagan,160972,792
Eagan,167366,766
Eagan,167868,686
Eagan,115690,518
Eagan,175597,13
Eagan,141875,82
Eagan,118847,474
Eagan,126280,449
Eagan,166393,646
Eagan,194605,857
Eagan,191165,515
Eagan,102041,706
Eagan,138747,992
Eagan,158811,724
Eagan,180726,591
Eagan,183209,510
Eagan,109046,897
Eagan,132643,180
Eagan,194753,923
Eagan,168067,625
Eagan,124656,825
Eagan,144623,693
Eagan,137140,690
Eagan,195857,705
Eagan,104229,784
Eagan,105636,930
Eagan,153953,512
Eagan,168156,656
Eagan,153517,866
Eagan,181344,147
Eagan,173038,745
Eagan,113778,79
Eagan,115443,874
Eagan,100934,270
Eagan,130178,155
Eagan,121019,506
Eagan,185537,771
Eagan,136338,137
Eagan,193259,250
Eagan,145636,252
Eagan,101710,517
Eagan,153830,583
Eagan,171941,13
Eagan,179104,254
Eagan,113415,893
Eagan,146214,529
Eagan,126584,483
Eagan,160987,35
Eagan,182946,991
Eagan,153413,296
Eagan,190259,910
Eagan,102487,89
Eagan,171266,140
Eagan,104630,316
Eagan,110935,913
Eagan,144718,412
Eagan,181281,226
Eagan,118983,927
Eagan,181082,638
Eagan,181345,621
Eagan,191307,680
Eagan,102409,655
Eagan,133140,405
Eagan,191381,1
Eagan,119368,347
Eagan,139859,806
Eagan,149072,349
Eagan,114972,712
Eagan,131568,28
Eagan,120423,516
Eagan,169586,90
Eagan,191745,0
Eagan,126836,553
Eagan,107382,821
Eagan,165534,298
Eagan,115810,646
Eagan,107818,622
Eagan,196056,624
Eagan,100390,767
Eagan,179233,444
Eagan,158112,341
Eagan,123107,749
Eagan,198763,4
Eagan,100443,982
Eagan,103826,882
Eagan,147386,443
Eagan,167965,140
Eagan,131830,356
Eagan,107851,93
Eagan,120006,345
Eagan,108780,842
Eagan,180926,107
Eagan,133724,927
Eagan,135103,787
Eagan,105159,658
Eagan,183136,179
Eagan,126035,469
Eagan,115733,78
Eagan,190536,505
Eagan,180554,824
Eagan,115735,74
Eagan,153272,141
Eagan,124211,210
Eagan,165366,945
Eagan,177097,205
Eagan,166024,418
Eagan,102175,925
Eagan,106049,13
Eagan,103817,848
Eagan,114786,844
Eagan,170015,639
Eagan,134659,994
Eagan,133276,421
Eagan,106652,208
Eagan,181025,494
Eagan,159118,64
Eagan,138075,231
Eagan,176763,264
Eagan,138844,41
Eagan,127369,566
Eagan,192854,266
Eagan,144769,827
Eagan,127258,774
Eagan,177870,973
Eagan,138015,0
Eagan,197984,578
Eagan,189775,631
Eagan,138377,703
Eagan,157143,65
Eagan,189262,187
Eagan,192141,102
Eagan,127616,91
Eagan,186499,671
Eagan,146054,884
Eagan,131235,727
Eagan,103250,744
Eagan,156367,345
Eagan,163956,859
Eagan,111980,591
Eagan,148850,714
Eagan,173673,152
Eagan,114352,680
Eagan,131390,784
Eagan,184845,177
Eagan,183365,212
Eagan,153209,485
Eagan,134986,765
Eagan,181585,101
Eagan,100971,594
Eagan,139239,809
Eagan,189808,173
Eagan,137542,363
Eagan,144749,397
Eagan,142053,185
Eagan,109136,762
Eagan,195592,475
Eagan,115540,492
Eagan,167869,60
Eagan,106854,750
Eagan,124559,593
Eagan,108580,985
Eagan,105707,981
Eagan,122696,228
Eagan,189535,595
Eagan,199606,660
Eagan,181108,685
Eagan,188766,964
Eagan,188220,964
Eagan,167378,527
Eagan,120978,69
Eagan,143126,454
Eagan,179664,446
Eagan,128508,106
Eagan,189783,718
Eagan,152557,352
Eagan,117998,222
Eagan,192124,794
Eagan,175586,686
Eagan,127982,761
Eagan,154638,961
Eagan,133446,797
Eagan,113464,802
Eagan,141923,193
Eagan,190496,223
Eagan,116504,474
Eagan,131909,147
Eagan,106939,591
Eagan,122706,795
Eagan,141356,179
Eagan,127728,578
Eagan,130001,102
Eagan,156056,987
Eagan,158452,906
Eagan,176344,891
Eagan,183842,812
Eagan,130396,775
Eagan,133085,254
Eagan,137746,935
Eagan,114344,357
Eagan,176974,792
Eagan,122737,386
Eagan,124901,918
Eagan,199639,364
Eagan,181196,624
Eagan,132978,120
Eagan,107555,180
Eagan,129075,952
Eagan,116911,153
Eagan,175481,902
Eagan,130625,285
Eagan,143286,486
Eagan,194419,498
Eagan,118836,342
Eagan,150531,920
Eagan,110154,871
Eagan,108673,967
Eagan,151199,670
Eagan,157263,245
Eagan,103838,444
Eagan,162315,415
Eagan,129007,222
Eagan,133337,809
Eagan,100411,966
Eagan,184000,601
Eagan,143333,11
Eagan,128256,624
Eagan,137127,307
Eagan,149577,586
Eagan,150445,349
Eagan,148097,37
Eagan,104212,944
Eagan,140003,584
Eagan,104639,200
Eagan,124434,536
Eagan,149706,58
Eagan,154032,87
Eagan,182734,458
Eagan,172788,762
Eagan,168964,348
Eagan,170512,631
Eagan,188931,656
Eagan,149426,134
Eagan,104185,71
Eagan,178940,363
Eagan,125157,11
Eagan,114265,669
Eagan,113933,943
Eagan,137554,76
Eagan,123094,286
Eagan,110401,867
Eagan,115947,921
Eagan,151126,293
Eagan,105421,699
Eagan,118323,971
Eagan,153128,949
Eagan,172679,696
Eagan,146263,337
Eagan,149747,311
Eagan,146240,811
Eagan,169511,900
Eagan,167752,492
Eagan,199317,720
Eagan,101115,283
Eagan,190942,647
Eagan,128034,68
Eagan,165377,361
Eagan,192576,764
Eagan,187684,465
Eagan,120931,158
Eagan,170180,310
Eagan,169279,11
Eagan,110050,893
Eagan,126597,780
Eagan,197571,424
Eagan,190706,559
Eagan,170277,51
Eagan,135624,661
Eagan,116176,149
Eagan,143607,864
Eagan,150949,134
Eagan,119853,808
Eagan,154576,948
Eagan,193423,590
Eagan,187257,122
Eagan,180198,65
Eagan,123287,810
Eagan,144145,91
Eagan,146749,603
Eagan,109167,285
Eagan,150150,105
Eagan,151428,507
Eagan,133552,630
Eagan,176166,921
Eagan,191639,185
Eagan,137780,722
Eagan,172256,838
Eagan,149634,444
Eagan,195465,214
Eagan,131528,39
Eagan,147439,926
Eagan,130704,432
Eagan,113484,684
Eagan,174932,629
Eagan,142151,314
Eagan,137604,893
Eagan,111945,975
Eagan,124454,144
Eagan,165323,21
Eagan,191317,346
Eagan,118387,355
Eagan,148586,424
Eagan,181064,86
Eagan,124844,551
Eagan,146472,431
Eagan,101528,319
Eagan,144873,493
Eagan,150604,726
Eagan,149222,425
Eagan,148086,762
Eagan,132939,169
Eagan,160178,411
Eagan,135777,145
Eagan,147566,712
Eagan,182153,189
Eagan,159883,80
Eagan,155034,37
Eagan,178083,942
Eagan,129305,282
Eagan,184008,453
Eagan,157169,343
Eagan,125627,563
Eagan,181199,633
Eagan,199116,242
Eagan,187492,481
Eagan,199086,143
Eagan,127372,331
Eagan,146015,998
Eagan,196539,936
Eagan,185398,69
Eagan,188800,482
Eagan,152082,788
Eagan,125509,271
Eagan,196193,338
Eagan,135085,527
Eagan,120689,669
Eagan,137702,524
Eagan,181055,145
Eagan,103489,417
Eagan,172492,552
Eagan,176865,765
Eagan,147572,274
Eagan,110307,911
Eagan,138162,838
Eagan,115970,542
Eagan,158852,252
Eagan,115232,504
Eagan,163955,934
Eagan,197100,63
Eagan,173538,924
Eagan,121738,655
Eagan,154844,255
Eagan,130888,891
Eagan,128876,569
Eagan,123130,159
Eagan,172605,192
Eagan,123538,613
Eagan,100859,973
Eagan,129573,217
Eagan,103954,362
Eagan,179029,205
Driscoll,120836,64
Driscoll,173970,910
Driscoll,122862,424
Driscoll,136255,413
Driscoll,189911,95
Driscoll,178504,911
Driscoll,157916,114
Driscoll,101276,737
Driscoll,186206,224
Driscoll,136837,579
Driscoll,145914,945
Driscoll,109357,967
Driscoll,158001,382
Driscoll,118453,94
Driscoll,176222,85
Driscoll,115816,115
Driscoll,151907,170
Driscoll,174609,370
Driscoll,193866,929
Driscoll,117655,101
Driscoll,103555,300
Driscoll,168759,922
Driscoll,160480,866
Driscoll,185502,997
Driscoll,120982,734
Driscoll,174706,340
Driscoll,113296,39
Driscoll,140813,720
Driscoll,183668,471
Driscoll,149698,262
Driscoll,170534,707
Driscoll,160109,614
Driscoll,133306,304
Driscoll,173021,527
Driscoll,176350,978
Driscoll,151355,966
Driscoll,184445,396
Driscoll,141234,552
Driscoll,178299,643
Driscoll,112919,820
Driscoll,121911,260
Driscoll,158444,172
Driscoll,115784,434
Driscoll,156842,103
Driscoll,170059,263
Driscoll,166282,854
Driscoll,124729,923
Driscoll,125980,986
Driscoll,118589,698
Driscoll,142457,257
Driscoll,188125,438
Driscoll,178847,169
Driscoll,195144,391
Driscoll,142905,463
Driscoll,105769,909
Driscoll,121659,341
Driscoll,193081,385
Driscoll,167736,653
Driscoll,199424,253
Driscoll,190908,598
Driscoll,108554,532
Driscoll,127522,777
Driscoll,106015,328
Driscoll,175664,495
Driscoll,152000,714
Driscoll,103409,26
Driscoll,194029,438
Driscoll,147224,578
Driscoll,101125,725
Driscoll,197679,24
Driscoll,182064,251
Driscoll,168038,85
Driscoll,111582,779
Driscoll,169805,722
Driscoll,100070,936
Driscoll,122900,714
Driscoll,164574,377
Driscoll,129893,699
Driscoll,102385,924
Driscoll,158400,933
Driscoll,175740,34
Driscoll,195955,948
Driscoll,135812,709
Driscoll,138717,270
Driscoll,127062,530
Driscoll,122794,613
Driscoll,161128,306
Driscoll,140495,681
Driscoll,123332,348
Driscoll,132803,659
Driscoll,155486,680
Driscoll,111467,764
Driscoll,188909,892
Driscoll,188874,772
Driscoll,174879,692
Driscoll,152349,14
Driscoll,124097,449
Driscoll,103708,412
Driscoll,122348,687
Driscoll,152929,684
Driscoll,155071,535
Driscoll,157472,90
Driscoll,125779,37
Driscoll,187131,79
Driscoll,197373,576
Driscoll,192748,925
Driscoll,190735,381
Driscoll,110588,809
Driscoll,172804,64
Driscoll,179320,88
Driscoll,177798,113
Driscoll,146008,345
Driscoll,115312,896
Driscoll,106448,468
Driscoll,166605,528
Driscoll,196349,738
Driscoll,189157,464
Driscoll,158846,896
Driscoll,176820,767
Driscoll,110980,885
Driscoll,144503,468
Driscoll,156282,274
Driscoll,186422,707
Driscoll,161023,791
Driscoll,103842,113
Driscoll,191975,86
Driscoll,111440,912
Driscoll,114927,139
Driscoll,178490,140
Driscoll,137372,104
Driscoll,198702,771
Driscoll,118719,215
Driscoll,180295,506
Driscoll,127873,32
Driscoll,151243,316
Driscoll,121175,382
Driscoll,101020,516
Driscoll,188188,924
Driscoll,136557,840
Driscoll,124223,447
Driscoll,199612,779
Driscoll,115251,569
Driscoll,170936,414
Driscoll,118690,124
Driscoll,188344,686
Driscoll,167178,195
Driscoll,109729,702
Driscoll,164057,539
Driscoll,177222,193
Driscoll,162785,435
Driscoll,162017,248
Driscoll,198489,5
Driscoll,106279,623
Driscoll,108501,19
Driscoll,177563,831
Driscoll,131167,768
Driscoll,161976,786
Driscoll,151846,396
Driscoll,125046,145
Driscoll,131917,354
Driscoll,167405,761
Driscoll,130380,776
Driscoll,117153,355
Driscoll,186352,95
Driscoll,174942,11
Driscoll,163113,606
Driscoll,146808,487
Driscoll,135476,827
Driscoll,130120,234
Driscoll,111974,339
Driscoll,141037,26
Driscoll,125550,104
Driscoll,134597,144
Driscoll,107943,567
Driscoll,136236,854
Driscoll,120641,994
Driscoll,103521,282
Driscoll,179416,266
Driscoll,135978,301
Driscoll,129533,413
Driscoll,119604,265
Driscoll,165642,53
Driscoll,112668,719
Driscoll,142445,68
Driscoll,189334,515
Driscoll,112837,792
Driscoll,118774,463
Driscoll,105547,922
Driscoll,180231,788
Driscoll,129434,658
Driscoll,105179,184
Driscoll,156105,399
Driscoll,171432,205
Driscoll,146789,176
Driscoll,147173,410
Driscoll,140548,592
Driscoll,135882,207
Driscoll,175588,668
Driscoll,145888,290
Driscoll,103381,351
Driscoll,147415,803
Driscoll,151633,472
Driscoll,148963,195
Driscoll,184097,305
Driscoll,126445,339
Driscoll,167682,436
Driscoll,130149,49
Driscoll,110851,764
Driscoll,193948,183
Driscoll,135336,851
Driscoll,162049,561
Driscoll,143280,582
Driscoll,172767,471
Driscoll,176069,405
Driscoll,197153,884
Driscoll,146736,938
Driscoll,117090,845
Driscoll,188946,726
Driscoll,101441,546
Driscoll,152382,360
Driscoll,174818,512
Driscoll,168566,793
Driscoll,145436,816
Driscoll,188956,777
Driscoll,114865,959
Driscoll,131229,325
Driscoll,151678,71
Driscoll,188458,512
Driscoll,111043,543
Driscoll,154255,685
Driscoll,110564,286
Driscoll,190700,280
Driscoll,137260,571
Driscoll,188091,785
Driscoll,122356,580
Driscoll,184577,162
Driscoll,107610,149
Driscoll,101587,278
Driscoll,183747,194
Driscoll,147003,783
Driscoll,173950,561
Driscoll,139999,442
Driscoll,124322,281
Driscoll,117168,346
Driscoll,105108,951
Driscoll,198173,48
Driscoll,127310,617
Driscoll,105795,861
Driscoll,167845,48
Driscoll,132088,440
Driscoll,184435,785
Driscoll,171147,753
Driscoll,156900,209
Driscoll,151736,481
Driscoll,138475,942
Driscoll,146698,133
Driscoll,117156,852
Driscoll,145838,2
Driscoll,163251,239
Driscoll,190785,581
Driscoll,132170,894
Driscoll,162279,564
Driscoll,171256,543
Driscoll,178583,942
Driscoll,192449,894
Driscoll,143390,833
Driscoll,181692,831
Driscoll,161967,308
Driscoll,145099,218
Driscoll,131876,882
Driscoll,143744,849
Driscoll,147286,452
Driscoll,143219,830
Driscoll,164388,651
Driscoll,129911,965
Driscoll,155114,109
Driscoll,194341,787
Driscoll,178752,554
Driscoll,144759,947
Driscoll,190114,539
Driscoll,140054,193
Driscoll,183735,482
Driscoll,121439,839
Driscoll,186137,317
Driscoll,134005,583
Driscoll,153151,584
Driscoll,130928,28
Driscoll,126175,145
Driscoll,183825,227
Driscoll,108330,939
Driscoll,138568,370
Driscoll,156762,46
Driscoll,102683,600
Driscoll,145306,50
Driscoll,173553,54
Driscoll,182510,564
Driscoll,174063,556
Driscoll,148286,251
Driscoll,195450,803
Driscoll,103858,919
Driscoll,119317,912
Driscoll,134179,533
Driscoll,187134,75
Driscoll,142057,213
Driscoll,125393,989
Driscoll,156435,420
Driscoll,196788,572
Driscoll,148413,11
Driscoll,152340,480
Driscoll,166921,642
Driscoll,170626,870
Driscoll,193384,894
Driscoll,173389,1000
Driscoll,107902,861
Driscoll,124426,145
Driscoll,124742,834
Driscoll,104104,207
Driscoll,192173,667
Driscoll,152635,751
Driscoll,162378,202
Driscoll,168770,403
Driscoll,152024,861
Driscoll,101479,501
Driscoll,113590,399
Driscoll,111723,578
Driscoll,146968,48
Driscoll,147225,969
Driscoll,180806,136
Driscoll,163716,536
Driscoll,188243,992
Driscoll,160131,904
Driscoll,126147,446
Driscoll,150347,357
Driscoll,108663,652
Driscoll,194085,318
Driscoll,121639,6
Driscoll,186176,889
Driscoll,149862,775
Driscoll,155986,516
Driscoll,170040,439
Driscoll,172489,323
Driscoll,130076,292
Driscoll,138164,987
Driscoll,129512,370
Driscoll,174263,888
Driscoll,195756,157
Driscoll,165440,179
Driscoll,189077,763
Driscoll,107299,393
Driscoll,130395,723
Driscoll,106692,814
Driscoll,189822,506
Driscoll,102231,45
Driscoll,195812,160
Driscoll,127219,833
Driscoll,199579,57
Driscoll,114526,154
Driscoll,131879,683
Driscoll,113580,403
Driscoll,104215,570
Driscoll,188951,759
Driscoll,125034,664
Driscoll,148067,679
Driscoll,127179,321
Driscoll,106134,907
Driscoll,111958,433
Driscoll,124146,198
Driscoll,183756,924
Driscoll,109020,701
Driscoll,174013,143
Driscoll,158529,114
Driscoll,101116,12
Driscoll,169130,703
Driscoll,153443,97
Driscoll,116002,225
Driscoll,199518,919
Driscoll,173828,213
Driscoll,129054,204
Driscoll,129617,403
Driscoll,167986,724
Driscoll,163205,628
Driscoll,111475,184
Driscoll,156696,533
Driscoll,124139,816
Driscoll,155736,596
Driscoll,199025,577
Driscoll,157672,811
Driscoll,193318,619
Driscoll,119917,594
Driscoll,110646,716
Driscoll,199476,135
Driscoll,150120,399
Driscoll,125491,986
Driscoll,199182,435
Driscoll,174423,68
Driscoll,126567,308
Driscoll,177978,893
Driscoll,106869,829
Driscoll,152995,958
Driscoll,148729,417
Driscoll,120927,956
Driscoll,147206,195
Driscoll,101460,470
Driscoll,135705,699
Driscoll,116232,513
Driscoll,162355,910
Driscoll,165682,904
Driscoll,194773,837
Driscoll,120181,411
Driscoll,115286,780
Driscoll,146208,388
Driscoll,187304,264
Driscoll,157769,975
Driscoll,107015,1000
Driscoll,163462,56
Driscoll,178430,624
Driscoll,140882,76
Driscoll,163818,664
Driscoll,175791,140
Driscoll,126565,576
Driscoll,195004,213
Driscoll,137774,467
Driscoll,110730,910
Driscoll,127841,852
Driscoll,128870,462
Driscoll,142477,818
Driscoll,145180,120
Driscoll,181647,13
Driscoll,165554,695
Driscoll,153718,821
Driscoll,120086,953
Driscoll,148121,539
Driscoll,115758,118
Driscoll,198578,547
Driscoll,128504,352
Driscoll,151557,717
Driscoll,154520,580
Driscoll,157758,351
Driscoll,166046,589
Driscoll,107923,786
Driscoll,147109,80
Driscoll,170188,20
Driscoll,109392,944
Driscoll,184762,96
Driscoll,105980,534
Driscoll,146226,342
Driscoll,170416,697
Driscoll,112247,592
Driscoll,124904,928
Driscoll,143768,777
Driscoll,156791,271
Driscoll,126703,245
Driscoll,159084,102
Driscoll,197475,574
Driscoll,103932,90
Driscoll,166165,971
Driscoll,191494,155
Driscoll,107481,133
Driscoll,188844,923
Driscoll,140360,417
Driscoll,129397,286
Driscoll,190281,995
Driscoll,167139,484
Driscoll,103402,507
Driscoll,158456,310
Driscoll,187828,413
Driscoll,118714,686
Driscoll,116167,626
Driscoll,162324,878
Driscoll,160032,200
Driscoll,150764,815
Driscoll,136051,824
Driscoll,120088,44
Driscoll,185520,576
Driscoll,126101,957
Driscoll,194946,831
Driscoll,154203,504
Driscoll,183879,644
Driscoll,120437,648
Driscoll,135407,323
Driscoll,116037,788
Driscoll,171138,580
Driscoll,152519,47
Driscoll,111847,956
Driscoll,112720,252
Driscoll,124602,423
Driscoll,158106,212
Driscoll,155010,727
Driscoll,101364,857
Driscoll,185704,808
Driscoll,132014,453
Driscoll,147651,864
Driscoll,158970,656
Driscoll,105691,709
Driscoll,128058,680
Driscoll,121637,604
Driscoll,164852,398
Driscoll,120609,918
Driscoll,165289,614
Driscoll,149555,747
Driscoll,140145,451
Driscoll,178559,607
Driscoll,166639,83
Driscoll,173663,162
Driscoll,115743,769
Driscoll,156312,337
Driscoll,122333,784
Driscoll,102791,184
Driscoll,194096,520
Driscoll,117445,94
Driscoll,168175,660
Driscoll,144606,871
Driscoll,144234,84
Driscoll,161639,376
Driscoll,154063,229
Driscoll,190509,530
Driscoll,136841,177
Driscoll,193302,28
Driscoll,139119,832
Driscoll,144881,318
Driscoll,157683,526
Driscoll,109021,480
Driscoll,184848,693
Driscoll,160354,964
Driscoll,121754,769
Driscoll,195636,164
Driscoll,152879,928
Driscoll,181454,806
Driscoll,146995,55
Driscoll,136672,238
Driscoll,161784,448
Driscoll,111898,432
Driscoll,169670,754
Driscoll,182612,676
Driscoll,160880,657
Driscoll,115326,899
Driscoll,194624,307
Driscoll,197319,895
Driscoll,192785,178
Driscoll,145289,729
Driscoll,107067,357
Driscoll,173875,713
Driscoll,125004,30
Driscoll,186964,104
Driscoll,197422,937
Driscoll,129590,934
Driscoll,117688,449
Driscoll,193124,161
Driscoll,112291,12
Driscoll,117847,295
Driscoll,175333,569
Driscoll,117736,286
Driscoll,124568,737
Driscoll,159679,657
Driscoll,132152,573
Driscoll,179878,363
Driscoll,164942,237
Driscoll,152493,233
Driscoll,138074,401
Driscoll,149783,82
Driscoll,179379,895
Driscoll,122481,619
Driscoll,106772,203
Driscoll,129282,727
Driscoll,191123,812
Driscoll,102407,114
Driscoll,160052,724
Driscoll,199056,816
Driscoll,177005,410
Driscoll,122207,772
Driscoll,143362,123
Driscoll,176583,20
Driscoll,123114,388
Driscoll,119074,166
Driscoll,111223,369
Driscoll,174123,306
Driscoll,106841,843
Driscoll,169076,930
Driscoll,152109,590
Driscoll,119153,690
Driscoll,139502,366
Driscoll,161968,74
Driscoll,110619,810
Driscoll,182036,893
Driscoll,125454,583
Driscoll,171656,991
Driscoll,134202,613
Driscoll,187697,881
Driscoll,163542,521
Driscoll,175603,400
Driscoll,161666,387
Driscoll,151658,218
Driscoll,173485,811
Driscoll,100779,263
Driscoll,117092,506
Driscoll,131356,189
Driscoll,192906,188
Driscoll,173109,898
Driscoll,188218,112
Driscoll,197058,482
Driscoll,184700,442
Driscoll,184693,850
Driscoll,110150,8
Driscoll,180542,417
Driscoll,168872,598
Driscoll,102057,198
Driscoll,163450,78
Driscoll,113168,538
Driscoll,160036,488
Driscoll,167399,277
Driscoll,187524,458
Driscoll,152263,548
Driscoll,186828,3
Driscoll,154909,753
Driscoll,150472,577
Driscoll,132011,825
Driscoll,156251,484
Driscoll,172468,652
Driscoll,166277,173
Driscoll,184743,14
Driscoll,197037,819
Driscoll,137230,275
Driscoll,166410,412
Driscoll,119890,940
Driscoll,143512,407
Driscoll,172163,670
Driscoll,159779,729
Driscoll,128432,880
Driscoll,195597,192
Driscoll,170874,925
Driscoll,134039,80
Driscoll,167808,314
Driscoll,104805,518
Driscoll,133541,274
Driscoll,126935,495
Driscoll,187587,958
Driscoll,164567,848
Driscoll,136651,173
Driscoll,114683,890
Driscoll,166746,939
Driscoll,146251,190
Driscoll,112223,144
Driscoll,109907,898
Driscoll,152392,284
Driscoll,121885,407
Driscoll,170353,497
Driscoll,195134,926
Driscoll,124086,818
Driscoll,169960,586
Driscoll,128763,180
Driscoll,153730,847
Driscoll,136602,357
Driscoll,118881,420
Driscoll,125860,505
Driscoll,179003,415
Driscoll,183201,123
Driscoll,173136,137
Driscoll,102180,842
Driscoll,124173,544
Driscoll,180591,884
Driscoll,163769,151
Driscoll,195397,721
Driscoll,195044,389
Driscoll,150209,196
Driscoll,162565,47
Driscoll,116894,331
Driscoll,116472,67
Driscoll,191839,277
Driscoll,170634,261
Driscoll,199210,663
Driscoll,152138,226
Driscoll,150050,765
Driscoll,193963,225
Driscoll,111468,737
Driscoll,140504,83
Driscoll,123433,962
Driscoll,186385,424
Driscoll,159623,694
Driscoll,125160,440
Driscoll,186641,954
Driscoll,153781,158
Driscoll,172430,35
Driscoll,194130,192
Driscoll,140903,114
Driscoll,103296,502
Driscoll,119769,187
Driscoll,101584,503
Driscoll,108068,404
Driscoll,156558,865
Driscoll,155351,880
Driscoll,172577,425
Driscoll,193436,288
Driscoll,147770,476
Driscoll,103259,508
Driscoll,102353,584
Driscoll,158860,123
Driscoll,133183,364
Driscoll,160338,256
Driscoll,150758,750
Driscoll,108948,943
Driscoll,130811,94
Driscoll,177219,181
Driscoll,169126,211
Driscoll,165595,8
Driscoll,142367,813
Driscoll,146154,181
Driscoll,131043,279
Driscoll,136373,141
Driscoll,197978,160
Driscoll,139408,362
Driscoll,130784,569
Driscoll,156906,818
Driscoll,148549,411
Driscoll,196215,140
Driscoll,144885,29
Driscoll,119451,219
Driscoll,184401,660
Driscoll,128929,815
Driscoll,108146,935
Driscoll,173141,916
Driscoll,176375,728
Driscoll,113559,746
Driscoll,152510,962
Driscoll,180031,598
Driscoll,173019,348
Driscoll,195843,638
Driscoll,147961,591
Driscoll,138794,220
Driscoll,199292,609
Driscoll,170690,543
Driscoll,166071,833
Driscoll,117931,255
Driscoll,110012,514
Driscoll,101616,851
Driscoll,130464,366
Driscoll,197259,520
Driscoll,149863,361
Driscoll,149659,600
Driscoll,182303,929
Driscoll,149655,93
Driscoll,188644,391
Driscoll,166992,307
Driscoll,170369,660
Driscoll,123667,866
Driscoll,118978,546
Driscoll,168903,189
Driscoll,112585,954
Driscoll,177845,152
Driscoll,166113,93
Driscoll,133066,128
Driscoll,124809,353
Driscoll,113134,778
Driscoll,138152,371
Driscoll,115199,638
Driscoll,100241,360
Driscoll,100798,682
Driscoll,167282,205
Driscoll,169332,831
Driscoll,162818,311
Driscoll,194748,152
Driscoll,120291,903
Driscoll,141375,53
Driscoll,163937,573
Driscoll,123153,67
Driscoll,106936,220
Driscoll,194723,298
Driscoll,165636,388
Driscoll,121580,68
Driscoll,124082,535
Driscoll,134396,276
Driscoll,117669,456
Driscoll,123262,844
Driscoll,158338,584
Driscoll,144867,341
Driscoll,128817,751
Driscoll,162055,474
Driscoll,153386,252
Driscoll,197729,676
Driscoll,127049,47
Driscoll,147819,569
Driscoll,175311,497
Driscoll,158960,955
Driscoll,151247,968
Driscoll,199213,454
Driscoll,121113,577
Driscoll,125242,745
Driscoll,198263,128
Driscoll,132486,994
Driscoll,188309,227
Driscoll,112221,100
Driscoll,148989,30
Driscoll,117403,368
Driscoll,106198,586
Driscoll,123005,718
Driscoll,163680,214
Driscoll,129348,514
Driscoll,196729,444
Driscoll,191202,125
Driscoll,198374,996
Driscoll,154440,333
Driscoll,147981,419
Driscoll,122007,371
Driscoll,170443,899
Driscoll,141346,665
Driscoll,184054,414
Driscoll,118443,115
Driscoll,150374,341
Driscoll,131421,86
Driscoll,194651,846
Driscoll,134019,698
Driscoll,187919,101
Driscoll,165731,759
Driscoll,109858,578
Driscoll,195235,939
Driscoll,162695,569
Driscoll,134137,913
Driscoll,169644,983
Driscoll,105864,97
Driscoll,166179,803
Driscoll,156871,791
Driscoll,192742,662
Driscoll,129451,314
Driscoll,114285,562
Driscoll,195521,32
Driscoll,150607,684
Driscoll,156777,10
Driscoll,138997,224
Driscoll,132981,348
Driscoll,137499,705
Driscoll,196208,593
Driscoll,172905,93
Driscoll,162513,792
Driscoll,195483,454
Driscoll,153789,334
Driscoll,176857,99
Driscoll,190695,174
Driscoll,153333,654
Driscoll,138802,196
Driscoll,141861,0
Driscoll,176687,306
Driscoll,152869,948
Driscoll,115942,216
Driscoll,192858,569
Driscoll,152806,402
Driscoll,148674,527
Driscoll,122014,419
Driscoll,101619,296
Driscoll,174756,788
Driscoll,198901,113
Driscoll,168548,999
Driscoll,100014,236
Driscoll,194189,725
Driscoll,168780,913
Driscoll,195848,641
Driscoll,130382,601
Driscoll,114376,201
Driscoll,140370,692
Driscoll,173318,352
Driscoll,177387,300
Driscoll,138791,260
Driscoll,182125,262
Driscoll,142536,370
Driscoll,181524,75
Driscoll,121956,99
Driscoll,137872,380
Driscoll,137062,388
Driscoll,190980,228
Driscoll,141643,98
Driscoll,144859,202
Driscoll,111077,517
Driscoll,156280,737
Driscoll,161208,592
Driscoll,101222,342
Driscoll,119715,864
Driscoll,149300,530
Driscoll,133402,878
Driscoll,151076,9
Driscoll,179534,414
Driscoll,150601,532
Driscoll,160339,742
Driscoll,105765,451
Driscoll,167128,781
Driscoll,154177,349
Driscoll,103928,892
Driscoll,181691,582
Driscoll,157836,694
Driscoll,142978,501
Driscoll,156707,84
Driscoll,181737,920
Driscoll,156340,68
Driscoll,192380,697
Driscoll,176190,84
Driscoll,189961,293
Driscoll,192063,369
Driscoll,106368,314
Driscoll,110168,310
Driscoll,152362,409
Driscoll,189599,195
Driscoll,157250,89
Driscoll,135970,291
Driscoll,187138,233
Driscoll,102125,482
Driscoll,102550,33
Driscoll,190298,103
Driscoll,125538,311
Driscoll,162361,805
Driscoll,111699,632
Driscoll,157598,553
Driscoll,155328,322
Driscoll,150859,308
Driscoll,168916,891
Driscoll,157217,120
Driscoll,122153,930
Driscoll,158990,879
Driscoll,149592,578
Driscoll,121234,196
Driscoll,172182,617
Driscoll,198678,299
Driscoll,121762,499
Driscoll,188115,625
Driscoll,179956,608
Driscoll,138421,902
Driscoll,176796,957
Driscoll,120727,875
Driscoll,151971,863
Driscoll,185924,651
Driscoll,139324,869
Driscoll,130949,901
Driscoll,164627,857
Driscoll,128003,789
Driscoll,118611,360
Driscoll,159787,474
Driscoll,148714,777
Driscoll,102196,525
Driscoll,121285,485
Driscoll,123044,381
Driscoll,142027,308
Driscoll,150179,253
Driscoll,166864,630
Driscoll,122916,739
Driscoll,178804,344
Driscoll,159770,752
Driscoll,184701,96
Driscoll,131040,235
Driscoll,161571,322
Driscoll,162496,546
Driscoll,142366,909
Driscoll,103203,289
Driscoll,169052,219
Driscoll,140377,679
Driscoll,131363,446
Driscoll,129706,272
Driscoll,116858,792
Driscoll,132053,970
Driscoll,171379,643
Driscoll,104589,392
Driscoll,154299,56
Driscoll,167485,306
Driscoll,103352,536
Driscoll,177103,37
Driscoll,126027,695
Driscoll,121758,135
Driscoll,194165,211
Driscoll,123985,702
Driscoll,159688,212
Driscoll,102044,234
Driscoll,149842,840
Driscoll,172800,719
Driscoll,146471,556
Driscoll,109450,683
Driscoll,133482,324
Driscoll,100844,274
Driscoll,137776,321
Driscoll,170535,395
Driscoll,149087,915
Driscoll,117076,429
Driscoll,149386,213
Driscoll,110243,180
Driscoll,173189,223
Driscoll,187909,467
Driscoll,171822,505
Driscoll,156563,827
Driscoll,171609,719
Driscoll,142292,680
Driscoll,192332,345
Driscoll,181384,923
Driscoll,183476,565
Driscoll,150166,108
Driscoll,180521,341
Driscoll,174697,874
Driscoll,114190,329
Driscoll,144005,291
Driscoll,171598,970
Driscoll,182805,886
Driscoll,185305,691
Driscoll,119356,936
Driscoll,109246,756
Driscoll,118670,945
Driscoll,161159,350
Driscoll,184235,14
Driscoll,193703,680
Driscoll,106670,324
Driscoll,180537,834
Driscoll,144714,28
Driscoll,154013,923
Driscoll,168334,270
Driscoll,130276,674
Driscoll,112619,967
Driscoll,164207,461
Driscoll,174793,658
Driscoll,189767,124
Driscoll,169679,720
Driscoll,180725,26
Driscoll,173070,392
Driscoll,197151,530
Driscoll,162231,978
Driscoll,175214,608
Driscoll,126143,605
Driscoll,180548,523
Driscoll,123288,104
Driscoll,126965,374
Driscoll,100103,395
Driscoll,134545,329
Driscoll,117661,541
Driscoll,173187,921
Driscoll,106996,613
Driscoll,190324,529
Driscoll,143791,996
Driscoll,175686,584
Driscoll,150451,25
Driscoll,142071,449
Driscoll,108307,801
Driscoll,139809,416
Driscoll,143956,829
Driscoll,133226,219
Driscoll,184190,587
Driscoll,108713,873
Driscoll,161678,900
Driscoll,174283,766
Driscoll,135845,840
Driscoll,133250,352
Driscoll,180906,864
Drake,145788,417
Drake,165181,224
Drake,142442,80
Drake,122870,299
Drake,149086,68
Drake,165738,735
Drake,146363,280
Drake,194449,952
Drake,124560,472
Drake,184483,750
Drake,122407,446
Drake,173306,441
Drake,172974,648
Drake,118760,453
Drake,176615,507
Drake,150485,904
Drake,153164,944
Drake,171133,238
Drake,146902,622
Drake,127174,35
Drake,118562,308
Drake,159318,277
Drake,173084,858
Drake,120561,608
Drake,118941,248
Drake,105697,2
Drake,116359,278
Drake,169388,433
Drake,108484,303
Drake,190596,513
Drake,121701,674
Drake,144530,110
Drake,167056,877
Drake,173681,215
Drake,177982,993
Drake,108775,699
Drake,121553,398
Drake,138551,865
Drake,165846,174
Drake,137897,800
Drake,106091,41
Drake,198512,789
Drake,139167,740
Drake,117105,735
Drake,165065,449
Drake,171699,986
Drake,171171,265
Drake,140942,661
Drake,170609,72
Drake,176978,498
Drake,106568,784
Drake,174166,598
Drake,125074,979
Drake,127458,934
Drake,189229,276
Drake,122772,132
Drake,176289,391
Drake,123120,676
Drake,150215,556
Drake,181091,144
Drake,182702,495
Drake,147576,610
Drake,123664,489
Drake,130059,939
Drake,135581,181
Drake,124696,894
Drake,104062,379
Drake,197633,742
Drake,147524,626
Drake,151404,808
Drake,176936,933
Drake,194537,766
Drake,122833,551
Drake,192211,221
Drake,110502,457
Drake,182373,269
Drake,176283,47
Drake,121262,77
Drake,166656,73
Drake,100359,618
Drake,190408,263
Drake,160054,332
Drake,123650,666
Drake,193414,171
Drake,137453,318
Drake,145499,825
Drake,161814,727
Drake,166840,732
Drake,138171,198
Drake,134001,594
Drake,141920,501
Drake,125181,383
Drake,181180,918
Drake,180098,132
Drake,140192,202
Drake,125355,216
Drake,103712,709
Drake,109044,113
Drake,177116,535
Drake,173626,992
Drake,106564,498
Drake,176725,726
Drake,103030,92
Drake,109294,989
Drake,175743,856
Drake,104599,648
Drake,184089,855
Drake,161156,482
Drake,153033,436
Drake,175109,713
Drake,198581,549
Drake,195340,433
Drake,185804,660
Drake,106675,248
Drake,188558,941
Drake,183955,375
Drake,134962,738
Drake,198084,727
Drake,158252,864
Drake,186813,882
Drake,181205,585
Drake,161459,693
Drake,125347,646
Drake,175876,631
Drake,132898,87
Drake,183538,29
Drake,105216,273
Drake,186163,673
Drake,101805,597
Drake,145432,174
Drake,112114,178
Drake,186602,924
Drake,122807,490
Drake,147574,120
Drake,102012,716
Drake,127373,935
Drake,183890,662
Drake,189098,376
Drake,191176,725
Drake,135293,728
Drake,194009,729
Drake,129919,253
Drake,180983,513
Drake,112980,842
Drake,190457,51
Drake,147868,328
Drake,133336,129
Drake,191390,268
Drake,118907,778
Drake,188863,361
Drake,178459,518
Drake,191512,213
Drake,191830,270
Drake,105570,785
Drake,177661,658
Drake,188459,281
Drake,131705,339
Drake,199732,723
Drake,192493,959
Drake,139268,283
Drake,153046,172
Drake,120444,681
Drake,144000,693
Drake,107558,753
Drake,194231,678
Drake,163544,178
Drake,177022,444
Drake,158508,359
Drake,155657,141
Drake,165395,494
Drake,160605,165
Drake,118424,717
Drake,147052,12
Drake,172422,841
Drake,109500,522
Drake,177060,96
Drake,193484,142
Drake,171261,553
Drake,145279,573
Drake,198444,830
Drake,146653,956
Drake,122607,791
Drake,121890,582
Drake,174110,845
Drake,161394,316
Drake,171065,374
Drake,162892,678
Drake,101466,512
Drake,102390,117
Drake,118794,120
Drake,183084,221
Drake,141829,906
Drake,144304,722
Drake,108693,829
Drake,189451,654
Drake,149213,766
Drake,114024,233
Drake,192472,101
Drake,119499,443
Drake,127088,591
Drake,102947,800
Drake,177922,980
Drake,107903,972
Drake,166381,267
Drake,115865,613
Drake,137089,82
Drake,193966,559
Drake,177574,301
Drake,177969,622
Drake,175434,841
Drake,184403,151
Drake,175016,266
Drake,156627,632
Drake,151096,148
Drake,167765,32
Drake,110185,830
Drake,195240,380
Drake,101362,165
Drake,174005,697
Drake,191451,279
Drake,103976,727
Drake,136881,32
Drake,158571,327
Drake,190732,528
Drake,135189,511
Drake,123545,52
Drake,154332,637
Drake,194466,877
Drake,144364,257
Drake,184946,135
Drake,182667,962
Drake,149349,660
Drake,109717,664
Drake,195058,816
Drake,189046,877
Drake,121004,250
Drake,168261,525
Drake,137725,770
Drake,185208,598
Drake,175180,385
Drake,137350,977
Drake,103406,448
Drake,134129,763
Drake,108262,128
Drake,149933,842
Drake,121386,207
Drake,112367,170
Drake,158401,176
Drake,159703,741
Drake,164900,661
Drake,102532,854
Drake,141739,275
Drake,152363,654
Drake,165842,812
Drake,186425,654
Drake,131598,166
Drake,121373,179
Drake,183924,820
Drake,157015,736
Drake,167007,946
Drake,179402,977
Drake,153089,950
Drake,172433,762
Drake,121666,608
Drake,129892,719
Drake,117282,935
Drake,161363,906
Drake,131575,459
Drake,167480,430
Drake,194922,575
Drake,183195,169
Drake,177533,525
Drake,141093,880
Drake,175963,973
Drake,122705,537
Drake,162304,579
Drake,108923,364
Drake,153511,316
Drake,199581,149
Drake,168407,26
Drake,104015,793
Drake,141381,396
Drake,101591,818
Drake,102134,971
Drake,190175,400
Drake,175796,268
Drake,176576,514
Drake,148935,529
Drake,145531,877
Drake,193260,626
Drake,164428,505
Drake,122163,853
Drake,177778,782
Drake,161688,964
Drake,131047,444
Drake,196852,202
Drake,175277,979
Drake,190998,354
Drake,179698,29
Drake,110626,926
Drake,127164,403
Drake,148728,717
Drake,173520,660
Drake,170638,423
Drake,175203,194
Drake,106282,747
Drake,181233,606
Drake,171092,847
Drake,138230,950
Drake,154024,150
Drake,162373,756
Drake,108407,252
Drake,108776,135
Drake,181563,322
Drake,151742,899
Drake,133291,42
Drake,106491,66
Drake,129643,110
Drake,135116,118
Drake,168172,741
Drake,111024,335
Drake,113424,263
Drake,176073,46
Drake,141124,81
Drake,106420,409
Drake,167843,46
Drake,155222,414
Drake,144854,936
Drake,147156,616
Drake,181967,910
Drake,180396,83
Drake,107363,959
Drake,153619,307
Drake,184030,887
Drake,135887,172
Drake,127390,907
Drake,101514,282
Drake,176641,908
Drake,169516,971
Drake,190634,528
Drake,150720,672
Drake,176942,57
Drake,173974,770
Drake,139975,468
Drake,153121,56
Drake,159154,135
Drake,127171,841
Drake,113761,251
Drake,177214,62
Drake,185521,698
Drake,108839,88
Drake,126460,456
Drake,152966,558
Drake,169411,60
Drake,153931,620
Drake,136286,349
Drake,112225,572
Drake,133835,901
Drake,119121,526
Drake,198641,100
Drake,161517,713
Drake,107217,412
Drake,144688,138
Drake,181591,88
Drake,143411,602
Drake,189251,300
Drake,163813,782
Drake,173709,330
Drake,131703,308
Drake,167658,984
Drake,126778,876
Drake,127633,896
Drake,154975,486
Drake,125140,686
Drake,167329,806
Drake,193391,955
Drake,194064,62
Drake,183378,580
Drake,123029,626
Drake,129833,284
Drake,150958,393
Drake,192578,507
Drake,172663,163
Drake,118477,242
Drake,125647,478
Drake,138126,382
Drake,173965,624
Drake,108253,395
Drake,192663,893
Drake,136707,651
Drake,143210,133
Drake,131592,860
Drake,125825,622
Drake,196142,328
Drake,140120,97
Drake,193972,206
Drake,181202,179
Drake,190587,443
Drake,182237,734
Drake,102964,276
Drake,121989,691
Drake,108862,399
Drake,132770,165
Drake,198802,826
Drake,105776,782
Drake,196858,720
Drake,111445,328
Drake,175633,688
Drake,156551,159
Drake,134769,935
Drake,104557,927
Drake,125017,69
Drake,128245,414
Drake,134840,329
Drake,159582,513
Drake,128211,538
Drake,134174,713
Drake,157818,0
Drake,112880,61
Drake,112279,756
Drake,112421,509
Drake,100156,264
Drake,155945,215
Drake,162466,274
Drake,166065,79
Drake,122266,38
Drake,171823,689
Drake,163159,582
Drake,198166,792
Drake,143818,355
Drake,146104,178
Drake,162684,524
Drake,162415,29
Drake,114348,607
Drake,187203,930
Drake,105498,693
Drake,195361,976
Drake,103415,225
Drake,167996,88
Drake,134839,748
Drake,174392,57
Drake,183796,255
Drake,175841,381
Drake,176614,172
Drake,188537,990
Drake,158646,114
Drake,101251,454
Drake,119946,501
Drake,193004,949
Drake,104330,431
Drake,144448,481
Drake,176552,824
Drake,158861,42
Drake,140093,547
Drake,149383,327
Drake,104588,811
Drake,150157,788
Drake,172517,748
Drake,169227,698
Drake,174467,386
Drake,195264,977
Drake,173702,264
Drake,137037,17
Drake,174359,942
Drake,199043,538
Drake,176947,595
Drake,109227,299
Drake,156928,559
Drake,192797,905
Drake,101683,182
Drake,173898,398
Drake,100211,400
Drake,124616,512
Drake,166691,94
Drake,134684,410
Drake,174522,155
Drake,102563,540
Drake,120878,908
Drake,163517,508
Drake,156934,476
Drake,143353,58
Drake,115960,771
Drake,195749,33
Drake,190710,941
Drake,119678,556
Drake,146391,746
Drake,199911,739
Drake,174937,881
Drake,181639,868
Drake,157311,553
Drake,199642,0
Drake,190614,794
Drake,138099,157
Drake,143043,549
Drake,161621,174
Drake,198645,779
Drake,134330,553
Drake,109061,42
Drake,149847,851
Drake,141682,791
Drake,196864,341
Drake,117231,743
Drake,128665,772
Drake,161533,934
Drake,153566,101
Drake,153509,739
Drake,158204,666
Drake,190905,581
Drake,123564,316
Drake,143471,22
Drake,177374,383
Drake,157869,733
Drake,185928,512
Drake,146498,213
Drake,195000,189
Drake,112390,457
Drake,148385,243
Drake,108070,306
Drake,197779,660
Drake,171885,842
Drake,183633,178
Drake,185334,323
Drake,154460,560
Drake,148179,609
Drake,136340,175
Drake,123688,74
Drake,189065,865
Drake,176714,864
Drake,179910,197
Drake,177808,507
Drake,113674,646
Drake,180608,929
Drake,187340,744
Drake,132586,456
Drake,135869,544
Drake,133375,323
Drake,169194,98
Drake,125512,726
Drake,178109,398
Drake,151050,155
Drake,146137,156
Drake,147769,84
Drake,175342,243
Drake,125073,797
Drake,120814,623
Drake,167922,653
Drake,141232,285
Drake,112079,278
Drake,159887,819
Drake,146126,599
Drake,147707,469
Drake,171716,987
Drake,117827,733
Drake,129658,773
Drake,109088,460
Drake,191868,358
Drake,100882,834
Drake,172652,399
Drake,107526,436
Drake,119636,803
Drake,137968,253
Drake,198367,458
Drake,129475,850
Drake,118135,645
Drake,141452,893
Drake,138514,253
Drake,138896,656
Drake,184633,863
Drake,128366,724
Drake,157624,173
Drake,161074,438
Drake,185050,656
Drake,169293,83
Drake,190440,354
Drake,169540,815
Drake,107026,779
Drake,152765,52
Drake,149137,574
Drake,119228,506
Drake,133174,69
Drake,141516,224
Drake,181616,85
Drake,176209,199
Drake,189668,340
Drake,146673,973
Drake,120884,625
Drake,130043,684
Drake,179279,948
Drake,111836,963
Drake,148313,714
Drake,111296,150
Drake,172966,953
Drake,168082,607
Drake,128532,743
Drake,184592,765
Drake,156275,842
Drake,149667,932
Drake,100451,180
Drake,154461,511
Drake,186259,879
Drake,150399,629
Drake,114678,414
Drake,113009,699
Drake,118486,804
Drake,136337,543
Drake,104673,577
Drake,186927,113
Drake,169513,964
Drake,132177,868
Drake,182725,551
Drake,180205,115
Drake,148187,608
Drake,188248,796
Drake,164221,163
Drake,117124,426
Drake,107348,828
Drake,118922,782
Drake,186235,535
Drake,186633,961
Drake,104829,476
Drake,153822,41
Drake,165575,78
Drake,180765,748
Drake,143517,650
Drake,140760,430
Drake,144896,709
Drake,174978,784
Drake,146365,255
Drake,167460,930
Drake,198369,630
Drake,112192,786
Drake,116900,213
Drake,148281,869
Drake,140398,894
Drake,118197,338
Drake,160284,589
Drake,108896,611
Drake,143240,733
Drake,108351,409
Drake,190060,440
Drake,144709,573
Drake,196164,972
Drake,157956,946
Drake,121161,398
Drake,167567,429
Drake,151275,971
Drake,156509,864
Drake,116198,993
Drake,114848,975
Drake,131769,464
Drake,190286,776
Drake,187497,341
Drake,181414,111
Drake,159716,998
Drake,192524,247
Drake,134675,821
Drake,109179,321
Drake,177589,903
Drake,161197,958
Drake,107703,757
Drake,165607,379
Drake,106782,168
Drake,193830,797
Drake,162245,37
Drake,179000,743
Drake,149298,759
Drake,185253,889
Drake,172811,265
Drake,192104,631
Drake,100517,238
Drake,183478,860
Drake,106840,820
Drake,158726,677
Drake,190680,97
Drake,177512,718
Drake,139160,287
Drake,191740,276
Drake,132435,935
Drake,153409,352
Drake,156610,832
Drake,158347,159
Drake,193189,551
Drake,179295,926
Drake,136729,603
Drake,115896,20
Drake,127782,912
Drake,174062,15
Drake,152436,716
Drake,127719,330
Drake,191350,565
Drake,188355,854
Drake,106796,346
Drake,130091,424
Drake,164818,984
Drake,117903,225
Drake,168695,149
Drake,163987,529
Drake,119033,167
Drake,181330,39
Drake,145840,248
Drake,182789,922
Drake,125202,96
Drake,145136,768
Drake,155251,250
Drake,141698,463
Drake,158148,385
Drake,158355,224
Drake,154536,683
Drake,119377,379
Drake,101284,420
Drake,137360,987
Drake,114050,86
Drake,154357,569
Drake,174349,273
Drake,149949,260
Drake,151889,217
Drake,102391,882
Drake,135909,382
Drake,115903,969
Drake,172385,298
Drake,136507,774
Drake,132952,214
Drake,117298,337
Drake,146310,963
Drake,167936,17
Drake,190378,48
Drake,150567,10
Drake,118746,983
Drake,126530,953
Drake,137719,439
Drake,191133,483
Drake,173566,73
Drake,121798,372
Drake,188324,770
Drake,136981,401
Drake,152531,890
Drake,134498,711
Drake,128815,457
Drake,109632,463
Drake,121097,274
Drake,101698,210
Drake,170003,227
Drake,107996,560
Drake,135177,938
Drake,188841,204
Drake,121096,885
Drake,132878,234
Drake,183119,840
Drake,176395,740
Drake,118021,859
Drake,143122,817
Drake,170081,53
Drake,162566,686
Drake,108621,360
Drake,147007,708
Drake,169755,770
Drake,139628,608
Drake,101491,341
Drake,187353,513
Drake,113189,687
Drake,119988,743
Drake,183415,156
Drake,108742,602
Drake,155811,673
Drake,114847,581
Drake,181212,843
Drake,133518,535
Drake,128227,294
Drake,168350,970
Drake,107507,374
Drake,175293,871
Drake,128540,961
Drake,106314,602
Drake,187250,851
Drake,172671,779
Drake,125333,968
Drake,133216,619
Drake,174343,929
Drake,164762,989
Drake,156870,412
Drake,195993,235
Drake,179177,772
Drake,170297,998
Drake,167219,126
Drake,114068,171
Drake,118481,169
Drake,156824,706
Drake,125993,933
Drake,146803,501
Drake,120318,642
Drake,199550,465
Drake,139489,147
Drake,102731,920
Drake,154538,810
Drake,153687,363
Drake,134629,873
Drake,141021,144
Drake,199719,870
Drake,149026,398
Drake,147595,588
Drake,176693,494
Drake,133259,321
Drake,104571,222
Drake,177196,376
Drake,110174,705
Drake,163666,321
Drake,156041,161
Drake,128679,509
Drake,124804,766
Drake,166617,32
Drake,163323,294
Drake,117832,766
Drake,119058,402
Drake,177545,596
Drake,124491,812
Drake,191931,226
Drake,119737,78
Drake,177889,535
Drake,103134,451
Drake,152441,360
Drake,137699,581
Drake,116853,746
Drake,146595,790
Drake,198837,160
Drake,185106,743
Drake,197900,551
Drake,169347,300
Drake,158600,181
Drake,184807,238
Drake,155092,971
Drake,166963,154
Drake,114388,577
Drake,195504,296
Drake,121466,777
Drake,168881,352
Drake,105709,795
Drake,115366,45
Drake,194819,128
Drake,153283,855
Drake,137825,291
Drake,101496,162
Drake,188840,567
Drake,109775,579
Drake,140630,758
Drake,133058,194
Drake,186934,779
Drake,157496,767
Drake,127864,522
Drake,115353,597
Drake,117735,713
Drake,142096,892
Drake,154666,383
Drake,103358,32
Drake,104198,404
Drake,101932,712
Drake,154173,2
Drake,112940,798
Drake,140792,553
Drake,113433,423
Drake,164774,754
Drake,108493,92
Drake,180515,447
Drake,178087,606
Drake,142736,26
Drake,112252,666
Drake,177641,62
Drake,187965,670
Drake,108277,434
Drake,168597,190
Drake,141581,831
Drake,194415,415
Drake,128539,338
Drake,132420,142
Drake,122381,960
Drake,149423,317
Drake,104109,797
Drake,107147,15
Drake,127284,311
Drake,119877,179
Drake,127320,361
Drake,145552,876
Drake,166327,319
Drake,104918,535
Drake,185103,607
Drake,116999,415
Drake,162698,75
Drake,106158,59
Drake,181627,474
Drake,167688,475
Drake,138642,506
Drake,133595,200
Drake,122734,417
Drake,103131,356
Drake,102652,285
Drake,129354,530
Drake,187189,861
Drake,180214,621
Drake,140222,770
Drake,175450,279
Drake,165394,188
Drake,199833,950
Drake,146531,373
Drake,164681,343
Drake,125665,823
Drake,150690,384
Drake,120693,221
Drake,192497,124
Drake,186627,310
Drake,138590,84
Drake,183348,955
Drake,178113,297
Drake,110962,170
Drake,157140,62
Drake,109744,61
Drake,193061,984
Drake,119928,508
Drake,180769,656
Drake,162036,797
Drake,161836,465
Drake,159775,865
Drake,134417,85
Drake,125139,286
Drake,184229,439
Drake,117177,620
Drake,144662,367
Drake,155935,61
Drake,102295,458
Drake,177630,713
Drake,160535,449
Drake,109865,605
Drake,182622,106
Drake,144084,742
Drake,175853,773
Drake,107732,849
Drake,195429,919
Drake,125916,923
Drake,104808,716
Drake,146700,605
Drake,149532,959
Drake,162114,417
Drake,173469,141
Drake,192187,269
Drake,126230,85
Drake,122113,897
Drake,113041,159
Drake,185220,756
Drake,129626,921
Drake,111448,639
Drake,105824,447
Drake,167319,630
Drake,141165,985
Drake,183204,740
Drake,121661,913
Drake,149402,122
Drake,189578,833
Drake,191335,940
Drake,140721,30
Drake,132982,256
Drake,172836,865
Drake,136508,634
Drake,199724,170
Drake,129296,923
Drake,171272,571
Drake,160412,224
Drake,131718,306
Drake,172154,140
Drake,141054,107
Drake,191636,116
Drake,177187,437
Drake,110561,190
Drake,166248,244
Drake,182714,323
Drake,181569,822
Drake,164435,946
Drake,166295,821
Drake,100620,518
Drake,147607,375
Drake,122277,714
Drake,190462,424
Drake,121687,243
Drake,171435,433
Drake,148861,975
Drake,157484,683
Drake,122248,797
Drake,110052,313
Drake,177415,961
Drake,132477,267
Drake,192341,416
Drake,181522,839
Drake,159739,743
Drake,155261,631
Drake,118697,787
Drake,130307,430
Drake,106240,930
Drake,157079,282
Drake,170222,351
Drake,149618,406
Delilah,146675,292
Delilah,151584,867
Delilah,124521,384
Delilah,111834,286
Delilah,197810,167
Delilah,103490,877
Delilah,196771,976
Delilah,181982,703
Delilah,157919,539
Delilah,149021,496
Delilah,151835,763
Delilah,148646,35
Delilah,144601,606
Delilah,145950,750
Delilah,193310,708
Delilah,179405,530
Delilah,122750,871
Delilah,108546,451
Delilah,186464,13
Delilah,132784,284
Delilah,118022,5
Delilah,100806,557
Delilah,108586,872
Delilah,190392,977
Delilah,162934,751
Delilah,197943,49
Delilah,143690,230
Delilah,146373,642
Delilah,144182,178
Delilah,185281,160
Delilah,122964,707
Delilah,191878,211
Delilah,139044,873
Delilah,137015,938
Delilah,177815,304
Delilah,191322,386
Delilah,151549,898
Delilah,176811,60
Delilah,114485,760
Delilah,134895,283
Delilah,160407,892
Delilah,147257,159
Delilah,128470,754
Delilah,139712,81
Delilah,118182,532
Delilah,112354,965
Delilah,124943,316
Delilah,173419,716
Delilah,136542,941
Delilah,182135,825
Delilah,171085,198
Delilah,118856,86
Delilah,151340,701
Delilah,156589,858
Delilah,164079,139
Delilah,128427,449
Delilah,121984,142
Delilah,198216,24
Delilah,169253,79
Delilah,173053,318
Delilah,163062,14
Delilah,119886,493
Delilah,144030,134
Delilah,104488,660
Delilah,136986,624
Delilah,137402,988
Delilah,185556,391
Delilah,166980,265
Delilah,102110,446
Delilah,134524,213
Delilah,136139,439
Delilah,194735,898
Delilah,101576,580
Delilah,123134,282
Delilah,140258,407
Delilah,194948,919
Delilah,166351,973
Delilah,140521,686
Delilah,168624,611
Delilah,193731,871
Delilah,199108,779
Delilah,177529,392
Delilah,172869,667
Delilah,111180,909
Delilah,110937,368
Delilah,130397,774
Delilah,158266,800
Delilah,169027,947
Delilah,120044,80
Delilah,101292,662
Delilah,130504,659
Delilah,104602,806
Delilah,149553,228
Delilah,143397,679
Delilah,110394,47
Delilah,120095,229
Delilah,165388,675
Delilah,109732,841
Delilah,143862,966
Delilah,107743,585
Delilah,167580,796
Delilah,142948,29
Delilah,190200,987
Delilah,100337,611
Delilah,102896,861
Delilah,173746,517
Delilah,152839,815
Delilah,115734,637
Delilah,193632,782
Delilah,120195,9
Delilah,174782,4
Delilah,154927,47
Delilah,173695,557
Delilah,188801,466
Delilah,115680,759
Delilah,110034,884
Delilah,177167,586
Delilah,103420,740
Delilah,171592,863
Delilah,149090,237
Delilah,111413,510
Delilah,135353,9
Delilah,184305,499
Delilah,199951,76
Delilah,166800,806
Delilah,175160,941
Delilah,153758,190
Delilah,144537,640
Delilah,165833,649
Delilah,160662,73
Delilah,161244,611
Delilah,100656,490
Delilah,118306,183
Delilah,128379,143
Delilah,133034,822
Delilah,178578,730
Delilah,146149,456
Delilah,179285,638
Delilah,105736,594
Delilah,192689,901
Delilah,175142,662
Delilah,193508,326
Delilah,114447,568
Delilah,159068,586
Delilah,108062,47
Delilah,143159,871
Delilah,135111,34
Delilah,183102,458
Delilah,179850,17
Delilah,174511,911
Delilah,148660,469
Delilah,129694,474
Delilah,172447,623
Delilah,101548,417
Delilah,122907,408
Delilah,152717,707
Delilah,149507,956
Delilah,179985,936
Delilah,165223,342
Delilah,157846,761
Delilah,155418,708
Delilah,119291,690
Delilah,120248,135
Delilah,117991,274
Delilah,150138,83
Delilah,173707,989
Delilah,152489,329
Delilah,112152,329
Delilah,181750,584
Delilah,127768,651
Delilah,175555,454
Delilah,178302,44
Delilah,142466,832
Delilah,131315,967
Delilah,152274,624
Delilah,192582,543
Delilah,142684,362
Delilah,131942,419
Delilah,116227,31
Delilah,160277,288
Delilah,194017,35
Delilah,121541,293
Delilah,133328,941
Delilah,157878,244
Delilah,169544,259
Delilah,187536,456
Delilah,178653,359
Delilah,104224,126
Delilah,180835,115
Delilah,176795,374
Delilah,106485,284
Delilah,116517,117
Delilah,179399,809
Delilah,122455,583
Delilah,101933,446
Delilah,194875,192
Delilah,106123,518
Delilah,142578,183
Delilah,190277,159
Delilah,178051,219
Delilah,115463,916
Delilah,150073,662
Delilah,160651,267
Delilah,170055,235
Delilah,117999,306
Delilah,139760,803
Delilah,137703,143
Delilah,112012,298
Delilah,153193,611
Delilah,106813,712
Delilah,154457,876
Delilah,193280,630
Delilah,173123,648
Delilah,176410,710
Delilah,111928,714
Delilah,142009,273
Delilah,142436,50
Delilah,106470,340
Delilah,161154,384
Delilah,145719,466
Delilah,102406,145
Delilah,180354,632
Delilah,194730,99
Delilah,141660,218
Delilah,156956,84
Delilah,194261,609
Delilah,176295,250
Delilah,195646,289
Delilah,140256,862
Delilah,107346,856
Delilah,196610,595
Delilah,113745,799
Delilah,166816,38
Delilah,136316,765
Delilah,141440,372
Delilah,113913,481
Delilah,163713,143
Delilah,160598,520
Delilah,156183,298
Delilah,178405,517
Delilah,193483,38
Delilah,195036,370
Delilah,110662,139
Delilah,172085,999
Delilah,189879,25
Delilah,106252,233
Delilah,151204,110
Delilah,122136,650
Delilah,163265,338
Delilah,116816,236
Delilah,135053,272
Delilah,137105,979
Delilah,100551,135
Delilah,195656,481
Delilah,133463,908
Delilah,182470,362
Delilah,184748,583
Delilah,139563,868
Delilah,111201,680
Delilah,128056,907
Delilah,139596,569
Delilah,176964,174
Delilah,177612,33
Delilah,162159,54
Delilah,173659,582
Delilah,144224,532
Delilah,167733,570
Delilah,176706,835
Delilah,140600,800
Delilah,103793,484
Delilah,166081,486
Delilah,168428,26
Delilah,189885,71
Delilah,127501,990
Delilah,138689,767
Delilah,177996,377
Delilah,161180,482
Delilah,190019,291
Delilah,148232,956
Delilah,174310,247
Delilah,161751,169
Delilah,175452,572
Delilah,126286,578
Delilah,150465,138
Delilah,110709,697
Delilah,106541,605
Delilah,121756,280
Delilah,162353,126
Delilah,192446,417
Delilah,150291,819
Delilah,126215,368
Delilah,189948,937
Delilah,187035,997
Delilah,158276,202
Delilah,120454,435
Delilah,183266,833
Delilah,162339,371
Delilah,138584,205
Delilah,188676,842
Delilah,172802,989
Delilah,135496,132
Delilah,146621,855
Delilah,175835,863
Delilah,145402,367
Delilah,108140,742
Delilah,181816,638
Delilah,148129,567
Delilah,119530,193
Delilah,134388,185
Delilah,165909,764
Delilah,194733,614
Delilah,135310,859
Delilah,134657,577
Delilah,143620,323
Delilah,162942,969
Delilah,154132,115
Delilah,128116,507
Delilah,196603,172
Delilah,170585,781
Delilah,114613,522
Delilah,104369,299
Delilah,163044,961
Delilah,180177,261
Delilah,164513,170
Delilah,178905,315
Delilah,130354,924
Delilah,131118,832
Delilah,144820,508
Delilah,143422,384
Delilah,135240,320
Delilah,176643,722
Delilah,193123,946
Delilah,155326,435
Delilah,142243,110
Delilah,102330,893
Delilah,170191,436
Delilah,142573,620
Delilah,116734,700
Delilah,190779,953
Delilah,163715,688
Delilah,158128,936
Delilah,148789,590
Delilah,168847,941
Delilah,184926,526
Delilah,161443,172
Delilah,199493,275
Delilah,154600,425
Delilah,163243,336
Delilah,119250,836
Delilah,170766,287
Delilah,180391,2
Delilah,188054,651
Delilah,162442,507
Delilah,177985,811
Delilah,194034,790
Delilah,105869,347
Delilah,161271,452
Delilah,131842,479
Delilah,122662,116
Delilah,142815,953
Delilah,145693,65
Delilah,197084,276
Delilah,100671,833
Delilah,168687,978
Delilah,168509,354
Delilah,195614,720
Delilah,111268,888
Delilah,156856,509
Delilah,154374,793
Delilah,157768,743
Delilah,161277,439
Delilah,149718,339
Delilah,124296,772
Delilah,191064,650
Delilah,134802,581
Delilah,135990,969
Delilah,166971,927
Delilah,174138,384
Delilah,159097,442
Delilah,166961,108
Delilah,177717,77
Delilah,163172,744
Delilah,194812,678
Delilah,131324,454
Delilah,160543,889
Delilah,129939,343
Delilah,185909,406
Delilah,146182,93
Delilah,117288,399
Delilah,184938,449
Delilah,161710,657
Delilah,192929,67
Delilah,199061,262
Delilah,192011,272
Delilah,179870,751
Delilah,186018,588
Delilah,139849,602
Delilah,193390,10
Delilah,188889,299
Delilah,100928,919
Delilah,178354,243
Delilah,130295,307
Delilah,114476,743
Delilah,175893,12
Delilah,108052,452
Delilah,146584,487
Delilah,108373,352
Delilah,146861,220
Delilah,190843,326
Delilah,193543,993
Delilah,176973,82
Delilah,120682,740
Delilah,180451,837
Delilah,160655,385
Delilah,138564,789
Delilah,187052,952
Delilah,123926,337
Delilah,178146,13
Delilah,168648,149
Delilah,128261,872
Delilah,182024,521
Delilah,133632,782
Delilah,120315,15
Delilah,191071,214
Delilah,119071,41
Delilah,138142,261
Delilah,186551,927
Delilah,171114,428
Delilah,169471,918
Delilah,192589,850
Delilah,105381,770
Delilah,179265,359
Delilah,177962,240
Delilah,197750,879
Delilah,103169,844
Delilah,196607,195
Delilah,164061,406
Delilah,101088,843
Delilah,153853,953
Delilah,199630,524
Delilah,141869,744
Delilah,117029,3
Delilah,188239,122
Delilah,188570,33
Delilah,136135,177
Delilah,128384,23
Delilah,109995,33
Delilah,101868,73
Delilah,136265,404
Delilah,103582,731
Delilah,189364,98
Delilah,116178,936
Delilah,171660,836
Delilah,155603,267
Delilah,185175,621
Delilah,174732,701
Delilah,113186,12
Delilah,152293,950
Delilah,111106,95
Delilah,163157,65
Delilah,179230,656
Delilah,154157,708
Delilah,185564,558
Delilah,191174,987
Delilah,156599,525
Delilah,139793,90
Delilah,173814,695
Delilah,110667,973
Delilah,189518,91
Delilah,172235,345
Delilah,157935,104
Delilah,189319,256
Delilah,161564,723
Delilah,166280,434
Delilah,181429,538
Delilah,168789,753
Delilah,173051,98
Delilah,139589,876
Delilah,130848,372
Delilah,135436,2
Delilah,191920,181
Delilah,105539,688
Delilah,117777,294
Delilah,173902,361
Delilah,120004,893
Delilah,177929,939
Delilah,100448,973
Delilah,170522,242
Delilah,124795,440
Delilah,100530,844
Delilah,149998,168
Delilah,158988,384
Delilah,199998,238
Delilah,130416,7
Delilah,180799,156
Delilah,129908,460
Delilah,107887,459
Delilah,125867,353
Delilah,179721,356
Delilah,180075,324
Delilah,177851,816
Delilah,183843,466
Delilah,154619,531
Delilah,157012,931
Delilah,142975,954
Delilah,169599,665
Delilah,175358,328
Delilah,155129,585
Delilah,137801,679
Delilah,164117,240
Delilah,159964,600
Delilah,139767,263
Delilah,117672,806
Delilah,100871,579
Delilah,181532,173
Delilah,155833,286
Delilah,158028,730
Delilah,141393,825
Delilah,105041,338
Delilah,168782,397
Delilah,151735,780
Delilah,185663,138
Delilah,164272,71
Delilah,171204,519
Delilah,112722,785
Delilah,151511,423
Delilah,135513,981
Delilah,105104,693
Delilah,120282,99
Delilah,174024,254
Delilah,152003,248
Delilah,173319,186
Delilah,137506,272
Delilah,152732,595
Delilah,181610,375
Delilah,173638,841
Delilah,148454,511
Delilah,109413,767
Delilah,110803,700
Delilah,132302,915
Delilah,108867,322
Delilah,111996,169
Delilah,177290,735
Delilah,116005,659
Delilah,161767,689
Delilah,106892,399
Delilah,194759,302
Delilah,115175,453
Delilah,112227,707
Delilah,118520,845
Delilah,196334,448
Delilah,103675,289
Delilah,178426,898
Delilah,174361,418
Delilah,116494,509
Delilah,147146,908
Delilah,165993,930
Delilah,193226,967
Delilah,109356,474
Delilah,140541,130
Delilah,106834,628
Delilah,182388,709
Delilah,188088,753
Delilah,117814,865
Delilah,107963,795
Delilah,188622,920
Delilah,193501,13
Delilah,152502,262
Delilah,182859,316
Delilah,165205,246
Delilah,167393,285
Delilah,152783,585
Delilah,141159,289
Delilah,134113,425
Delilah,167081,816
Delilah,148331,471
Delilah,123218,192
Delilah,154688,109
Delilah,179879,998
Delilah,195311,719
Delilah,131030,824
Delilah,194743,529
Delilah,159868,231
Delilah,167015,183
Delilah,136070,139
Delilah,133964,602
Delilah,150411,164
Delilah,136095,1
Delilah,112500,810
Delilah,113247,151
Delilah,193569,534
Delilah,151690,137
Delilah,169064,55
Delilah,197469,103
Delilah,128968,786
Delilah,174132,192
Delilah,183972,795
Delilah,134999,789
Delilah,170616,670
Delilah,131230,84
Delilah,135454,788
Delilah,129840,368
Delilah,138921,747
Delilah,172629,240
Delilah,193577,519
Delilah,106301,129
Delilah,137393,252
Delilah,161344,714
Delilah,131973,234
Delilah,100049,28
Delilah,121727,33
Delilah,150830,22
Delilah,140887,117
Delilah,112885,994
Delilah,159031,546
Delilah,199677,436
Delilah,195670,186
Delilah,163136,47
Delilah,128075,248
Delilah,112638,234
Delilah,111865,958
Delilah,123787,588
Delilah,116039,497
Delilah,140895,302
Delilah,194379,631
Delilah,103571,602
Delilah,103241,182
Delilah,190300,620
Delilah,108840,372
Delilah,198574,917
Delilah,156292,549
Delilah,151863,955
Delilah,158053,321
Delilah,142629,6
Delilah,142617,224
Delilah,156043,703
Delilah,110311,281
Delilah,140210,168
Delilah,112073,291
Delilah,193732,583
Delilah,134988,627
Delilah,174222,652
Delilah,191781,516
Delilah,153657,765
Delilah,138743,743
Delilah,106970,951
Delilah,129502,268
Delilah,163469,99
Delilah,100881,994
Delilah,137710,666
Delilah,120264,854
Delilah,184939,7
Delilah,102740,600
Delilah,125179,958
Delilah,177728,674
Delilah,157088,462
Delilah,117350,730
Delilah,135000,965
Delilah,172012,292
Delilah,106248,683
Delilah,155637,367
Delilah,164068,230
Delilah,102358,78
Delilah,170750,145
Delilah,127279,654
Delilah,183024,750
Delilah,106152,491
Delilah,176459,582
Delilah,101921,555
Delilah,176374,242
Delilah,125730,201
Delilah,170657,454
Delilah,179151,883
Delilah,179472,606
Delilah,167477,865
Delilah,111735,141
Delilah,113678,429
Delilah,188508,568
Delilah,135801,931
Delilah,151042,854
Delilah,197117,646
Delilah,169285,665
Delilah,100191,816
Delilah,195038,489
Delilah,151143,91
Delilah,140367,530
Delilah,158124,227
Delilah,187996,899
Delilah,197829,313
Delilah,124829,432
Delilah,148644,308
Delilah,180073,888
Delilah,126214,782
Delilah,100360,128
Delilah,148986,137
Delilah,194366,199
Delilah,106659,67
Delilah,158773,892
Delilah,180432,317
Delilah,128655,68
Delilah,185381,663
Delilah,114580,954
Delilah,140897,689
Delilah,100239,895
Delilah,113888,548
Delilah,109616,475
Delilah,162151,249
Delilah,117004,717
Delilah,100312,131
Delilah,123037,5
Delilah,155779,1
Delilah,166673,292
Delilah,123428,940
Delilah,151843,900
Delilah,188573,211
Delilah,161108,70
Delilah,120209,368
Delilah,177920,674
Delilah,160677,306
Delilah,135672,909
Delilah,120344,272
Delilah,119722,354
Delilah,181148,91
Delilah,188972,914
Delilah,176167,86
Delilah,198327,235
Delilah,131147,681
Delilah,152429,461
Delilah,113048,985
Delilah,194159,57
Delilah,130404,732
Delilah,119226,865
Delilah,126030,838
Delilah,124081,632
Delilah,188578,118
Delilah,148624,697
Delilah,112414,42
Delilah,110164,265
Delilah,170853,674
Delilah,172151,234
Delilah,134293,744
Delilah,173910,883
Delilah,173748,86
Delilah,137195,675
Delilah,191323,327
Delilah,125156,14
Delilah,135071,184
Delilah,141112,910
Delilah,154506,16
Delilah,189859,559
Delilah,154009,987
Delilah,194154,697
Delilah,178085,424
Delilah,165525,172
Delilah,185483,948
Delilah,191935,83
Delilah,148405,920
Delilah,154761,888
Delilah,179245,702
Delilah,126643,989
Delilah,156224,37
Delilah,114532,79
Delilah,119667,193
Delilah,123242,990
Delilah,135168,898
Delilah,134210,200
Delilah,160658,545
Delilah,194475,276
Delilah,100147,596
Delilah,180030,576
Delilah,180063,847
Delilah,169761,721
Delilah,118715,291
Delilah,173143,231
Delilah,131642,585
Delilah,140214,506
Delilah,137922,588
Delilah,178240,189
Delilah,154092,697
Delilah,156467,951
Delilah,169239,914
Delilah,167182,327
Delilah,135941,873
Delilah,123606,10
Delilah,191894,158
Delilah,107671,758
Delilah,176799,1000
Delilah,118528,38
Delilah,111019,759
Delilah,161874,692
Delilah,170251,875
Delilah,150318,90
Delilah,104408,846
Delilah,180317,954
Delilah,141209,691
Delilah,199886,199
Delilah,196891,52
Delilah,158566,848
Delilah,191729,654
Delilah,119954,60
Delilah,161589,650
Delilah,159959,414
Delilah,167709,510
Delilah,108567,578
Delilah,175168,316
Delilah,184802,622
Delilah,111110,408
Delilah,194736,560
Delilah,172861,988
Delilah,191357,271
Delilah,160465,967
Delilah,129780,277
Delilah,181219,628
Delilah,126593,634
Delilah,161333,482
Delilah,199636,787
Delilah,115987,678
Delilah,116358,25
Delilah,152205,809
Delilah,161643,679
Delilah,104116,930
Delilah,146977,387
Delilah,132213,723
Delilah,133965,92
Delilah,109970,119
Delilah,130605,338
Delilah,106469,738
Delilah,192017,68
Delilah,117462,919
Delilah,184291,58
Delilah,189369,165
Delilah,103014,979
Delilah,192533,105
Delilah,174551,173
Delilah,166551,606
Delilah,167758,167
Delilah,164278,568
Delilah,152938,32
Delilah,198778,157
Delilah,164526,141
Delilah,101220,653
Delilah,129504,801
Delilah,117754,237
Delilah,129801,116
Delilah,159988,668
Delilah,101153,107
Delilah,143477,79
Delilah,133401,236
Delilah,174752,197
Delilah,196120,216
Delilah,118829,243
Delilah,114855,855
Delilah,190515,126
Delilah,178664,147
Delilah,196629,967
Delilah,174145,430
Delilah,123466,308
Delilah,139328,969
Delilah,138326,180
Delilah,196041,711
Delilah,149077,867
Delilah,180527,791
Delilah,135864,402
Delilah,165918,942
Delilah,103053,707
Delilah,177362,666
Delilah,147377,395
Delilah,187355,442
Delilah,108440,313
Delilah,146483,919
Delilah,184703,122
Delilah,150997,807
Delilah,132340,252
Delilah,193431,277
Delilah,166664,921
Delilah,194254,895
Delilah,118536,835
Delilah,121492,645
Delilah,107632,129
Delilah,192337,561
Delilah,140659,122
Delilah,173029,20
Delilah,185073,906
Delilah,107416,930
Delilah,143247,182
Delilah,191760,807
Delilah,192997,914
Delilah,177897,584
Delilah,109213,741
Delilah,157944,455
Delilah,111770,547
Delilah,110224,78
Delilah,126000,522
Delilah,131400,449
Delilah,148140,886
Delilah,125120,370
Delilah,149889,141
Delilah,162112,722
Delilah,132574,159
Delilah,118722,724
Delilah,136593,992
Delilah,188328,427
Delilah,167702,134
Delilah,185149,958
Delilah,134580,14
Delilah,155996,266
Delilah,109120,633
Delilah,127050,918
Delilah,123821,416
Delilah,172200,883
Delilah,138934,867
Delilah,128997,436
Delilah,145650,761
Delilah,180371,714
Delilah,196524,707
Delilah,184717,499
Delilah,146233,310
Delilah,131780,510
Delilah,149004,52
Delilah,149215,584
Delilah,137606,857
Delilah,158922,716
Delilah,147578,616
Delilah,105930,621
Delilah,164775,294
Delilah,153635,809
Delilah,154125,514
Delilah,121168,419
Delilah,155545,605
Delilah,166073,585
Delilah,147644,761
Delilah,148434,895
Delilah,179775,518
Delilah,107464,513
Delilah,121528,135
Delilah,189525,429
Delilah,155655,166
Delilah,142004,837
Delilah,177171,585
Delilah,197741,156
Delilah,120442,760
Delilah,172165,776
Delilah,178488,995
Delilah,180217,70
Delilah,105429,872
Delilah,116609,947
Delilah,185484,754
Delilah,196004,99
Delilah,140368,410
Delilah,178926,451
Delilah,174525,928
Delilah,155345,361
Delilah,110193,872
Delilah,198378,922
Delilah,187019,130
Delilah,183514,645
Delilah,194618,74
Delilah,116011,170
Delilah,189516,20
Delilah,157292,887
Delilah,166741,582
Delilah,156225,310
Delilah,121497,804
Delilah,128483,92
Delilah,159941,811
Delilah,115660,41
Delilah,105803,542
Delilah,135888,14
Delilah,181594,128
Delilah,177285,804
Delilah,119881,997
Delilah,169645,614
Delilah,133894,187
Delilah,144564,550
Delilah,104930,159
Delilah,187718,338
Delilah,165829,898
Delilah,190305,197
Delilah,121390,308
Delilah,114863,916
Delilah,112394,149
Delilah,121517,978
Delilah,188695,654
Delilah,157051,483
Delilah,140990,763
Delilah,120304,917
Delilah,137050,903
Delilah,150817,571
Delilah,105478,176
Delilah,169042,642
Delilah,104972,307
Delilah,112976,492
Delilah,174289,271
Daryl,136770,180
Daryl,140754,943
Daryl,159698,133
Daryl,165543,639
Daryl,123540,492
Daryl,175108,729
Daryl,172382,494
Daryl,111465,74
Daryl,150155,828
Daryl,191258,226
Daryl,154021,106
Daryl,138147,303
Daryl,113665,957
Daryl,180920,240
Daryl,109718,687
Daryl,107046,378
Daryl,130626,261
Daryl,163471,420
Daryl,138269,724
Daryl,163135,848
Daryl,136942,599
Daryl,140536,179
Daryl,151426,996
Daryl,130897,913
Daryl,191765,927
Daryl,131240,189
Daryl,161178,559
Daryl,150910,33
Daryl,143524,100
Daryl,173267,173
Daryl,130555,854
Daryl,121654,175
Daryl,115360,610
Daryl,183438,16
Daryl,151895,275
Daryl,150742,424
Daryl,161298,380
Daryl,167959,971
Daryl,174825,960
Daryl,119887,14
Daryl,135359,747
Daryl,153371,574
Daryl,159281,751
Daryl,107313,701
Daryl,105592,705
Daryl,147434,78
Daryl,159178,689
Daryl,168327,86
Daryl,187475,229
Daryl,105161,211
Daryl,154910,561
Daryl,124549,517
Daryl,151437,546
Daryl,169100,635
Daryl,193670,411
Daryl,195093,847
Daryl,120085,635
Daryl,150422,542
Daryl,190976,764
Daryl,132665,628
Daryl,139636,799
Daryl,157495,428
Daryl,196036,370
Daryl,159289,620
Daryl,152788,311
Daryl,135138,272
Daryl,107039,156
Daryl,182960,84
Daryl,192557,596
Daryl,190453,451
Daryl,110020,974
Daryl,150530,784
Daryl,161021,158
Daryl,174193,300
Daryl,187573,22
Daryl,193871,483
Daryl,151184,237
Daryl,195387,449
Daryl,111059,87
Daryl,198670,368
Daryl,111542,743
Daryl,102542,906
Daryl,106336,184
Daryl,196499,100
Daryl,187780,28
Daryl,162995,70
Daryl,131186,129
Daryl,185454,949
Daryl,186421,426
Daryl,138461,758
Daryl,169381,365
Daryl,161672,746
Daryl,109286,783
Daryl,142896,433
Daryl,183610,534
Daryl,153223,859
Daryl,150247,609
Daryl,180965,237
Daryl,171793,249
Daryl,168970,322
Daryl,158656,857
Daryl,154581,701
Daryl,125586,372
Daryl,134181,937
Daryl,174294,618
Daryl,188724,354
Daryl,172184,532
Daryl,172503,108
Daryl,176050,970
Daryl,146716,922
Daryl,146013,509
Daryl,150793,754
Daryl,144478,529
Daryl,131935,407
Daryl,169590,818
Daryl,161457,455
Daryl,185042,127
Daryl,111504,428
Daryl,125947,437
Daryl,128552,99
Daryl,158228,608
Daryl,128796,998
Daryl,142246,39
Daryl,118896,493
Daryl,135819,632
Daryl,103125,590
Daryl,113793,720
Daryl,199887,601
Daryl,107025,906
Daryl,160385,895
Daryl,141694,504
Daryl,168723,387
Daryl,101104,897
Daryl,152367,49
Daryl,113054,640
Daryl,169146,95
Daryl,156196,827
Daryl,184973,326
Daryl,180681,961
Daryl,106681,880
Daryl,112518,759
Daryl,163229,548
Daryl,148346,919
Daryl,155912,158
Daryl,149328,595
Daryl,166000,864
Daryl,117026,755
Daryl,155159,219
Daryl,135961,353
Daryl,127080,313
Daryl,109052,187
Daryl,143419,693
Daryl,128021,533
Daryl,184869,154
Daryl,186609,931
Daryl,114867,27
Daryl,103548,687
Daryl,178922,287
Daryl,112432,348
Daryl,148147,720
Daryl,118809,392
Daryl,103968,268
Daryl,145570,987
Daryl,140954,457
Daryl,102252,778
Daryl,161685,589
Daryl,122553,646
Daryl,194284,659
Daryl,112859,159
Daryl,144742,282
Daryl,106226,998
Daryl,192977,924
Daryl,107573,920
Daryl,149192,469
Daryl,167566,854
Daryl,152141,372
Daryl,160804,527
Daryl,160719,980
Daryl,132235,330
Daryl,195060,263
Daryl,102148,753
Daryl,196210,64
Daryl,166955,440
Daryl,128588,184
Daryl,113232,800
Daryl,179590,538
Daryl,157048,50
Daryl,166613,384
Daryl,196737,45
Daryl,178056,508
Daryl,175801,819
Daryl,186878,591
Daryl,164371,750
Daryl,109864,222
Daryl,176892,867
Daryl,112814,267
Daryl,165621,497
Daryl,156132,737
Daryl,115289,927
Daryl,148922,129
Daryl,185385,228
Daryl,108704,221
Daryl,158286,480
Daryl,141598,158
Daryl,198231,61
Daryl,124573,38
Daryl,155286,423
Daryl,166797,68
Daryl,182815,268
Daryl,186449,860
Daryl,161488,893
Daryl,197648,586
Daryl,128669,761
Daryl,168139,858
Daryl,136380,13
Daryl,160785,158
Daryl,180469,156
Daryl,127520,623
Daryl,112785,240
Daryl,118733,277
Daryl,109481,422
Daryl,154762,443
Daryl,101516,111
Daryl,140102,667
Daryl,145077,128
Daryl,133568,425
Daryl,166124,169
Daryl,101949,977
Daryl,180702,415
Daryl,162628,452
Daryl,173661,174
Daryl,159893,121
Daryl,130439,815
Daryl,140702,582
Daryl,158492,640
Daryl,139225,688
Daryl,192339,677
Daryl,100199,283
Daryl,127438,959
Daryl,194782,892
Daryl,143134,286
Daryl,133167,43
Daryl,193042,850
Daryl,120559,484
Daryl,145385,480
Daryl,111427,800
Daryl,147591,485
Daryl,151802,456
Daryl,197268,643
Daryl,171012,622
Daryl,144254,290
Daryl,178095,499
Daryl,105422,156
Daryl,160659,331
Daryl,124931,765
Daryl,134197,955
Daryl,172988,184
Daryl,121434,78
Daryl,160415,541
Daryl,145772,150
Daryl,153486,91
Daryl,108346,309
Daryl,142553,233
Daryl,179661,623
Daryl,138201,839
Daryl,197149,186
Daryl,141151,625
Daryl,106623,514
Daryl,112175,1
Daryl,146570,820
Daryl,131715,615
Daryl,173138,353
Daryl,100568,481
Daryl,132588,739
Daryl,199122,426
Daryl,157662,706
Daryl,188114,180
Daryl,160864,594
Daryl,142714,196
Daryl,151940,275
Daryl,156026,634
Daryl,181589,793
Daryl,110713,298
Daryl,198938,246
Daryl,152745,22
Daryl,140647,617
Daryl,194153,170
Daryl,145492,44
Daryl,156985,849
Daryl,155032,294
Daryl,150596,652
Daryl,115718,440
Daryl,135855,809
Daryl,177317,806
Daryl,157218,714
Daryl,151683,147
Daryl,187056,972
Daryl,126997,59
Daryl,121188,58
Daryl,162545,988
Daryl,139171,913
Daryl,171794,947
Daryl,159182,54
Daryl,164755,563
Daryl,168131,561
Daryl,185880,703
Daryl,172364,121
Daryl,151709,359
Daryl,125175,94
Daryl,183400,837
Daryl,163793,506
Daryl,102984,679
Daryl,129644,554
Daryl,104227,908
Daryl,162152,1
Daryl,146504,460
Daryl,185854,392
Daryl,163231,243
Daryl,141070,953
Daryl,134931,856
Daryl,159156,983
Daryl,172587,324
Daryl,181911,316
Daryl,172858,282
Daryl,166007,935
Daryl,108857,783
Daryl,144730,718
Daryl,175982,780
Daryl,176178,82
Daryl,118974,814
Daryl,156004,590
Daryl,170283,956
Daryl,153550,172
Daryl,162032,120
Daryl,136354,794
Daryl,115041,414
Daryl,137137,275
Daryl,155117,727
Daryl,177581,872
Daryl,152599,77
Daryl,159750,139
Daryl,152298,738
Daryl,156799,577
Daryl,125102,85
Daryl,121331,787
Daryl,154494,84
Daryl,183309,612
Daryl,134266,559
Daryl,179293,507
Daryl,104669,162
Daryl,152463,407
Daryl,121173,404
Daryl,110131,165
Daryl,137055,471
Daryl,160599,867
Daryl,155747,69
Daryl,126959,601
Daryl,182088,659
Daryl,178841,622
Daryl,197331,716
Daryl,181831,510
Daryl,102199,472
Daryl,165132,371
Daryl,185079,843
Daryl,149096,49
Daryl,164452,360
Daryl,126695,999
Daryl,150581,383
Daryl,118930,868
Daryl,107564,935
Daryl,170648,309
Daryl,199785,953
Daryl,126503,306
Daryl,131520,571
Daryl,165518,197
Daryl,103671,556
Daryl,118919,74
Daryl,109997,403
Daryl,193229,383
Daryl,189841,235
Daryl,128473,427
Daryl,178324,86
Daryl,172051,472
Daryl,196560,526
Daryl,103884,671
Daryl,124321,39
Daryl,154531,494
Daryl,167766,863
Daryl,178986,549
Daryl,109719,391
Daryl,115166,310
Daryl,110688,934
Daryl,197133,766
Daryl,141218,208
Daryl,198716,934
Daryl,195292,418
Daryl,177794,902
Daryl,156521,489
Daryl,115545,754
Daryl,160008,117
Daryl,184017,815
Daryl,105711,347
Daryl,177063,980
Daryl,164361,106
Daryl,135386,487
Daryl,122088,994
Daryl,168318,508
Daryl,168284,15
Daryl,186533,604
Daryl,167723,57
Daryl,128920,230
Daryl,111886,335
Daryl,197601,135
Daryl,144641,360
Daryl,111810,854
Daryl,105356,148
Daryl,123582,944
Daryl,171595,713
Daryl,170371,692
Daryl,109188,881
Daryl,110063,658
Daryl,176736,971
Daryl,128720,199
Daryl,152903,752
Daryl,117563,617
Daryl,169382,987
Daryl,142592,163
Daryl,167809,246
Daryl,130286,214
Daryl,161441,645
Daryl,113519,212
Daryl,135132,690
Daryl,102059,24
Daryl,151964,697
Daryl,136163,915
Daryl,190912,501
Daryl,184225,490
Daryl,173237,59
Daryl,108435,770
Daryl,145556,693
Daryl,108601,909
Daryl,152220,562
Daryl,139572,659
Daryl,190501,829
Daryl,154879,834
Daryl,194097,180
Daryl,173619,83
Daryl,187314,347
Daryl,109414,555
Daryl,154498,695
Daryl,184601,167
Daryl,156428,506
Daryl,115224,641
Daryl,111141,741
Daryl,169750,165
Daryl,119408,701
Daryl,112106,458
Daryl,176027,265
Daryl,131515,360
Daryl,179093,667
Daryl,168534,13
Daryl,104211,854
Daryl,160534,227
Daryl,149443,166
Daryl,131433,157
Daryl,106303,153
Daryl,138670,926
Daryl,175522,696
Daryl,112599,651
Daryl,165953,43
Daryl,162853,984
Daryl,109947,872
Daryl,156768,480
Daryl,169237,179
Daryl,190809,511
Daryl,177134,737
Daryl,185151,286
Daryl,158044,37
Daryl,160878,560
Daryl,124300,854
Daryl,154050,552
Daryl,119732,157
Daryl,197064,670
Daryl,101492,488
Daryl,105503,888
Daryl,122177,176
Daryl,105532,68
Daryl,145213,900
Daryl,147447,19
Daryl,135637,355
Daryl,102011,567
Daryl,168842,470
Daryl,187361,462
Daryl,115313,196
Daryl,167958,59
Daryl,136584,712
Daryl,180773,378
Daryl,194516,597
Daryl,130912,996
Daryl,164445,605
Daryl,130033,468
Daryl,126729,586
Daryl,193445,596
Daryl,132714,700
Daryl,175771,874
Daryl,163246,740
Daryl,128416,477
Daryl,125273,963
Daryl,140837,30
Daryl,114565,559
Daryl,110540,897
Daryl,194974,373
Daryl,118557,793
Daryl,136076,465
Daryl,133023,424
Daryl,179928,956
Daryl,140435,504
Daryl,121904,60
Daryl,110410,346
Daryl,187440,337
Daryl,176873,792
Daryl,168589,304
Daryl,176650,867
Daryl,108419,502
Daryl,100051,409
Daryl,126473,453
Daryl,130970,43
Daryl,104946,423
Daryl,147768,500
Daryl,105484,965
Daryl,104323,994
Daryl,178199,919
Daryl,177113,623
Daryl,133533,971
Daryl,160590,291
Daryl,145033,289
Daryl,196280,202
Daryl,199542,451
Daryl,130083,65
Daryl,183859,670
Daryl,122888,747
Daryl,131649,752
Daryl,194582,474
Daryl,122087,213
Daryl,145514,154
Daryl,108538,848
Daryl,197944,212
Daryl,104338,59
Daryl,166575,525
Daryl,187194,109
Daryl,190533,256
Daryl,106243,218
Daryl,106896,685
Daryl,176728,234
Daryl,113357,490
Daryl,145144,979
Daryl,112050,285
Daryl,165276,680
Daryl,142595,954
Daryl,196876,7
Daryl,126878,260
Daryl,154041,997
Daryl,178204,574
Daryl,187620,58
Daryl,195910,532
Daryl,129591,311
Daryl,124421,977
Daryl,139161,529
Daryl,172618,541
Daryl,175428,531
Daryl,122626,579
Daryl,120886,298
Daryl,175816,815
Daryl,109901,284
Daryl,138438,694
Daryl,129454,878
Daryl,103852,699
Daryl,105889,990
Daryl,195902,319
Daryl,185763,816
Daryl,131155,35
Daryl,168478,145
Daryl,124800,877
Daryl,160996,14
Daryl,166016,952
Daryl,121165,461
Daryl,146167,547
Daryl,162859,132
Daryl,177833,870
Daryl,159035,897
Daryl,119358,773
Daryl,153869,896
Daryl,132538,54
Daryl,177841,303
Daryl,157547,92
Daryl,194560,221
Daryl,155126,988
Daryl,142470,669
Daryl,188915,931
Daryl,168879,41
Daryl,191840,222
Daryl,137602,201
Daryl,170091,250
Daryl,179734,691
Daryl,166517,758
Daryl,198965,261
Daryl,135200,897
Daryl,180576,217
Daryl,138123,378
Daryl,155560,197
Daryl,173550,546
Daryl,154914,93
Daryl,199537,305
Daryl,131525,323
Daryl,156886,846
Daryl,140701,591
Daryl,104445,243
Daryl,119771,870
Daryl,126609,235
Daryl,196556,90
Daryl,160871,550
Daryl,156844,90
Daryl,105169,988
Daryl,183245,380
Daryl,162952,191
Daryl,157759,239
Daryl,117230,176
Daryl,140941,286
Daryl,167301,21
Daryl,151328,555
Daryl,105941,36
Daryl,152397,826
Daryl,159249,236
Daryl,103648,78
Daryl,175320,966
Daryl,185908,736
Daryl,184662,155
Daryl,107882,361
Daryl,100101,294
Daryl,124676,256
Daryl,194128,834
Daryl,160233,4
Daryl,173680,796
Daryl,185244,528
Daryl,149281,187
Daryl,108985,306
Daryl,182740,920
Daryl,179856,985
Daryl,189727,392
Daryl,102060,478
Daryl,195343,31
Daryl,181891,133
Daryl,154257,617
Daryl,137200,55
Daryl,127854,156
Daryl,110503,729
Daryl,126761,614
Daryl,119723,930
Daryl,161282,415
Daryl,138346,729
Daryl,119478,323
Daryl,177654,6
Daryl,138076,546
Daryl,153786,41
Daryl,134319,700
Daryl,145039,61
Daryl,155936,645
Daryl,171053,466
Daryl,100468,292
Daryl,103457,342
Daryl,174097,908
Daryl,119050,223
Daryl,111923,465
Daryl,114586,397
Daryl,170513,967
Daryl,148421,857
Daryl,135969,282
Daryl,108768,707
Daryl,135093,831
Daryl,188024,920
Daryl,194233,224
Daryl,194193,68
Daryl,102586,682
Daryl,118721,185
Daryl,161598,828
Daryl,147162,994
Daryl,150191,609
Daryl,153060,42
Daryl,175281,611
Daryl,108579,399
Daryl,172656,874
Daryl,136315,706
Daryl,112623,544
Daryl,193773,374
Daryl,124787,339
Daryl,177886,479
Daryl,174658,567
Daryl,127825,457
Daryl,126668,383
Daryl,195435,978
Daryl,152225,804
Daryl,141160,247
Daryl,139370,469
Daryl,114251,586
Daryl,115602,342
Daryl,196129,99
Daryl,176352,438
Daryl,141865,491
Daryl,117315,456
Daryl,131299,527
Daryl,107517,287
Daryl,171729,648
Daryl,112644,91
Daryl,118366,867
Daryl,180362,927
Daryl,191691,418
Daryl,178381,701
Daryl,103470,359
Daryl,176899,715
Daryl,111910,258
Daryl,123408,794
Daryl,148923,211
Daryl,175814,859
Daryl,191169,790
Daryl,147059,872
Daryl,102297,433
Daryl,156667,275
Daryl,144772,286
Daryl,104430,625
Daryl,144077,663
Daryl,199513,815
Daryl,184288,360
Daryl,198749,101
Daryl,118642,343
Daryl,105590,730
Daryl,132044,327
Daryl,169121,444
Daryl,115425,927
Daryl,121244,379
Daryl,156068,848
Daryl,170025,444
Daryl,100642,369
Daryl,123546,477
Daryl,179567,919
Daryl,155243,256
Daryl,193258,604
Daryl,103647,774
Daryl,152787,324
Daryl,176831,133
Daryl,150267,251
Daryl,187966,48
Daryl,153057,750
Daryl,173536,9
Daryl,154324,660
Daryl,158542,764
Daryl,165958,218
Daryl,111663,344
Daryl,195388,18
Daryl,122710,343
Daryl,103593,28
Daryl,175967,316
Daryl,175263,658
Daryl,104497,765
Daryl,199870,394
Daryl,127590,231
Daryl,152694,997
Daryl,142516,362
Daryl,122092,134
Daryl,118597,168
Daryl,125452,586
Daryl,118133,958
Daryl,130341,364
Daryl,126235,342
Daryl,195640,991
Daryl,135511,262
Daryl,132847,141
Daryl,121507,374
Daryl,115881,439
Daryl,103797,287
Daryl,187542,839
Daryl,163464,322
Daryl,189253,756
Daryl,136915,758
Daryl,127540,221
Daryl,126686,948
Daryl,164995,432
Daryl,136713,582
Daryl,105070,22
Daryl,193277,160
Daryl,124247,904
Daryl,106583,594
Daryl,126115,907
Daryl,147211,662
Daryl,143455,622
Daryl,104093,779
Daryl,191658,71
Daryl,136865,251
Daryl,116975,166
Daryl,191635,548
Daryl,188247,702
Daryl,156897,21
Daryl,179437,415
Daryl,132287,201
Daryl,121495,512
Daryl,109618,487
Daryl,126032,428
Daryl,167980,116
Daryl,184564,516
Daryl,179257,350
Daryl,174632,182
Daryl,128591,156
Daryl,166264,409
Daryl,122883,218
Daryl,156946,348
Daryl,142693,251
Daryl,166302,581
Daryl,193222,54
Daryl,115945,167
Daryl,172646,18
Daryl,127276,477
Daryl,112756,289
Daryl,188319,551
Daryl,174213,293
Daryl,172709,933
Daryl,115711,448
Daryl,108841,684
Daryl,194111,284
Daryl,167739,182
Daryl,148781,457
Daryl,106657,567
Daryl,138820,215
Daryl,185876,313
Daryl,163557,288
Daryl,198156,532
Daryl,127375,57
Daryl,171915,159
Daryl,135714,602
Daryl,134490,578
Daryl,191526,743
Daryl,146142,823
Daryl,160875,952
Daryl,182021,632
Daryl,180417,460
Daryl,118812,722
Daryl,119158,67
Daryl,150943,989
Daryl,115954,673
Daryl,185295,225
Daryl,143254,119
Daryl,124971,824
Daryl,150772,603
Daryl,150391,827
Daryl,146642,506
Daryl,193831,944
Daryl,189844,8
Daryl,107054,995
Daryl,163699,731
Daryl,144981,212
Daryl,173957,162
Daryl,168315,720
Daryl,139458,346
Daryl,145911,351
Daryl,167745,918
Daryl,139109,121
Daryl,151972,551
Daryl,199688,297
Daryl,141096,132
Daryl,158867,904
Daryl,133520,446
Daryl,145167,209
Daryl,108623,320
Daryl,189949,738
Daryl,198520,692
Daryl,174809,655
Daryl,181368,933
Daryl,159590,897
Daryl,154632,818
Daryl,124292,163
Daryl,191911,219
Daryl,180961,809
Daryl,169704,947
Daryl,136575,74
Daryl,138289,52
Daryl,199745,780
Daryl,125731,592
Daryl,151544,839
Daryl,182970,99
Daryl,159985,12
Daryl,162453,19
Daryl,190159,1000
Daryl,199609,850
Daryl,152403,862
Daryl,111286,848
Daryl,117502,584
Daryl,173127,606
Daryl,192955,677
Daryl,152426,811
Daryl,103536,190
Daryl,124238,742
Daryl,159255,154
Daryl,109730,16
Daryl,116960,319
Daryl,136934,651
Daryl,174451,542
Daryl,187552,94
Daryl,150636,249
Daryl,152234,26
Daryl,106915,90
Daryl,155224,748
Daryl,146428,960
Daryl,169813,797
Daryl,113056,2
Daryl,165967,227
Daryl,198227,381
Daryl,149480,635
Daryl,142363,206
Daryl,112523,937
Daryl,140334,811
Daryl,108527,235
Daryl,137501,655
Daryl,103576,600
Daryl,107351,175
Daryl,166926,797
Daryl,162351,699
Daryl,128276,302
Daryl,132158,456
Daryl,118573,782
Daryl,101036,233
Daryl,164113,878
Daryl,191881,816
Daryl,134907,383
Daryl,116180,987
Daryl,121148,636
Daryl,110756,293
Daryl,195335,31
Daryl,135534,819
Daryl,126172,926
Daryl,133241,917
Daryl,187214,67
Daryl,140388,213
Daryl,188305,164
Daryl,170810,770
Daryl,156796,125
Daryl,102624,103
Daryl,138040,683
Daryl,192696,176
Daryl,170181,22
Daryl,155769,270
Daryl,199401,942
Daryl,102279,759
Daryl,150353,784
Daryl,105351,392
Daryl,151085,140
Daryl,159618,209
Daryl,164028,698
Daryl,197266,412
Daryl,165101,35
Daryl,190077,988
Daryl,191724,604
Daryl,121765,891
Daryl,131189,414
Daryl,131896,251
Daryl,157151,472
Daryl,189344,574
Daryl,176745,213
Daryl,183615,106
Daryl,104122,71
Daryl,161530,606
Daryl,121128,120
Daryl,104563,351
Daryl,193852,997
Daryl,180909,734
Daryl,192843,227
Daryl,180080,538
Daryl,165117,868
Daryl,177419,236
Daryl,112684,546
Daryl,167901,491
Daryl,109410,102
Daryl,139314,219
Daryl,191312,550
Daryl,188973,410
Daryl,178222,717
Daryl,155404,770
Daryl,193197,645
Daryl,167240,54
Daryl,115147,263
Daryl,162893,417
Daryl,108906,993
Daryl,169720,983
Daryl,110990,452
Daryl,136181,54
Daryl,122390,717
Daryl,152961,372
Daryl,185814,176
Daryl,134799,512
Daryl,132867,45
Daryl,189050,137
Daryl,169975,887
Daryl,135347,828
Daryl,197250,367
Daryl,103534,78
Daryl,176692,79
Daryl,164633,339
Daryl,135685,343
Daryl,162257,789
Daryl,118456,167
Daryl,113724,522
Daryl,103897,410
Daryl,156981,90
Daryl,160907,936
Daryl,158243,216
Daryl,183511,806
Daryl,153068,688
Daryl,143052,481
Daryl,116405,385
Daryl,111101,314
Daryl,177591,131
Daryl,132245,279
Daryl,183988,426
Daryl,139794,435
Daryl,117505,259
Daryl,108932,856
Daryl,156344,275
Daryl,118355,11
Daryl,137971,991
Daryl,195490,605
Daryl,193775,406
Daryl,156140,754
Daryl,127748,257
Daryl,180118,672
Daryl,148798,87
Daryl,181969,470
Daryl,102289,45
Daryl,108763,95
Daryl,170863,165
Daryl,132155,197
Daryl,173395,525
Daryl,105945,606
Daryl,129724,721
Daryl,135333,280
Daniel,180963,227
Daniel,105910,640
Daniel,152987,297
Daniel,138807,959
Daniel,143051,859
Daniel,128564,156
Daniel,111609,546
Daniel,164810,358
Daniel,127687,139
Daniel,146543,123
Daniel,148831,889
Daniel,149627,189
Daniel,131357,342
Daniel,105477,149
Daniel,139889,889
Daniel,188394,603
Daniel,186534,187
Daniel,185005,365
Daniel,150266,549
Daniel,107283,618
Daniel,144146,302
Daniel,187729,162
Daniel,104361,72
Daniel,185829,641
Daniel,141796,249
Daniel,161876,461
Daniel,144031,50
Daniel,190575,760
Daniel,157134,405
Daniel,178055,614
Daniel,186940,597
Daniel,180102,508
Daniel,148022,924
Daniel,126328,740
Daniel,108628,831
Daniel,172000,314
Daniel,144620,623
Daniel,117971,972
Daniel,158629,918
Daniel,145086,751
Daniel,118667,856
Daniel,168368,186
Daniel,140876,223
Daniel,164448,165
Daniel,177090,412
Daniel,134779,959
Daniel,120932,53
Daniel,152766,537
Daniel,128598,618
Daniel,184198,93
Daniel,115343,864
Daniel,169712,331
Daniel,157470,100
Daniel,134507,628
Daniel,110299,275
Daniel,132637,156
Daniel,199151,340
Daniel,196526,472
Daniel,197197,363
Daniel,127948,72
Daniel,159500,297
Daniel,170885,734
Daniel,175920,287
Daniel,179457,467
Daniel,133134,56
Daniel,157976,963
Daniel,145559,380
Daniel,179283,943
Daniel,161350,736
Daniel,187260,629
Daniel,136371,181
Daniel,139296,900
Daniel,159745,455
Daniel,192385,901
Daniel,133273,204
Daniel,129307,235
Daniel,130420,594
Daniel,184636,722
Daniel,130346,481
Daniel,151545,353
Daniel,129327,690
Daniel,163039,636
Daniel,186827,97
Daniel,112531,198
Daniel,189854,772
Daniel,120921,167
Daniel,113382,560
Daniel,102941,113
Daniel,108734,807
Daniel,158582,610
Daniel,183123,672
Daniel,112019,544
Daniel,134437,284
Daniel,193801,145
Daniel,140952,958
Daniel,147990,400
Daniel,188591,771
Daniel,183474,453
Daniel,103144,146
Daniel,119675,20
Daniel,123073,681
Daniel,106738,859
Daniel,116926,365
Daniel,163244,792
Daniel,132991,192
Daniel,189889,914
Daniel,107740,808
Daniel,180572,227
Daniel,150192,615
Daniel,164991,720
Daniel,121012,537
Daniel,191336,815
Daniel,162222,231
Daniel,160401,940
Daniel,147027,725
Daniel,125631,426
Daniel,122135,201
Daniel,100622,139
Daniel,174513,801
Daniel,107633,573
Daniel,104905,149
Daniel,115675,438
Daniel,148990,791
Daniel,134932,136
Daniel,131794,780
Daniel,196770,505
Daniel,151672,366
Daniel,123533,810
Daniel,173044,274
Daniel,125229,259
Daniel,113055,892
Daniel,158592,327
Daniel,180393,551
Daniel,136949,651
Daniel,116531,764
Daniel,139501,0
Daniel,182886,296
Daniel,152917,250
Daniel,171950,775
Daniel,165762,905
Daniel,160095,725
Daniel,195216,730
Daniel,136011,128
Daniel,125234,860
Daniel,128833,454
Daniel,152591,588
Daniel,109456,695
Daniel,183349,195
Daniel,139102,192
Daniel,141355,511
Daniel,104457,353
Daniel,127709,953
Daniel,180519,476
Daniel,148297,100
Daniel,145337,733
Daniel,153640,408
Daniel,155582,958
Daniel,159909,550
Daniel,156861,537
Daniel,166625,174
Daniel,186699,117
Daniel,123328,563
Daniel,161770,838
Daniel,142754,53
Daniel,162259,622
Daniel,186179,2
Daniel,189015,326
Daniel,167120,500
Daniel,172348,305
Daniel,101319,709
Daniel,131657,72
Daniel,111594,858
Daniel,110026,170
Daniel,172466,291
Daniel,100625,147
Daniel,194767,243
Daniel,168420,759
Daniel,145166,196
Daniel,174544,979
Daniel,125063,92
Daniel,199440,148
Daniel,192217,990
Daniel,111425,139
Daniel,160462,879
Daniel,132815,693
Daniel,115519,364
Daniel,177825,210
Daniel,155387,683
Daniel,150177,162
Daniel,164423,652
Daniel,120271,178
Daniel,146539,900
Daniel,194942,637
Daniel,118396,969
Daniel,176172,846
Daniel,150691,138
Daniel,132375,710
Daniel,126803,614
Daniel,140228,972
Daniel,124981,550
Daniel,116204,939
Daniel,125551,281
Daniel,127896,450
Daniel,180727,829
Daniel,149709,936
Daniel,128995,48
Daniel,183435,896
Daniel,182980,269
Daniel,185737,253
Daniel,167429,854
Daniel,136396,427
Daniel,127957,657
Daniel,195674,72
Daniel,177909,165
Daniel,165468,867
Daniel,192908,467
Daniel,176839,966
Daniel,151507,706
Daniel,147756,437
Daniel,140312,124
Daniel,132697,180
Daniel,178367,814
Daniel,188270,107
Daniel,179998,413
Daniel,149611,936
Daniel,171377,174
Daniel,131799,539
Daniel,156479,462
Daniel,163730,195
Daniel,161163,107
Daniel,125115,961
Daniel,131113,40
Daniel,188932,131
Daniel,168531,553
Daniel,159516,586
Daniel,139813,398
Daniel,135376,140
Daniel,189316,555
Daniel,157057,969
Daniel,192351,587
Daniel,112757,304
Daniel,179493,264
Daniel,111074,363
Daniel,191102,269
Daniel,135335,210
Daniel,164250,525
Daniel,144223,765
Daniel,185472,166
Daniel,148339,552
Daniel,156834,728
Daniel,118884,952
Daniel,167653,827
Daniel,104103,984
Daniel,185274,949
Daniel,129582,880
Daniel,184269,739
Daniel,158058,502
Daniel,188255,161
Daniel,119792,185
Daniel,186171,568
Daniel,176674,193
Daniel,181974,58
Daniel,186971,776
Daniel,172845,226
Daniel,198651,261
Daniel,141455,985
Daniel,145539,57
Daniel,149378,219
Daniel,195834,548
Daniel,102096,930
Daniel,172484,857
Daniel,153165,999
Daniel,194250,89
Daniel,137970,459
Daniel,146815,45
Daniel,198323,775
Daniel,172925,280
Daniel,170168,7
Daniel,156260,839
Daniel,135269,45
Daniel,197161,277
Daniel,199459,872
Daniel,159904,849
Daniel,197699,821
Daniel,135312,195
Daniel,109108,885
Daniel,139014,89
Daniel,136288,15
Daniel,196172,519
Daniel,172453,814
Daniel,145350,882
Daniel,134023,32
Daniel,146290,890
Daniel,101559,845
Daniel,137178,226
Daniel,135867,856
Daniel,146090,198
Daniel,145020,635
Daniel,177291,384
Daniel,175794,286
Daniel,118273,135
Daniel,189260,111
Daniel,117405,900
Daniel,183045,855
Daniel,120831,842
Daniel,193603,404
Daniel,106136,974
Daniel,111520,705
Daniel,106961,668
Daniel,183118,117
Daniel,124972,142
Daniel,174049,664
Daniel,188117,734
Daniel,139667,983
Daniel,194445,480
Daniel,110492,5
Daniel,153855,795
Daniel,180022,374
Daniel,125680,907
Daniel,194183,595
Daniel,143410,1000
Daniel,146544,651
Daniel,175030,233
Daniel,154533,773
Daniel,119984,141
Daniel,175507,589
Daniel,155212,581
Daniel,189996,189
Daniel,164039,431
Daniel,104933,212
Daniel,152221,366
Daniel,189245,106
Daniel,152517,397
Daniel,153567,929
Daniel,138931,747
Daniel,137720,775
Daniel,114918,44
Daniel,105996,45
Daniel,136549,110
Daniel,106304,828
Daniel,169188,871
Daniel,166803,301
Daniel,152434,766
Daniel,162503,596
Daniel,197668,4
Daniel,180998,745
Daniel,128195,767
Daniel,157519,364
Daniel,126839,852
Daniel,176830,666
Daniel,124564,824
Daniel,163496,821
Daniel,104336,854
Daniel,146350,406
Daniel,129739,785
Daniel,103792,757
Daniel,167665,214
Daniel,155460,820
Daniel,182810,915
Daniel,172227,871
Daniel,167059,176
Daniel,139863,244
Daniel,149898,817
Daniel,118336,782
Daniel,101545,469
Daniel,153174,386
Daniel,101177,39
Daniel,144700,836
Daniel,100839,895
Daniel,164487,377
Daniel,180768,790
Daniel,149464,826
Daniel,138462,222
Daniel,178753,173
Daniel,178404,920
Daniel,157987,474
Daniel,126532,470
Daniel,128641,529
Daniel,150511,935
Daniel,106956,2
Daniel,196583,194
Daniel,119459,739
Daniel,139920,855
Daniel,190915,108
Daniel,160311,443
Daniel,136928,567
Daniel,190271,515
Daniel,124579,272
Daniel,142795,43
Daniel,119384,171
Daniel,130013,161
Daniel,132695,682
Daniel,121387,676
Daniel,146022,297
Daniel,126240,902
Daniel,148739,684
Daniel,136858,996
Daniel,131972,837
Daniel,128805,952
Daniel,126112,701
Daniel,141166,412
Daniel,174602,706
Daniel,127038,576
Daniel,132038,535
Daniel,111140,3
Daniel,194353,491
Daniel,183075,722
Daniel,109064,750
Daniel,102768,704
Daniel,194982,91
Daniel,144075,918
Daniel,180154,944
Daniel,114293,824
Daniel,181024,286
Daniel,151136,261
Daniel,195171,899
Daniel,174456,283
Daniel,134070,473
Daniel,147783,554
Daniel,190857,879
Daniel,189275,193
Daniel,105933,138
Daniel,135150,337
Daniel,186743,655
Daniel,155749,988
Daniel,142950,337
Daniel,171321,520
Daniel,183208,333
Daniel,130627,332
Daniel,106611,653
Daniel,139875,402
Daniel,180664,85
Daniel,154907,604
Daniel,135402,930
Daniel,105031,948
Daniel,125318,332
Daniel,123095,727
Daniel,150906,278
Daniel,116847,66
Daniel,112996,933
Daniel,135803,139
Daniel,141736,703
Daniel,143076,662
Daniel,110748,633
Daniel,121886,635
Daniel,135152,549
Daniel,124457,918
Daniel,111989,30
Daniel,187653,67
Daniel,148226,601
Daniel,185294,845
Daniel,141918,761
Daniel,101872,892
Daniel,134379,890
Daniel,100937,353
Daniel,193719,122
Daniel,136032,114
Daniel,125603,69
Daniel,189649,88
Daniel,112676,402
Daniel,117916,533
Daniel,164056,160
Daniel,167443,939
Daniel,125755,113
Daniel,133326,154
Daniel,168926,408
Daniel,189866,416
Daniel,176140,922
Daniel,146916,974
Daniel,131443,177
Daniel,156442,851
Daniel,144034,863
Daniel,165604,954
Daniel,165383,958
Daniel,184390,94
Daniel,181883,695
Daniel,197527,357
Daniel,114688,636
Daniel,117938,452
Daniel,151110,676
Daniel,164295,996
Daniel,144423,473
Daniel,183570,342
Daniel,167722,136
Daniel,168328,216
Daniel,194585,822
Daniel,133787,407
Daniel,177569,494
Daniel,108922,411
Daniel,132473,757
Daniel,144054,976
Daniel,150466,446
Daniel,162316,475
Daniel,176389,209
Daniel,166360,248
Daniel,117899,947
Daniel,144051,224
Daniel,120993,115
Daniel,176529,144
Daniel,120238,669
Daniel,187873,852
Daniel,149028,114
Daniel,148904,21
Daniel,166607,160
Daniel,102634,576
Daniel,186105,70
Daniel,172463,34
Daniel,179006,909
Daniel,112655,369
Daniel,112003,459
Daniel,102636,875
Daniel,147993,96
Daniel,109823,54
Daniel,130731,454
Daniel,133604,86
Daniel,119622,429
Daniel,138136,464
Daniel,197950,868
Daniel,156047,59
Daniel,199372,941
Daniel,129429,875
Daniel,190036,223
Daniel,175432,412
Daniel,149295,434
Daniel,153692,258
Daniel,151985,534
Daniel,120488,749
Daniel,117510,774
Daniel,186109,225
Daniel,174264,974
Daniel,163512,220
Daniel,114324,910
Daniel,186432,830
Daniel,193176,319
Daniel,155021,817
Daniel,183357,690
Daniel,103274,4
Daniel,129370,228
Daniel,163562,216
Daniel,161541,36
Daniel,158081,267
Daniel,117079,289
Daniel,158432,592
Daniel,105383,726
Daniel,101376,57
Daniel,172288,425
Daniel,109181,99
Daniel,121763,814
Daniel,113603,385
Daniel,133933,956
Daniel,139818,549
Daniel,114826,626
Daniel,168065,955
Daniel,108559,404
Daniel,197106,297
Daniel,124738,760
Daniel,191401,214
Daniel,117332,157
Daniel,189131,836
Daniel,100794,587
Daniel,160476,175
Daniel,166074,848
Daniel,121548,603
Daniel,112068,172
Daniel,103068,195
Daniel,148649,579
Daniel,197784,696
Daniel,130316,697
Daniel,142256,630
Daniel,151223,743
Daniel,177380,716
Daniel,185388,317
Daniel,174241,733
Daniel,197970,80
Daniel,109847,415
Daniel,153426,768
Daniel,176258,611
Daniel,176026,757
Daniel,194559,102
Daniel,165526,682
Daniel,172241,968
Daniel,192168,456
Daniel,173837,308
Daniel,154951,454
Daniel,151386,470
Daniel,149496,810
Daniel,153157,96
Daniel,133816,61
Daniel,170986,891
Daniel,147608,892
Daniel,158658,356
Daniel,156618,763
Daniel,148279,862
Daniel,157638,82
Daniel,105130,674
Daniel,148764,834
Daniel,197764,720
Daniel,192280,102
Daniel,101151,45
Daniel,167375,897
Daniel,104175,254
Daniel,180296,316
Daniel,199299,165
Daniel,102951,905
Daniel,195428,470
Daniel,163608,464
Daniel,148048,999
Daniel,179707,956
Daniel,117088,708
Daniel,138396,373
Daniel,106945,152
Daniel,186451,121
Daniel,129249,177
Daniel,163614,820
Daniel,192841,422
Daniel,172388,984
Daniel,150983,973
Daniel,115293,348
Daniel,137658,435
Daniel,119073,592
Daniel,107896,125
Daniel,135785,510
Daniel,108665,997
Daniel,108947,195
Daniel,145171,986
Daniel,188772,811
Daniel,167811,371
Daniel,163353,613
Daniel,172518,686
Daniel,166055,141
Daniel,132300,868
Daniel,186908,746
Daniel,163456,14
Daniel,156576,975
Daniel,156040,115
Daniel,130502,186
Daniel,174741,148
Daniel,137432,41
Daniel,127945,610
Daniel,192969,761
Daniel,177426,665
Daniel,182668,609
Daniel,185110,157
Daniel,194957,571
Daniel,136243,749
Daniel,121888,367
Daniel,139455,287
Daniel,160051,667
Daniel,125845,131
Daniel,148039,651
Daniel,137237,163
Daniel,169270,467
Daniel,164302,620
Daniel,194286,417
Daniel,141495,696
Daniel,187869,38
Daniel,193716,988
Daniel,117242,202
Daniel,107242,239
Daniel,130806,871
Daniel,160357,940
Daniel,154687,297
Daniel,155669,776
Daniel,183074,283
Daniel,115282,549
Daniel,103039,868
Daniel,101453,283
Daniel,120720,6
Daniel,165052,493
Daniel,112925,319
Daniel,106703,85
Daniel,105919,512
Daniel,187109,482
Daniel,154767,233
Daniel,118161,730
Daniel,178357,891
Daniel,118470,639
Daniel,164814,903
Daniel,181395,504
Daniel,150217,401
Daniel,137682,816
Daniel,157909,5
Daniel,116716,964
Daniel,196579,143
Daniel,124076,8
Daniel,155113,464
Daniel,185102,460
Daniel,132947,453
Daniel,136964,632
Daniel,175775,397
Daniel,149173,249
Daniel,153631,897
Daniel,199059,174
Daniel,105221,820
Daniel,183290,562
Daniel,140142,357
Daniel,151676,250
Daniel,188171,870
Daniel,115408,139
Daniel,181032,519
Daniel,176927,935
Daniel,104573,145
Daniel,137592,579
Daniel,160802,407
Daniel,115208,743
Daniel,142049,300
Daniel,183176,51
Daniel,182109,611
Daniel,140246,900
Daniel,185751,378
Daniel,147689,79
Daniel,123056,178
Daniel,165667,850
Daniel,118172,100
Daniel,154135,465
Daniel,115081,375
Daniel,113586,354
Daniel,102083,337
Daniel,151935,688
Daniel,109796,553
Daniel,177705,470
Daniel,152858,536
Daniel,187476,209
Daniel,120383,622
Daniel,166267,263
Daniel,123629,469
Daniel,136336,383
Daniel,170571,474
Daniel,116187,828
Daniel,178866,72
Daniel,194699,816
Daniel,160457,736
Daniel,127487,719
Daniel,194086,886
Daniel,138393,548
Daniel,153251,560
Daniel,154987,174
Daniel,113466,397
Daniel,165125,311
Daniel,136801,884
Daniel,192861,23
Daniel,148951,721
Daniel,193239,418
Daniel,194668,624
Daniel,187545,795
Daniel,192052,820
Daniel,174106,705
Daniel,132222,988
Daniel,109877,459
Daniel,116062,291
Daniel,117322,520
Daniel,170553,85
Daniel,123767,20
Daniel,110656,705
Daniel,100074,431
Daniel,148752,289
Daniel,177040,587
Daniel,165986,103
Daniel,198019,816
Daniel,101675,554
Daniel,133799,396
Daniel,145662,97
Daniel,118425,889
Daniel,130138,404
Daniel,197189,975
Daniel,191366,723
Daniel,132559,944
Daniel,124722,145
Daniel,110280,93
Daniel,192611,937
Daniel,168301,524
Daniel,148041,10
Daniel,105359,270
Daniel,100214,753
Daniel,107502,455
Daniel,116538,432
Daniel,191050,42
Daniel,160978,653
Daniel,176253,195
Daniel,193889,949
Daniel,108304,384
Daniel,166805,300
Daniel,115912,677
Daniel,179796,331
Daniel,104054,845
Daniel,124764,602
Daniel,114602,274
Daniel,167203,650
Daniel,118143,942
Daniel,147765,314
Daniel,169873,762
Daniel,127445,800
Daniel,172608,625
Daniel,193669,145
Daniel,108300,542
Daniel,185739,137
Daniel,177520,910
Daniel,124618,111
Daniel,173089,651
Daniel,187412,477
Daniel,144264,356
Daniel,116998,445
Daniel,177848,827
Daniel,110777,456
Daniel,158549,883
Daniel,137322,417
Daniel,137596,9
Daniel,152736,771
Daniel,131837,527
Daniel,105292,824
Daniel,116790,337
Daniel,182514,778
Daniel,108156,956
Daniel,193158,119
Daniel,104646,78
Daniel,136388,477
Daniel,189730,299
Daniel,183527,633
Daniel,119553,276
Daniel,143283,583
Daniel,167324,706
Daniel,188108,932
Daniel,119004,708
Daniel,180997,264
Daniel,182563,468
Daniel,161187,592
Daniel,129663,690
Daniel,199792,759
Daniel,190740,87
Daniel,155951,968
Daniel,187823,710
Daniel,183089,955
Daniel,180740,442
Daniel,103263,914
Daniel,120118,80
Daniel,175347,336
Daniel,145822,484
Daniel,179621,288
Daniel,144203,386
Daniel,177751,535
Daniel,169016,453
Daniel,154732,325
Daniel,108429,932
Daniel,117564,488
Daniel,152231,318
Daniel,157479,399
Daniel,161537,545
Daniel,129154,505
Daniel,186012,791
Daniel,162579,393
Daniel,126161,656
Daniel,186253,761
Daniel,139637,772
Daniel,123718,844
Daniel,192126,602
Daniel,102956,737
Daniel,114943,999
Daniel,151132,152
Daniel,190966,889
Daniel,168664,372
Daniel,162396,727
Daniel,162864,136
Daniel,129094,394
Daniel,151540,427
Daniel,162498,548
Daniel,181081,182
Daniel,139925,722
Daniel,144604,825
Daniel,189360,783
Daniel,192871,786
Daniel,116527,271
Daniel,174790,418
Daniel,101564,76
Daniel,137677,252
Daniel,180712,198
Daniel,173479,180
Daniel,141665,880
Daniel,126706,527
Daniel,136414,104
Daniel,100289,97
Daniel,103037,301
Daniel,184025,124
Daniel,118138,184
Daniel,122246,788
Daniel,157990,910
Daniel,135561,58
Daniel,147142,936
Daniel,181733,875
Daniel,109930,803
Daniel,124960,386
Daniel,122367,305
Daniel,193367,701
Daniel,111342,612
Daniel,117248,184
Daniel,131690,732
Daniel,113584,115
Daniel,170601,777
Daniel,159660,653
Daniel,135042,272
Daniel,139272,441
Daniel,159981,581
Daniel,197432,976
Daniel,185216,991
Daniel,185016,738
Daniel,104276,16
Daniel,112049,324
Daniel,106164,935
Daniel,120601,192
Daniel,138053,2
Daniel,190007,674
Daniel,126436,465
Daniel,172643,469
Daniel,184075,512
Daniel,142250,954
Daniel,164936,157
Daniel,173178,503
Daniel,141286,538
Daniel,106074,323
Daniel,150738,198
Daniel,152347,878
Daniel,167700,768
Daniel,116718,421
Daniel,150706,947
Daniel,147409,859
Daniel,137462,218
Daniel,196938,831
Daniel,176261,532
Daniel,116150,706
Daniel,199286,263
Daniel,104828,174
Daniel,188895,723
Daniel,193112,175
Daniel,125112,188
Daniel,103391,580
Daniel,191752,709
Daniel,106982,628
Daniel,185198,414
Daniel,113045,820
Daniel,107091,216
Daniel,196755,956
Daniel,158961,212
Daniel,108962,872
Daniel,138863,296
Daniel,114706,152
Daniel,123997,261
Daniel,173838,943
Daniel,144313,224
Daniel,196868,823
Daniel,189489,993
Daniel,112971,526
Daniel,115154,98
Daniel,182515,739
Daniel,154026,57
Daniel,134200,209
Daniel,172612,250
Daniel,174845,974
Daniel,130146,584
Daniel,167503,921
Daniel,109888,110
Daniel,170058,26
Daniel,112131,813
Daniel,170926,382
Daniel,118363,864
Daniel,198546,487
Daniel,117325,200
Daniel,198772,364
Daniel,142914,251
Daniel,163696,381
Daniel,161524,17
Daniel,105341,901
Daniel,100072,644
Daniel,131163,939
Daniel,199084,262
Daniel,198149,460
Daniel,120637,313
Daniel,142611,734
Daniel,193036,17
Daniel,122510,37
Daniel,175295,279
Daniel,148987,233
Daniel,181752,940
Daniel,137752,668
Daniel,127875,170
Daniel,171787,753
Daniel,148691,13
Daniel,189001,803
Daniel,149175,869
Daniel,120648,890
Daniel,160073,805
Daniel,154398,743
Daniel,182840,174
Daniel,130122,385
Daniel,175404,571
Daniel,138586,925
Daniel,163909,786
Daniel,175786,649
Daniel,164509,737
Daniel,135038,566
Daniel,108269,255
Daniel,177252,177
Daniel,128199,926
Daniel,189208,484
Daniel,125013,390
Daniel,125275,744
Daniel,162557,217
Daniel,188109,457
Dana,161763,271
Dana,164123,713
Dana,108149,757
Dana,154942,945
Dana,175965,107
Dana,195688,281
Dana,123088,138
Dana,146021,610
Dana,112339,791
Dana,186664,19
Dana,126647,295
Dana,105617,501
Dana,198195,800
Dana,172857,81
Dana,137357,462
Dana,167729,623
Dana,186925,297
Dana,123917,620
Dana,184686,987
Dana,150534,48
Dana,194309,430
Dana,157193,954
Dana,113842,596
Dana,105296,133
Dana,118625,29
Dana,160260,14
Dana,108553,579
Dana,196611,237
Dana,196994,478
Dana,124315,222
Dana,161356,992
Dana,152140,104
Dana,175718,480
Dana,192014,248
Dana,105666,195
Dana,194878,510
Dana,147037,664
Dana,192724,40
Dana,187453,852
Dana,159674,982
Dana,111578,644
Dana,141099,253
Dana,169093,928
Dana,182208,668
Dana,192581,242
Dana,122095,621
Dana,149424,499
Dana,179885,872
Dana,165376,364
Dana,104368,297
Dana,176535,36
Dana,153221,460
Dana,156178,508
Dana,147659,455
Dana,152857,746
Dana,142464,62
Dana,179364,415
Dana,115618,947
Dana,177480,55
Dana,129012,316
Dana,194912,462
Dana,163752,731
Dana,111991,876
Dana,174649,100
Dana,103713,837
Dana,170790,890
Dana,151480,673
Dana,186501,387
Dana,189203,412
Dana,164399,712
Dana,186491,742
Dana,111725,536
Dana,143630,690
Dana,184042,93
Dana,161505,948
Dana,137315,892
Dana,156867,936
Dana,160411,768
Dana,102126,977
Dana,114641,784
Dana,129768,778
Dana,158068,771
Dana,145465,639
Dana,163068,288
Dana,142142,234
Dana,132820,704
Dana,114380,526
Dana,179401,701
Dana,163292,562
Dana,175065,862
Dana,151819,278
Dana,182402,456
Dana,173163,172
Dana,175631,573
Dana,191416,222
Dana,136050,248
Dana,141749,839
Dana,143583,265
Dana,138035,58
Dana,183880,887
Dana,136573,561
Dana,110732,184
Dana,121010,657
Dana,125014,988
Dana,198882,95
Dana,157432,708
Dana,140675,646
Dana,117939,726
Dana,157857,660
Dana,179152,435
Dana,136742,310
Dana,123913,117
Dana,117084,74
Dana,106595,837
Dana,135051,256
Dana,188688,506
Dana,189644,847
Dana,142147,194
Dana,111073,703
Dana,104600,907
Dana,179436,552
Dana,183460,844
Dana,167908,403
Dana,196489,928
Dana,121501,727
Dana,131486,907
Dana,146703,431
Dana,173879,452
Dana,189179,762
Dana,137804,73
Dana,169920,779
Dana,102616,830
Dana,155485,83
Dana,163017,586
Dana,136029,983
Dana,164126,899
Dana,120299,987
Dana,199124,555
Dana,133944,892
Dana,177951,507
Dana,122891,184
Dana,145771,721
Dana,133447,251
Dana,129197,945
Dana,155555,909
Dana,193227,748
Dana,124572,824
Dana,116742,506
Dana,144871,420
Dana,183172,805
Dana,196967,100
Dana,112558,727
Dana,176781,294
Dana,161243,881
Dana,132039,845
Dana,183496,67
Dana,198337,52
Dana,187352,219
Dana,106318,42
Dana,197061,863
Dana,133978,874
Dana,111181,422
Dana,142548,327
Dana,189467,655
Dana,173427,857
Dana,115796,586
Dana,113310,887
Dana,155203,160
Dana,119126,492
Dana,169774,598
Dana,139023,884
Dana,138505,874
Dana,152769,585
Dana,169739,231
Dana,160292,962
Dana,178948,694
Dana,158596,460
Dana,138187,244
Dana,110596,335
Dana,111653,915
Dana,104496,471
Dana,131487,645
Dana,196831,259
Dana,152636,709
Dana,145515,379
Dana,104451,933
Dana,140445,659
Dana,158133,555
Dana,131242,887
Dana,157167,799
Dana,132362,327
Dana,109278,60
Dana,195629,138
Dana,151324,116
Dana,100688,573
Dana,133322,12
Dana,190928,633
Dana,173073,62
Dana,111255,706
Dana,139453,417
Dana,100497,347
Dana,123990,161
Dana,162848,30
Dana,135435,313
Dana,195385,758
Dana,187550,923
Dana,122449,930
Dana,102349,466
Dana,197509,443
Dana,143427,556
Dana,175922,711
Dana,155979,282
Dana,193681,288
Dana,139215,139
Dana,169160,746
Dana,124204,707
Dana,189577,579
Dana,184387,689
Dana,176541,765
Dana,154747,717
Dana,130999,558
Dana,156109,294
Dana,187294,240
Dana,183932,317
Dana,107127,149
Dana,127937,918
Dana,161519,150
Dana,190683,464
Dana,141438,962
Dana,198404,920
Dana,172531,792
Dana,160352,953
Dana,108515,360
Dana,133531,777
Dana,198958,474
Dana,190921,675
Dana,103765,291
Dana,141347,126
Dana,196033,976
Dana,149717,594
Dana,134660,589
Dana,187354,674
Dana,102751,569
Dana,134081,704
Dana,120918,483
Dana,193610,126
Dana,197178,315
Dana,155632,168
Dana,183082,967
Dana,139423,149
Dana,175201,437
Dana,135583,498
Dana,111502,5
Dana,139230,288
Dana,188376,361
Dana,187117,987
Dana,124029,871
Dana,130327,96
Dana,128530,919
Dana,103386,605
Dana,107069,433
Dana,153846,501
Dana,107402,395
Dana,116593,359
Dana,127057,922
Dana,160278,337
Dana,189409,126
Dana,194947,474
Dana,148367,45
Dana,111080,81
Dana,180550,923
Dana,163623,426
Dana,139223,51
Dana,138937,773
Dana,198007,394
Dana,112330,500
Dana,153229,312
Dana,167425,823
Dana,148956,936
Dana,184871,579
Dana,166483,304
Dana,138404,972
Dana,158821,162
Dana,175102,476
Dana,155080,633
Dana,100435,163
Dana,112408,978
Dana,107241,186
Dana,170724,73
Dana,183202,512
Dana,133842,519
Dana,194069,779
Dana,136901,464
Dana,156471,372
Dana,110829,924
Dana,100720,498
Dana,192856,102
Dana,172536,336
Dana,193326,384
Dana,118801,93
Dana,125654,222
Dana,132552,477
Dana,161052,299
Dana,194654,179
Dana,105898,539
Dana,188590,25
Dana,166638,57
Dana,164493,751
Dana,169601,280
Dana,141003,195
Dana,169927,275
Dana,128041,440
Dana,176446,913
Dana,132965,129
Dana,189469,844
Dana,177389,266
Dana,199669,140
Dana,160135,326
Dana,122288,150
Dana,148727,953
Dana,198381,749
Dana,169199,812
Dana,115922,421
Dana,100460,331
Dana,174047,1000
Dana,194766,640
Dana,130243,818
Dana,187646,51
Dana,198311,915
Dana,135309,151
Dana,150193,271
Dana,114958,923
Dana,130898,497
Dana,197192,62
Dana,198884,453
Dana,189280,560
Dana,130505,252
Dana,142214,439
Dana,186217,169
Dana,198569,888
Dana,100984,215
Dana,109726,731
Dana,148203,380
Dana,179286,340
Dana,136671,756
Dana,121814,198
Dana,100462,833
Dana,174714,448
Dana,195364,862
Dana,190252,463
Dana,101365,199
Dana,118412,902
Dana,142861,621
Dana,127096,743
Dana,182931,1000
Dana,123377,807
Dana,159317,168
Dana,183626,601
Dana,194133,874
Dana,157882,808
Dana,162483,27
Dana,168337,861
Dana,120470,956
Dana,105107,876
Dana,162027,637
Dana,106270,889
Dana,145092,481
Dana,131665,469
Dana,116799,70
Dana,153755,931
Dana,170187,14
Dana,112164,538
Dana,195576,979
Dana,139059,373
Dana,136329,490
Dana,145613,649
Dana,168104,389
Dana,110072,660
Dana,192085,125
Dana,148561,855
Dana,108599,192
Dana,123295,879
Dana,166573,802
Dana,143354,401
Dana,113689,531
Dana,169950,361
Dana,126551,542
Dana,125266,776
Dana,151039,301
Dana,174734,357
Dana,165589,580
Dana,118803,824
Dana,187308,193
Dana,135578,461
Dana,186645,834
Dana,164059,8
Dana,153240,711
Dana,156997,833
Dana,194191,163
Dana,168601,270
Dana,176117,162
Dana,139246,48
Dana,181305,361
Dana,155857,205
Dana,131897,168
Dana,109453,955
Dana,142408,820
Dana,175979,181
Dana,105394,546
Dana,168912,523
Dana,146355,606
Dana,186880,947
Dana,169526,324
Dana,196773,417
Dana,198406,726
Dana,119103,188
Dana,131232,436
Dana,101665,414
Dana,177239,463
Dana,165231,819
Dana,172465,185
Dana,199225,991
Dana,164115,383
Dana,107182,257
Dana,193900,697
Dana,168792,23
Dana,134326,556
Dana,197472,74
Dana,143760,186
Dana,101993,794
Dana,123905,160
Dana,133517,410
Dana,186693,376
Dana,199647,946
Dana,121319,407
Dana,143314,875
Dana,151837,824
Dana,102167,314
Dana,112641,457
Dana,100398,952
Dana,176207,554
Dana,143871,33
Dana,176653,113
Dana,185393,58
Dana,178852,6
Dana,183042,586
Dana,113510,705
Dana,143781,394
Dana,170602,899
Dana,174259,607
Dana,193065,416
Dana,133352,684
Dana,199386,186
Dana,169606,361
Dana,134428,217
Dana,178486,295
Dana,159849,330
Dana,147760,833
Dana,186270,997
Dana,102232,812
Dana,105139,782
Dana,114518,760
Dana,182332,528
Dana,103662,802
Dana,119940,457
Dana,153861,105
Dana,125118,887
Dana,185342,55
Dana,189725,159
Dana,137221,515
Dana,110112,296
Dana,148392,784
Dana,107631,544
Dana,161837,336
Dana,198370,443
Dana,103683,489
Dana,103145,242
Dana,138759,407
Dana,108989,364
Dana,149036,470
Dana,148188,688
Dana,153928,1000
Dana,104583,965
Dana,106705,227
Dana,106990,239
Dana,181155,448
Dana,110772,115
Dana,136365,971
Dana,148458,862
Dana,134002,622
Dana,163835,641
Dana,156752,692
Dana,177811,371
Dana,117504,490
Dana,144685,126
Dana,129334,844
Dana,186680,645
Dana,161664,958
Dana,164859,152
Dana,131749,248
Dana,159105,31
Dana,121516,654
Dana,156115,383
Dana,177702,179
Dana,151017,727
Dana,142935,884
Dana,185358,299
Dana,150306,12
Dana,163074,48
Dana,175193,444
Dana,117065,188
Dana,159467,388
Dana,165315,945
Dana,126713,884
Dana,180034,520
Dana,188362,469
Dana,109649,887
Dana,175710,666
Dana,162679,177
Dana,127788,483
Dana,114769,882
Dana,135034,152
Dana,134746,40
Dana,158743,261
Dana,126689,744
Dana,152996,148
Dana,160396,383
Dana,133162,447
Dana,155327,123
Dana,152588,974
Dana,144931,188
Dana,140957,88
Dana,184322,282
Dana,102401,776
Dana,106804,637
Dana,138636,207
Dana,100590,841
Dana,184213,233
Dana,113217,849
Dana,130216,92
Dana,129992,397
Dana,122085,417
Dana,135149,855
Dana,133041,888
Dana,113765,440
Dana,110712,289
Dana,121055,578
Dana,113800,507
Dana,146224,175
Dana,109687,964
Dana,131480,678
Dana,127505,128
Dana,115480,25
Dana,153284,750
Dana,182560,184
Dana,110045,211
Dana,162477,755
Dana,121083,925
Dana,111862,50
Dana,161801,566
Dana,178038,355
Dana,153344,795
Dana,165385,790
Dana,105001,910
Dana,168895,889
Dana,138963,572
Dana,111276,241
Dana,144755,807
Dana,199877,598
Dana,133633,240
Dana,185434,908
Dana,118909,732
Dana,110210,182
Dana,182785,749
Dana,162728,982
Dana,126415,903
Dana,179150,341
Dana,113935,925
Dana,101786,436
Dana,166054,760
Dana,119196,990
Dana,128924,250
Dana,177072,687
Dana,177622,876
Dana,133885,928
Dana,139952,890
Dana,151173,60
Dana,133374,219
Dana,112624,900
Dana,147941,126
Dana,169647,470
Dana,190903,512
Dana,168047,63
Dana,177490,330
Dana,140241,40
Dana,195847,795
Dana,166134,412
Dana,104259,19
Dana,189864,224
Dana,137924,6
Dana,187894,584
Dana,195759,548
Dana,127182,707
Dana,196318,812
Dana,117061,17
Dana,143400,98
Dana,107733,903
Dana,183419,880
Dana,117793,236
Dana,102540,572
Dana,171178,496
Dana,137738,745
Dana,174236,522
Dana,155794,58
Dana,180368,130
Dana,177734,270
Dana,134051,614
Dana,162511,800
Dana,164931,130
Dana,110144,626
Dana,113746,66
Dana,127414,635
Dana,132276,73
Dana,103412,674
Dana,127955,73
Dana,160213,509
Dana,152856,619
Dana,192177,94
Dana,126234,396
Dana,147710,763
Dana,121547,310
Dana,114594,754
Dana,100050,890
Dana,157062,901
Dana,109668,536
Dana,173001,953
Dana,176578,672
Dana,193071,792
Dana,157431,360
Dana,149877,142
Dana,199194,920
Dana,159053,962
Dana,198356,913
Dana,185569,317
Dana,187782,88
Dana,133294,424
Dana,105872,421
Dana,175820,522
Dana,151367,111
Dana,183877,724
Dana,144258,462
Dana,160660,181
Dana,182692,600
Dana,173414,7
Dana,101155,205
Dana,194094,217
Dana,149895,471
Dana,144316,213
Dana,157573,429
Dana,193178,939
Dana,148597,704
Dana,146305,695
Dana,193009,107
Dana,170677,980
Dana,131162,904
Dana,144665,449
Dana,126714,498
Dana,190334,385
Dana,178433,169
Dana,102659,327
Dana,118042,133
Dana,144545,497
Dana,133791,457
Dana,104364,630
Dana,120010,469
Dana,109963,879
Dana,159384,320
Dana,174675,770
Dana,129121,84
Dana,106654,483
Dana,142418,506
Dana,130005,711
Dana,109934,833
Dana,171236,631
Dana,174102,88
Dana,190946,671
Dana,142357,690
Dana,145777,311
Dana,188170,384
Dana,187628,206
Dana,187679,234
Dana,197789,273
Dana,120329,308
Dana,109813,897
Dana,109560,801
Dana,178839,934
Dana,153605,95
Dana,113653,797
Dana,116467,671
Dana,120232,723
Dana,106724,453
Dana,135518,352
Dana,156574,837
Dana,132828,31
Dana,139792,169
Dana,188279,251
Dana,135696,266
Dana,158853,133
Dana,104983,899
Dana,152656,317
Dana,139621,889
Dana,162881,427
Dana,105999,227
Dana,174553,352
Dana,102637,158
Dana,150080,651
Dana,151459,192
Dana,178276,402
Dana,187362,821
Dana,141045,575
Dana,100649,656
Dana,195872,387
Dana,199471,796
Dana,172022,690
Dana,128901,306
Dana,169743,803
Dana,104278,243
Dana,163607,612
Dana,195986,54
Dana,159152,521
Dana,178678,325
Dana,119252,229
Dana,142709,945
Dana,100421,917
Dana,179168,650
Dana,125766,315
Dana,154798,921
Dana,148524,300
Dana,180879,389
Dana,178431,268
Dana,192630,291
Dana,145795,94
Dana,111610,606
Dana,133347,590
Dana,157781,198
Dana,113197,101
Dana,140164,174
Dana,101073,199
Dana,187457,679
Dana,141807,911
Dana,164560,125
Dana,157545,199
Dana,101355,911
Dana,147738,73
Dana,155110,123
Dana,104322,682
Dana,169868,589
Dana,179413,350
Dana,128220,210
Dana,160504,455
Dana,111023,754
Dana,169475,944
Dana,148054,779
Dana,189447,178
Dana,100684,441
Dana,194210,296
Dana,122342,642
Dana,145474,140
Dana,108088,509
Dana,108090,43
Dana,110004,800
Dana,149743,771
Dana,121421,774
Dana,100037,75
Dana,172341,114
Dana,175427,808
Dana,116148,228
Dana,144784,439
Dana,111860,46
Dana,177094,936
Dana,117654,859
Dana,184155,695
Dana,167520,364
Dana,193941,184
Dana,193881,668
Dana,170459,599
Dana,156396,652
Dana,163362,161
Dana,123760,287
Dana,134642,520
Dana,143841,671
Dana,124553,924
Dana,171186,798
Dana,144983,185
Dana,163580,170
Dana,137242,561
Dana,162053,971
Dana,176703,165
Dana,163254,195
Dana,170065,709
Dana,181877,631
Dana,184005,427
Dana,186005,121
Dana,111754,664
Dana,199034,396
Dana,187695,325
Dana,109615,774
Dana,177502,428
Dana,184282,811
Dana,144043,870
Dana,156386,492
Dana,162708,763
Dana,119395,834
Dana,164781,570
Dana,111911,776
Dana,147749,763
Dana,146340,26
Dana,147517,342
Dana,199000,167
Dana,117886,137
Dana,161739,457
Dana,161733,877
Dana,143073,905
Dana,155888,463
Dana,191711,634
Dana,162296,835
Dana,199098,488
Dana,141263,648
Dana,119513,115
Dana,129158,344
Dana,117548,38
Dana,159342,139
Dana,131759,414
Dana,142940,635
Dana,185061,11
Dana,142082,78
Dana,116720,846
Dana,121249,147
Dana,127880,953
Dana,127910,491
Dana,153532,678
Dana,128885,33
Dana,118328,986
Dana,108134,282
Dana,175351,409
Dana,110449,208
Dana,120156,652
Dana,106824,189
Dana,119204,470
Dana,124227,945
Dana,157699,610
Dana,172298,546
Dana,168888,336
Dana,159548,677
Dana,171087,924
Dana,103758,304
Dana,103579,964
Dana,198419,324
Dana,152677,180
Dana,161248,168
Dana,102343,762
Dana,151321,93
Dana,196290,316
Dana,189870,441
Dana,139897,443
Dana,163566,19
Dana,174510,546
Dana,107712,410
Dana,133757,754
Dana,185601,319
Dana,174508,184
Dana,142919,573
Dana,108761,493
Dana,188617,14
Dana,177871,646
Dana,138818,831
Dana,131418,109
Dana,187722,475
Dana,105991,344
Dana,194040,175
Dana,112458,780
Dana,176586,509
Dana,157054,572
Dana,165119,354
Dana,179579,655
Dana,155031,422
Dana,124724,636
Dana,170882,372
Dana,185501,839
Dana,100257,68
Dana,196869,543
Dana,100705,611
Dana,171561,324
Dana,145280,703
Dana,133776,413
Dana,153052,39
Dana,163631,149
Dana,166137,904
Dana,141898,157
Dana,190268,817
Dana,186560,252
Dana,168858,467
Dana,154617,74
Dana,110728,885
Dana,176503,641
Dana,149472,470
Dana,101154,587
Dana,138661,290
Dana,119185,809
Dana,174239,30
Dana,142353,155
Dana,103656,400
Dana,161374,314
Dana,180757,188
Dana,135016,135
Dana,179834,246
Dana,152078,260
Dana,160873,423
Dana,189477,617
Dana,167434,4
Dana,174429,417
Dana,108953,871
Dana,118943,344
Dana,188206,834
Dana,133254,24
Dana,105899,112
Dana,129953,289
Dana,166633,185
Dana,148852,217
Dana,144519,667
Dana,135290,63
Dana,189633,844
Dana,140068,482
Dana,132942,323
Dana,170871,243
Dana,164925,463
Dana,138976,126
Dana,185639,155
Dana,133265,482
Dana,103522,607
Dana,182393,62
Dana,103138,794
Dana,139432,204
Dana,129843,244
Dana,197774,517
Dana,122581,583
Dana,157069,274
Dana,133528,396
Dana,159591,312
Dana,198599,294
Dana,134469,899
Dana,149301,871
Dana,125785,512
Dana,183018,908
Dana,124910,532
Dana,184922,476
Dana,123566,489
Dana,164254,905
Dana,141088,255
Dana,163169,972
Dana,149920,796
Dana,144998,963
Dana,199651,362
Dana,132050,752
Dana,199922,142
Dana,192846,28
Dana,155089,638
Dana,106858,835
Dana,158206,787
Dana,156255,164
Dana,106741,327
Dana,155219,553
Dana,105240,127
Dana,152421,311
Dana,114582,239
Dana,143642,817
Dana,149421,957
Dana,110778,555
Dana,195895,18
Dana,191420,908
Dana,164330,450
Dana,165189,977
Dana,178860,894
Dana,119744,62
Dana,160863,502
Dana,145997,148
Dana,152663,737
Dana,106292,112
Dana,115311,21
Dana,131200,983
Dana,105223,500
Dana,142041,611
Dana,175578,937
Dana,133905,644
Dana,125279,543
Dana,128214,906
Dana,179382,969
Dana,137486,468
Dana,158795,146
Dana,133844,784
Dana,101230,444
Dana,105106,376
Dana,129614,210
Dana,125366,196
Dana,131617,46
Dana,155083,907
Dana,158070,157
Dana,106353,617
Dana,151205,433
Dana,174559,629
Dana,145057,684
Dana,129279,698
Dana,124412,868
Dana,126251,898
Dana,194952,485
Dana,160489,519
Dana,133934,291
Dana,122160,223
Dana,197670,689
Dana,166544,156
Dana,111883,822
Dana,162779,73
Dana,127252,767
Dana,165012,221
Dana,173573,726
Dana,169369,735
Dana,189111,610
Dana,106873,409
Dana,102952,415
Dana,103545,170
Dana,118875,396
Dana,154078,584
Dana,197936,373
Dana,126550,761
Dana,190578,827
Dana,192049,430
Dana,156603,674
Dana,189950,130
Dana,109178,670
Dana,196536,73
Dana,118660,27
Dana,168491,309
Dana,185983,434
Dana,106449,786
Dana,197816,938
Dana,155375,312
Dana,182447,771
Dana,171356,214
Dana,114179,790
Dana,164118,239
Dana,146496,885
Dana,152529,553
Dana,194412,611
Dana,164733,762
Dana,194411,111
Dana,140717,643
Dana,185119,939
Dana,105953,643
Dana,116982,51
Dana,137628,971
Dana,173324,13
Dana,179289,732
Dana,163642,587
Dana,120509,915
Dana,157483,946
Dana,163357,75
Dana,194923,242
Dana,149310,33
Dana,174171,524
Dana,177947,278
Dana,145763,654
Dana,108475,552
Dana,130813,343
Dana,104165,920
Dana,167807,878
Dana,154827,48
Dana,169445,327
Dana,166146,864
Dana,105293,501
Dana,111856,527
Dana,186759,500
Dana,140382,932
Dana,153505,266
Dana,103249,859
Dana,132259,239
Dana,145785,445
Dana,131624,893
Dana,113521,764
Dana,194253,843
Dana,127796,31
Dana,123189,229
Dana,127798,587
Dana,190413,402
Dana,182857,569
Dana,194821,454
Dana,116473,755
Dana,113183,957
Dana,181687,418
Dana,178801,756
Dana,104331,514
Dana,177505,72
Dana,180640,406
Dana,190627,443
Dana,195875,982
Dana,175826,275
Dana,154234,956
Dana,161734,230
Dana,167663,358
Dana,146307,499
Dana,193247,563
Dana,134744,873
Dana,153213,357
Dana,183953,259
Dana,159998,410
Dana,189426,131
Dana,124794,180
Dana,132964,987
Dana,163398,181
Dana,137835,60
Dana,120940,1000
Dana,124520,879
Dana,128696,156
Dana,169821,574
Dana,195564,308
Dana,170425,180
Dana,105891,593
Dana,100814,699
Dana,197920,859
Dana,177516,623
Dana,118095,91
Dana,193192,655
Dana,107493,998
Dana,133536,193
Dana,109776,640
Dana,135156,841
Dana,191035,861
Dana,153921,934
Dana,187575,54
Dana,181243,456
Dana,187759,63
Dana,192940,360
Dana,184084,275
Dana,106148,757
Dana,154931,324
Dana,121000,91
Dana,128302,349
Dana,192342,305
Dana,180844,326
Dana,103893,294
Dana,188479,291
Dana,190265,382
Dana,197837,246
Dana,177954,212
Dana,116224,174
Dana,145623,806
Dana,104340,643
Dana,124162,237
Dana,116396,656
Dana,198618,30
Dana,172779,63
Dana,143213,779
Dana,138095,767
Dana,194417,859
Dana,158076,361
Dana,156715,673
Dana,192073,531
Dana,118243,563
Dana,100725,408
Dana,182950,303
Dana,162258,177
Dana,136439,913
Dana,147882,745
Dana,155712,568
Dana,118394,694
Dana,123368,446
Dana,180672,749
Dana,142598,277
Dana,169614,946
Dana,140107,44
Dana,164517,394
Dana,152156,885
Dana,175526,129
Dana,122776,604
Dana,165929,944
Dana,149887,255
Dana,149626,720
Dana,167838,712
Dana,144385,692
Dana,195390,209
Dana,137310,888
Dana,170218,113
Dana,149429,849
Dana,170911,43
Dana,163402,515
Dana,192365,254
Dana,115153,693
Dana,118257,899
Dana,188815,616
Dana,124945,801
Dana,123316,209
Dana,159559,201
Dana,114977,760
Dana,129461,825
Dana,177565,13
Dana,149509,702
Dana,188629,586
Dana,169757,666
Dana,114009,561
Dana,115814,872
Dana,104915,207
Dana,165760,747
Dana,106661,876
Dana,116036,56
Dana,111203,804
Dana,113222,401
Dana,170970,934
Dana,110431,197
Dana,157014,138
Dana,144121,743
Dana,199018,953
Dana,174325,909
Dana,106991,498
Dana,102308,84
Dana,112031,273
Dana,108237,337
Dana,140699,670
Dana,175757,288
Dana,179876,645
Dana,193931,251
Dana,142929,828
Dana,132232,546
Dana,181510,742
Dana,164176,589
Dana,136954,950
Dana,184936,332
Dana,157691,705
Dana,146978,846
Dana,106196,653
Dana,139113,819
Dana,137668,913
Dana,151660,245
Dana,157795,842
Dana,147847,779
Dana,184196,722
Dana,116122,399
Dana,170877,377
Dana,107132,698
Dana,100945,602
Dana,182700,883
Dana,132823,410
Dana,197510,956
Dana,162873,727
Dana,103474,213
Dana,159888,581
Dana,169186,274
Dana,196471,476
Dana,160152,978
Dana,190686,23
Dana,165095,727
Dana,176783,462
Dana,180802,767
Dana,122209,470
Dana,142081,915
Dana,157870,828
Dana,196541,101
Dana,129430,692
Dana,100899,516
Dana,134585,121
Dana,168779,940
Dana,190527,123
Dana,155187,843
Dana,169911,639
Dana,199551,287
Dana,164293,93
Dana,148473,869
Dana,120955,56
Dana,157698,167
Dana,168447,438
Dana,195947,25
Dana,123684,588
Dana,113951,0
Dana,172415,513
Dana,126832,765
Dana,166477,425
Dana,150649,77
Dana,142127,502
Dana,149710,843
Dana,192191,92
Dana,181072,289
Dana,139922,763
Dana,109710,188
Dana,107301,73
Dana,165503,141
Dana,119359,291
Dana,126621,775
Dana,177791,833
Dana,126570,827
Dana,174033,727
Dana,103808,495
Dana,165078,947
Dana,100473,729
Dana,148937,256
Dana,119795,660
Dana,194030,372
Dana,157281,791
Dana,133205,109
Dana,142928,152
Dana,140935,617
Dana,149882,280
Dana,172670,228
Dana,172321,907
Dana,151282,495
Dana,161134,387
Dana,156112,839
Dana,133100,254
Dana,196369,318
Dana,165401,935
Dana,161383,174
Dana,167130,204
Dana,140467,193
Dana,121504,781
Dana,193566,456
Dana,115672,869
Dana,133019,365
Dana,161614,568
Dana,121951,159
Dana,148853,763
Dana,109592,447
Dana,131380,96
Dana,197872,292
Dana,108223,723
Dana,134050,736
Dana,110000,73
Dana,157993,352
Dana,118209,565
Dana,164994,915
Dana,153571,923
Dana,147056,749
Dana,159975,334
Dana,169006,348
Dana,118399,770
Dana,116476,575
Dana,152682,364
Dana,191296,508
Dana,112729,564
Dana,140349,453
Dana,114220,811
Dana,179249,265
Dana,112248,927
Dana,112246,548
Dana,194163,310
Dana,105410,163
Dana,116828,293
Dana,153364,589
Dana,137988,351
Dana,161477,406
Dana,125283,782
Dana,184624,103
Dana,121478,201
Dana,118220,372
Dana,122996,282
Dana,181480,113
Dana,114719,637
Dana,164968,877
Dana,112819,94
Dana,132113,849
Dana,106808,606
Dana,124395,760
Dana,103988,5
Dana,183347,225
Dana,152224,92
Dana,142179,33
Dana,161729,625
Dana,174601,548
Dana,132706,319
Dana,149231,668
Dana,188398,270
Dana,163951,616
Dana,101428,486
Dana,194635,704
Dana,163662,976
Dana,155330,192
Dana,193665,948
Dana,191053,408
Dana,135387,888
Dana,159940,524
Dana,126694,534
Dana,172289,644
Dana,168060,742
Dana,120287,866
Dana,110822,877
Dana,191893,673
Dana,115242,371
Dana,113715,793
Dana,108119,78
Dana,186168,150
Dana,160644,835
Dana,155649,285
Dana,108779,710
Dana,139939,450
Dana,182347,320
Dana,108322,321
Dana,106900,508
Dana,122404,739
Dana,177384,419
Dana,196781,332
Dana,116215,696
Dana,108494,214
Dana,183910,710
Dana,180971,657
Dana,176184,346
Dana,180694,116
Dana,192894,685
Dana,168048,21
Dana,194435,574
Dana,121063,86
Dana,161623,737
Dana,183291,353
Dana,172181,950
Dana,155611,985
Dana,181933,731
Dana,104679,523
Dana,141656,25
Dana,118517,818
Dana,137791,539
Dana,120065,671
Dana,158099,66
Dana,199180,734
Dana,172746,605
Dana,116687,780
Dana,168092,100
Dana,127304,712
Dana,102719,267
Dana,124374,658
Dana,142008,323
Dana,159397,159
Dana,168668,718
Dana,153170,521
Dana,107322,491
Dana,111561,304
Dana,171622,151
Dana,142236,800
Dana,109048,283
Dana,154552,469
Dana,174613,524
Dana,196434,947
Dana,109017,475
Dana,122301,942
Dana,135539,148
Dana,154229,176
Dana,158153,391
Dana,185217,673
Dana,155594,111
Dana,109019,374
Dana,138843,792
Dana,180244,616
Dana,164183,581
Dana,125383,646
Dana,133990,886
Dana,121383,74
Dana,172691,580
Dana,118940,470
Dana,147145,850
Dana,116203,286
Dana,145476,980
Dana,122190,129
Dana,108935,628
Dana,191570,491
Dana,170662,822
Dana,130931,828
Dana,104032,333
Dana,137282,717
Dana,155189,432
Dana,121868,437
Dana,119800,924
Dana,160800,409
Dana,197743,624
Dana,152075,694
Dana,154918,606
Dana,193392,207
Dana,149652,817
Dana,105743,233
Dana,184385,539
Dana,181646,74
Dana,187936,235
Dana,117874,827
Dana,144924,20
Dana,197105,320
Dana,109288,221
Dana,163424,412
Dana,173842,271
Dana,166041,229
Dana,192722,27
Dana,127159,985
Dana,150901,141
Dana,113411,396
Dana,158222,292
Dana,183949,963
Dana,176076,355
Dana,143412,83
Dana,186250,928
Dana,119260,815
Dana,147395,361
Dana,185725,35
Dana,114934,641
Dana,160391,482
Dana,104799,920
Dana,127739,43
Dana,132855,561
Dana,143994,706
Dana,156059,461
Dana,158724,843
Dana,137331,270
Dana,121506,23
Dana,127339,988
Dana,150891,123
Dana,193273,865
Dana,185941,338
Dana,130324,985
Dana,171018,104
Dana,131366,300
Dana,190938,251
Dana,139972,523
Dana,109937,327
Dana,155361,406
Dana,120451,137
Dana,137836,635
Dana,177495,152
Dana,106244,555
Dana,152604,897
Dana,107572,68
Dana,161740,549
Dana,174180,799
Dana,178614,288
Dana,184537,597
Dana,192643,710
Dana,143414,418
Dana,185567,288
Dana,195074,968
Dana,132461,855
Dana,176236,364
Dana,143505,133
Dana,177212,464
Dana,160124,929
Dana,198634,658
Dana,141378,692
Dana,161364,669
Dana,140387,265
Dana,156126,787
Dana,183462,650
Dana,116846,422
Dana,160451,518
Dana,178015,163
Dana,125764,813
Dana,120401,71
Dana,120249,852
Dana,142076,588
Dana,127498,839
Dana,179363,469
Dana,175970,695
Dana,186263,527
Dana,148210,884
Dana,121783,314
Dana,129628,496
Dana,186650,816
Dana,155947,647
Dana,165712,57
Dana,134217,87
Dana,136277,29
Dana,145964,885
Dana,193590,605
Dana,133940,413
Dana,176479,331
Dana,159554,190
Dana,162743,317
Dana,190466,576
Dana,168303,426
Dana,156699,432
Dana,160870,978
Dana,196049,529
Dana,129945,396
Dana,167315,432
Dana,128442,525
Dana,184751,550
Dana,132380,355
Dana,157297,392
Dana,134859,16
Dana,102857,307
Dana,196816,908
Dana,184963,475
Dana,157302,850
Dana,131958,521
Dana,122399,504
Dana,148170,109
Dana,108492,164
Dana,120467,645
Dana,161260,522
Dana,161166,810
Dana,106634,213
Dana,120424,124
Dana,163561,210
Dana,165675,992
Dana,175574,342
Dana,196182,563
Dana,168030,845
Dana,107470,818
Dana,193035,993
Dana,177895,771
Dana,113362,425
Dana,173916,882
Dana,183108,922
Dana,176648,700
Dana,158202,206
Dana,138558,423
Dana,142509,110
Dana,149901,172
Dana,189195,533
Dana,153787,440
Dana,115150,787
Dana,105324,46
Dana,184207,272
Dana,134669,392
Dana,118891,508
Dana,103380,383
Dana,124423,471
Dana,188790,664
Dana,141550,803
Dana,181898,754
Dana,134712,906
Dana,129826,682
Dana,177745,753
Dana,153600,43
Dana,113594,484
Dana,129849,932
Dana,177392,315
Dana,187957,756
Dana,170776,332
Dana,115917,836
Dana,126500,155
Dana,154351,882
Dana,180563,833
Dana,112376,409
Dana,177036,293
Dana,129303,846
Dana,141645,345
Dana,126745,421
Dana,193914,657
Dana,175552,745
Dana,148167,937
Dana,123190,933
Dana,107490,983
Dana,168493,625
Dana,175055,306
Dana,103525,68
Dana,151005,195
Dana,151788,671
Dana,105011,315
Dana,155197,146
Dana,173542,838
Dana,169341,442
Dana,180331,888
Dana,159560,279
Dana,133803,32
Dana,163895,764
Dana,174680,239
Dana,140252,191
Dana,162244,404
Dana,188179,572
Dana,128320,393
Dana,134870,276
Dana,194951,787
Dana,154684,216
Dana,173190,502
Dana,141423,591
Dana,123248,294
Dana,144156,330
Dana,197348,766
Dana,130259,657
Dana,160865,93
Dana,170532,348
Dana,162811,93
Dana,147842,379
Dana,147703,816
Dana,108984,820
Dana,190772,689
Dana,109449,583
Dana,117539,365
Dana,172693,201
Dana,122918,40
Dana,173595,532
Dana,187993,500
Dana,187183,721
Dana,130644,815
Dana,124635,277
Dana,116942,75
Dana,132138,776
Dana,168576,424
Dana,143271,330
Dana,198437,123
Dana,137767,33
Dana,114403,102
Dana,182894,628
Dana,136568,159
Dana,194447,417
Dana,130226,954
Dana,169698,614
Dana,179633,434
Dana,177853,706
Dana,176887,823
Dana,138222,191
Dana,132626,437
Dana,112402,998
Dana,120208,57
Dana,113030,265
Dana,157949,955
Dana,160937,24
Dana,188166,84
Dana,103107,844
Dana,152589,863
Dana,188478,706
Dana,110388,306
Dana,143351,851
Dana,166772,16
Dana,131903,580
Dana,100057,98
Dana,150140,720
Dana,198450,264
Dana,125548,892
Dana,189705,374
Dana,110605,735
Dana,165036,252
Dana,148687,454
Dana,190794,736
Dana,188928,491
Dana,158021,842
Dana,125354,616
Dana,106655,925
Dana,116738,974
Dana,179452,116
Dana,171145,584
Dana,108340,601
Dana,155711,844
Dana,163040,317
Dana,103086,780
Dana,180828,7
Dana,128752,499
Dana,192684,510
Dana,128807,295
Dana,149447,350
Dana,148240,875
Dana,179410,888
Dana,150398,8
Dana,162554,503
Dana,149813,587
Dana,148399,679
Dana,176631,391
Dana,154811,743
Dana,176223,987
Dana,172371,579
Dana,143784,919
Dana,151468,81
Dana,187998,208
Dana,100777,208
Dana,144239,572
Dana,123284,293
Dana,198564,128
Dana,154197,352
Dana,101636,565
Dana,122108,876
Dana,159502,952
Dana,146378,857
Dana,123689,942
Dana,185593,856
Dana,189792,679
Dana,134296,966
Dana,191466,682
Dana,186888,157
Dana,125021,394
Dana,136657,195
Dana,171445,549
Dana,108434,829
Dana,139692,403
Dana,164926,999
Dana,136743,403
Dana,108813,1000
Dana,124769,463
Dana,183002,667
Dana,160228,502
Dana,117981,707
Dana,118768,871
Dana,155085,86
Dana,169098,959
Dana,184645,340
Dana,111078,745
Dana,126007,649
Dana,174140,697
Dana,135453,885
Dana,136774,775
Dana,131330,945
Dana,108184,129
Dana,175141,333
Dana,116495,353
Dana,132157,142
Dana,169885,400
Dana,184109,307
Dana,135644,514
Dana,199360,695
Dana,120792,476
Dana,106929,700
Dana,123007,780
Dana,154934,304
Dana,109480,569
Dana,103282,988
Dana,147925,84
Dana,124667,712
Dana,128857,756
Dana,132220,609
Dana,114458,931
Dana,138887,630
Dana,163134,616
Dana,170771,765
Dana,150646,954
Dana,180345,951
Dana,142345,75
Dana,147474,842
Dana,139103,822
Dana,131605,661
Dana,189254,847
Dana,183047,967
Dana,104479,67
Dana,187392,385
Dana,135960,491
Dana,162678,96
Dana,114727,74
Dana,183023,181
Dana,156549,420
Dana,184790,76
Dana,120212,663
Dana,101269,961
Dana,155807,321
Dana,182766,739
Dana,199747,787
Dana,113523,449
Dana,154955,115
Dana,111381,39
Dana,106135,392
Dana,118802,985
Dana,120101,676
Dana,184812,723
Dana,106054,218
Dana,147246,75
Dana,115135,507
Dana,132423,898
Dana,178265,716
Dana,149002,28
Dana,120632,608
Dana,149457,973
Dana,101029,240
Dana,165319,120
Dana,183750,919
Dana,100749,692
Dana,158568,675
Dana,127263,353
Dana,165632,538
Dana,123185,636
Dana,169014,435
Dana,182385,961
Dana,121489,793
Dana,126725,480
Dana,187132,866
Dana,145463,104
Dana,123932,952
Dana,126413,82
Dana,139973,283
Dana,125991,563
Dana,191578,910
Dana,142797,28
Dana,184630,478
Dana,141253,571
Dana,119671,704
Dana,116865,936
Dana,118944,497
Dana,182919,62
Dana,170106,406
Dana,136907,67
Dana,148991,897
Dana,174210,190
Dana,139530,975
Dana,123822,780
Dana,113143,879
Dana,155701,151
Dana,120405,558
Dana,123414,954
Dana,170646,337
Dana,172459,126
Dana,113822,298
Dana,123098,442
Dana,112202,180
Dana,197316,760
Dana,141384,942
Dana,148965,512
Dana,121032,60
Dana,103465,914
Dana,145472,803
Dana,174302,271
Dana,136377,910
Dana,147803,258
Dana,129613,548
Dana,168844,948
Dana,168027,499
Dana,147204,538
Dana,130023,528
Dana,188748,744
Dana,197541,287
Dana,135778,225
Dana,181053,904
Dana,140071,790
Dana,177800,438
Dana,160286,216
Dana,135910,54
Dana,186380,442
Dana,148730,85
Dana,197293,812
Dana,180124,65
Dana,162470,46
Dana,174053,20
Dana,197820,473
Dana,194525,353
Dana,109540,276
Dana,185789,860
Dana,129373,881
Dana,166223,611
Dana,188019,768
Dana,167037,748
Dana,118854,908
Dana,158617,976
Dana,126635,328
Dana,130845,931
Dana,148758,220
Dana,171527,405
Dana,110157,828
Dana,106578,84
Dana,133675,267
Dana,148490,406
Dana,144378,261
Dana,120041,944
Dana,198606,345
Dana,197216,810
Dana,112753,895
Dana,166260,771
Dana,132106,635
Dana,119507,643
Dana,177189,314
Dana,134501,924
Dana,120614,778
Dana,179957,897
Dana,171025,45
Dana,172111,100
Dana,153508,349
Dana,122577,247
Dana,152974,458
Dana,166033,76
Dana,199263,717
Dana,194710,399
Dana,188202,374
Dana,184384,336
Dana,139187,224
Dana,159286,264
Dana,106914,362
Dana,118655,761
Dana,169420,273
Dana,143211,396
Dana,109305,919
Dana,102324,681
Dana,186675,83
Dana,104197,706
Dana,128858,130
Dana,105725,95
Dana,129166,921
Damian,151087,87
Damian,136415,241
Damian,116278,983
Damian,184571,340
Damian,145925,914
Damian,170978,75
Damian,129247,689
Damian,190192,232
Damian,180398,241
Damian,122704,213
Damian,164286,71
Damian,138936,142
Damian,180143,239
Damian,112229,139
Damian,179908,97
Damian,185542,677
Damian,121056,533
Damian,138329,821
Damian,141082,595
Damian,122128,137
Damian,127128,1000
Damian,111619,965
Damian,149438,112
Damian,124566,425
Damian,119546,658
Damian,186728,988
Damian,167325,805
Damian,178442,332
Damian,150834,544
Damian,166614,644
Damian,121942,343
Damian,109015,673
Damian,132415,664
Damian,141122,636
Damian,100449,581
Damian,197156,23
Damian,180470,119
Damian,102149,647
Damian,131512,43
Damian,186845,810
Damian,150345,261
Damian,197666,486
Damian,110959,15
Damian,107796,360
Damian,133084,140
Damian,100861,119
Damian,198298,254
Damian,127104,541
Damian,178881,161
Damian,141944,415
Damian,149123,834
Damian,173843,626
Damian,177401,978
Damian,176628,200
Damian,103890,891
Damian,101763,246
Damian,195209,662
Damian,113408,691
Damian,103670,634
Damian,141961,555
Damian,154717,283
Damian,141373,988
Damian,195649,501
Damian,134270,38
Damian,181906,12
Damian,195727,680
Damian,154192,93
Damian,198198,109
Damian,101387,374
Damian,142744,525
Damian,159153,611
Damian,127334,468
Damian,107258,101
Damian,112667,248
Damian,148491,726
Damian,191759,309
Damian,168253,211
Damian,150504,856
Damian,144701,751
Damian,186862,516
Damian,110285,604
Damian,157216,786
Damian,115511,437
Damian,148317,230
Damian,121856,47
Damian,185992,569
Damian,188881,80
Damian,198856,570
Damian,122788,87
Damian,108371,200
Damian,198933,964
Damian,111240,551
Damian,167583,921
Damian,195717,616
Damian,135999,85
Damian,179594,810
Damian,102795,227
Damian,116342,861
Damian,199242,834
Damian,179164,758
Damian,122784,902
Damian,184635,486
Damian,187213,980
Damian,162073,769
Damian,126744,148
Damian,195239,411
Damian,186569,0
Damian,159970,727
Damian,176291,827
Damian,106691,872
Damian,106921,330
Damian,117369,205
Damian,135675,517
Damian,181351,624
Damian,137470,89
Damian,172699,368
Damian,171955,828
Damian,161840,542
Damian,150123,988
Damian,129364,804
Damian,165886,294
Damian,109165,65
Damian,180385,161
Damian,155248,986
Damian,150224,193
Damian,139249,159
Damian,104243,65
Damian,154103,7
Damian,142698,630
Damian,109652,648
Damian,181985,300
Damian,152440,966
Damian,185055,641
Damian,179816,907
Damian,112870,769
Damian,187878,9
Damian,107550,104
Damian,184769,525
Damian,150832,306
Damian,199577,432
Damian,118627,540
Damian,187273,582
Damian,194578,489
Damian,181938,590
Damian,153439,499
Damian,154851,370
Damian,156708,315
Damian,184654,2
Damian,146032,148
Damian,143287,357
Damian,196381,12
Damian,190584,159
Damian,144047,9
Damian,148386,506
Damian,160943,870
Damian,172944,416
Damian,144061,866
Damian,125039,632
Damian,148228,332
Damian,135890,944
Damian,126737,599
Damian,147513,743
Damian,156414,316
Damian,184783,927
Damian,120758,249
Damian,112728,307
Damian,153401,71
Damian,180651,336
Damian,144514,750
Damian,191890,315
Damian,197019,39
Damian,104030,594
Damian,100091,916
Damian,133756,29
Damian,122065,710
Damian,116251,694
Damian,163070,302
Damian,166095,867
Damian,115082,362
Damian,171835,539
Damian,137503,770
Damian,162726,157
Damian,138768,968
Damian,122206,631
Damian,151375,100
Damian,175960,882
Damian,178000,692
Damian,181208,938
Damian,156819,212
Damian,186837,248
Damian,165172,327
Damian,137346,291
Damian,122690,289
Damian,177789,599
Damian,163022,998
Damian,195630,186
Damian,183264,684
Damian,171473,454
Damian,180339,837
Damian,143575,394
Damian,157273,237
Damian,181920,107
Damian,162065,550
Damian,187881,565
Damian,131422,210
Damian,138663,378
Damian,166090,752
Damian,192775,520
Damian,154855,300
Damian,132722,2
Damian,168430,943
Damian,172247,618
Damian,128341,658
Damian,108703,606
Damian,124541,421
Damian,159394,172
Damian,135925,919
Damian,160501,204
Damian,124697,757
Damian,141634,438
Damian,171465,665
Damian,178651,634
Damian,102310,348
Damian,120135,348
Damian,102211,953
Damian,104347,549
Damian,169120,612
Damian,160138,916
Damian,182279,245
Damian,161115,257
Damian,128274,820
Damian,150944,461
Damian,144067,243
Damian,182071,309
Damian,187896,489
Damian,124691,402
Damian,103694,948
Damian,153932,717
Damian,135804,541
Damian,126697,761
Damian,151125,703
Damian,198074,16
Damian,180304,941
Damian,114770,7
Damian,181527,897
Damian,163932,318
Damian,158839,642
Damian,187400,483
Damian,152108,274
Damian,175449,305
Damian,158910,165
Damian,136665,629
Damian,120205,154
Damian,126763,999
Damian,110506,243
Damian,153202,350
Damian,171000,524
Damian,162490,120
Damian,154922,940
Damian,176574,521
Damian,116091,468
Damian,167764,372
Damian,166315,743
Damian,131791,792
Damian,179964,236
Damian,188666,231
Damian,137993,711
Damian,147658,383
Damian,165711,941
Damian,160130,215
Damian,154433,713
Damian,176156,124
Damian,105618,388
Damian,153039,322
Damian,107978,481
Damian,187824,277
Damian,180742,694
Damian,125411,934
Damian,176468,17
Damian,121358,845
Damian,173486,801
Damian,192009,48
Damian,162367,114
Damian,115846,643
Damian,173860,370
Damian,142519,653
Damian,114742,663
Damian,162907,420
Damian,159040,874
Damian,179486,264
Damian,132196,334
Damian,180946,209
Damian,128536,344
Damian,115328,150
Damian,107842,969
Damian,117113,718
Damian,164422,633
Damian,137259,491
Damian,189276,71
Damian,116683,312
Damian,103581,167
Damian,104986,391
Damian,176667,301
Damian,192373,423
Damian,166735,238
Damian,170884,228
Damian,175304,999
Damian,149142,33
Damian,172320,389
Damian,196224,179
Damian,172792,512
Damian,158443,123
Damian,154653,287
Damian,117862,740
Damian,125508,556
Damian,154770,519
Damian,110373,451
Damian,106754,707
Damian,140429,278
Damian,180754,439
Damian,111461,855
Damian,155772,675
Damian,113253,38
Damian,146134,40
Damian,124786,163
Damian,178203,724
Damian,175248,182
Damian,120166,514
Damian,109642,171
Damian,151158,558
Damian,139551,603
Damian,153708,60
Damian,199595,582
Damian,155030,139
Damian,146191,947
Damian,156296,9
Damian,107477,554
Damian,104657,751
Damian,171943,326
Damian,149516,200
Damian,127776,966
Damian,165160,180
Damian,135564,113
Damian,141369,320
Damian,146827,460
Damian,176186,166
Damian,170485,111
Damian,108482,710
Damian,195877,514
Damian,186740,114
Damian,199731,957
Damian,148058,345
Damian,180452,662
Damian,193928,246
Damian,152906,779
Damian,104945,622
Damian,154650,446
Damian,126875,79
Damian,185936,752
Damian,148412,739
Damian,156763,788
Damian,190113,319
Damian,119879,936
Damian,134491,350
Damian,107113,193
Damian,145495,625
Damian,163879,479
Damian,123535,262
Damian,193523,274
Damian,190002,524
Damian,165956,818
Damian,117868,330
Damian,137077,220
Damian,163153,692
Damian,199967,522
Damian,106058,526
Damian,157372,71
Damian,158832,415
Damian,118960,8
Damian,122454,816
Damian,176449,449
Damian,115657,895
Damian,123658,802
Damian,193285,565
Damian,194228,648
Damian,179070,451
Damian,168462,686
Damian,120853,299
Damian,124715,153
Damian,176996,963
Damian,118956,181
Damian,117604,926
Damian,153769,112
Damian,197725,148
Damian,104878,28
Damian,142924,706
Damian,145133,22
Damian,100185,335
Damian,100860,730
Damian,170859,755
Damian,158909,41
Damian,170258,881
Damian,144828,952
Damian,111709,334
Damian,101009,312
Damian,145620,919
Damian,115400,456
Damian,122718,811
Damian,195277,679
Damian,186663,392
Damian,130256,733
Damian,188855,455
Damian,103170,784
Damian,144080,155
Damian,112834,429
Damian,155663,84
Damian,119779,659
Damian,117086,939
Damian,188453,353
Damian,124516,796
Damian,183488,88
Damian,177086,729
Damian,105596,13
Damian,149275,27
Damian,198204,688
Damian,124055,81
Damian,142589,520
Damian,180693,562
Damian,196316,749
Damian,128537,544
Damian,174381,120
Damian,152488,60
Damian,117007,253
Damian,108438,692
Damian,155120,981
Damian,151661,275
Damian,193458,60
Damian,127630,167
Damian,140823,442
Damian,150384,189
Damian,195800,185
Damian,113276,435
Damian,134277,548
Damian,107612,796
Damian,101901,69
Damian,174230,233
Damian,156920,379
Damian,145194,513
Damian,132584,116
Damian,182384,813
Damian,191544,374
Damian,148816,536
Damian,182737,127
Damian,182944,954
Damian,178200,128
Damian,192559,589
Damian,156217,641
Damian,136789,588
Damian,129947,293
Damian,155639,857
Damian,104998,756
Damian,129577,499
Damian,188329,600
Damian,134150,146
Damian,140254,178
Damian,137939,390
Damian,174082,196
Damian,128835,72
Damian,125395,648
Damian,101297,757
Damian,140408,505
Damian,116336,898
Damian,140524,699
Damian,193309,175
Damian,109529,289
Damian,185319,918
Damian,180503,886
Damian,115702,370
Damian,148828,653
Damian,139467,238
Damian,193020,638
Damian,185418,872
Damian,123462,188
Damian,165066,38
Damian,111780,834
Damian,109637,748
Damian,177835,239
Damian,194060,966
Damian,158069,905
Damian,166205,76
Damian,189439,485
Damian,103343,422
Damian,168972,739
Damian,133454,711
Damian,171410,537
Damian,111531,709
Damian,192489,135
Damian,143004,195
Damian,112479,955
Damian,139074,829
Damian,159876,736
Damian,166042,668
Damian,166425,292
Damian,105411,944
Damian,100763,854
Damian,111973,377
Damian,117788,63
Damian,127725,110
Damian,151055,613
Damian,164160,556
Damian,116895,872
Damian,164794,874
Damian,180029,927
Damian,179632,169
Damian,171867,355
Damian,135231,797
Damian,131086,953
Damian,107699,6
Damian,163219,823
Damian,121191,700
Damian,136327,836
Damian,169600,900
Damian,132160,394
Damian,111687,344
Damian,103482,470
Damian,150363,386
Damian,137974,402
Damian,173646,340
Damian,179105,153
Damian,195782,865
Damian,112731,671
Damian,193617,224
Damian,177183,954
Damian,161704,518
Damian,161160,939
Damian,113536,585
Damian,114819,712
Damian,135874,105
Damian,154917,589
Damian,108454,376
Damian,193068,692
Damian,186670,931
Damian,166079,289
Damian,188706,965
Damian,146538,470
Damian,175714,658
Damian,187688,150
Damian,190726,845
Damian,191427,208
Damian,193624,94
Damian,113620,155
Damian,109090,853
Damian,115469,803
Damian,197031,590
Damian,177468,905
Damian,166126,33
Damian,114205,11
Damian,198922,721
Damian,196825,772
Damian,181157,819
Damian,143081,716
Damian,110116,124
Damian,122311,591
Damian,134013,930
Damian,195590,601
Damian,149613,674
Damian,175705,772
Damian,151442,445
Damian,175611,595
Damian,172218,813
Damian,126871,719
Damian,107899,991
Damian,156113,873
Damian,132498,17
Damian,176994,888
Damian,157010,263
Damian,192389,270
Damian,177156,907
Damian,109149,818
Damian,164358,100
Damian,129680,175
Damian,105337,387
Damian,122560,830
Damian,173832,476
Damian,146155,372
Damian,133470,470
Damian,125623,985
Damian,121745,579
Damian,193798,972
Damian,148270,845
Damian,125183,650
Damian,123503,314
Damian,155294,218
Damian,139752,430
Damian,192206,141
Damian,120362,236
Damian,100108,635
Damian,130010,17
Damian,135430,459
Damian,126932,350
Damian,108291,436
Damian,193553,329
Damian,197409,821
Damian,121770,574
Damian,165761,400
Damian,161372,378
Damian,162405,280
Damian,176171,634
Damian,113876,298
Damian,150776,635
Damian,112355,998
Damian,140059,130
Damian,125690,916
Damian,146775,146
Damian,154121,0
Damian,102501,988
Damian,178207,602
Damian,194432,897
Damian,108961,708
Damian,152153,844
Damian,113299,272
Damian,141867,485
Damian,117673,293
Damian,157120,570
Damian,154123,892
Damian,154199,312
Damian,150543,193
Damian,182594,534
Damian,159863,649
Damian,137569,625
Damian,196587,705
Damian,141421,711
Damian,133667,526
Damian,114522,579
Damian,192937,1000
Damian,160763,354
Damian,131963,55
Damian,143627,51
Damian,165691,548
Damian,189807,18
Damian,144206,348
Damian,118632,811
Damian,102630,970
Damian,130161,546
Damian,100786,629
Damian,174298,6
Damian,134079,746
Damian,100287,788
Damian,197855,970
Damian,137081,792
Damian,195460,410
Damian,112734,808
Damian,102336,287
Damian,134689,182
Damian,173997,11
Damian,116253,891
Damian,143304,294
Damian,163939,712
Damian,183167,331
Damian,195086,976
Damian,115847,171
Damian,145423,139
Damian,169242,541
Damian,178849,701
Damian,112815,58
Damian,101424,29
Damian,125138,652
Damian,172132,723
Damian,151849,766
Damian,173443,153
Damian,172576,124
Damian,136712,259
Damian,121209,981
Damian,110345,29
Damian,131668,64
Damian,192534,368
Damian,173263,676
Damian,142787,262
Damian,121712,363
Damian,153178,981
Damian,199037,999
Damian,158165,526
Damian,132532,303
Damian,153589,228
Damian,108941,770
Damian,175051,18
Damian,196866,828
Damian,196653,60
Damian,173799,602
Damian,153774,522
Damian,184514,287
Damian,176511,277
Damian,175536,398
Damian,176001,822
Damian,190355,214
Damian,162673,803
Damian,129889,488
Damian,154889,231
Damian,127994,504
Damian,150712,655
Damian,152924,806
Damian,166150,938
Damian,195123,705
Damian,163487,359
Damian,138968,460
Damian,192778,769
Damian,147660,410
Damian,126259,770
Damian,143720,782
Damian,185549,838
Damian,159809,251
Damian,113960,355
Damian,187372,119
Damian,125723,938
Damian,136958,441
Damian,108991,347
Damian,102906,243
Damian,126024,116
Damian,171287,505
Damian,192994,58
Damian,143426,805
Damian,130485,779
Damian,164503,144
Damian,134231,276
Damian,126854,894
Damian,190173,251
Damian,140485,192
Damian,166252,799
Damian,128153,84
Damian,153765,597
Damian,129073,527
Damian,117072,221
Damian,197336,944
Damian,192374,440
Damian,146553,894
Damian,199652,7
Damian,179337,377
Damian,113952,933
Damian,165665,937
Damian,122932,368
Damian,138597,617
Damian,146011,84
Damian,161879,545
Damian,161625,793
Damian,173250,905
Damian,174074,954
Damian,160860,792
Damian,178814,352
Damian,111667,444
Damian,193117,337
Damian,116152,114
Damian,124611,416
Damian,148686,953
Damian,130078,164
Damian,182874,295
Damian,107721,847
Damian,183351,58
Damian,125303,814
Damian,174515,456
Damian,145589,283
Damian,170444,741
Damian,106222,658
Damian,157071,76
Damian,154503,879
Damian,175732,303
Damian,117265,442
Damian,132389,544
Damian,128157,907
Damian,123678,917
Damian,123486,213
Damian,109382,680
Damian,104891,755
Damian,125217,606
Damian,133580,447
Damian,171010,776
Damian,170890,75
Damian,121021,202
Damian,130237,967
Damian,163751,762
Damian,178419,208
Damian,189032,719
Damian,188913,934
Damian,148432,702
Damian,165173,593
Damian,198895,614
Damian,157634,229
Damian,146851,957
Damian,103774,944
Damian,108318,305
Damian,112374,742
Damian,116513,870
Damian,196417,466
Damian,116552,720
Damian,186140,779
Damian,196778,438
Damian,141417,72
Damian,120380,955
Damian,108722,86
Damian,126468,899
Damian,112083,755
Damian,185053,799
Damian,168213,419
Damian,197007,858
Damian,175606,209
Damian,146982,987
Damian,185566,250
Damian,141827,550
Damian,150136,31
Damian,198877,255
Damian,144381,188
Damian,132434,301
Damian,174099,179
Damian,117734,400
Damian,131348,44
Damian,170589,177
Damian,191239,36
Damian,198822,892
Damian,153199,492
Damian,120038,508
Damian,177626,716
Damian,116841,27
Damian,163116,33
Damian,113852,979
Damian,119657,958
Damian,164787,513
Damian,111335,625
Damian,106968,160
Damian,108574,844
Damian,161835,275
Damian,103032,461
Damian,165732,447
Damian,163638,896
Damian,190866,649
Damian,184360,689
Damian,131691,235
Damian,173079,477
Damian,116708,580
Damian,187031,651
Damian,151594,634
Damian,114815,59
Damian,181560,191
Damian,162933,533
Damian,173973,766
Damian,148932,87
Damian,118228,535
Damian,137225,717
Damian,182454,509
Damian,138536,985
Damian,183895,754
Damian,154710,199
Damian,155166,612
Damian,116797,199
Damian,154076,911
Damian,109143,671
Damian,139416,1
Damian,103374,682
Damian,192212,88
Damian,120704,157
Damian,190727,783
Damian,197763,921
Damian,134732,705
Damian,102414,350
Damian,167383,229
Damian,149526,452
Damian,109327,407
Damian,170579,292
Damian,139500,554
Damian,132359,668
Damian,182564,573
Damian,102815,329
Damian,105358,317
Damian,179361,32
Damian,140920,8
Damian,103377,962
Damian,178278,803
Damian,144200,984
Damian,159605,50
Damian,100328,134
Damian,166684,171
Damian,158049,283
Damian,103323,617
Damian,185147,995
Damian,158430,919
Damian,126813,430
Damian,172211,533
Damian,162707,711
Damian,100370,250
Damian,116724,29
Damian,156978,721
Damian,142488,2
Damian,149372,547
Damian,103244,742
Damian,180792,704
Damian,147144,121
Damian,181677,603
Damian,181800,95
Damian,181916,769
Damian,199942,301
Damian,178543,567
Damian,136596,126
Damian,182710,751
Damian,141477,616
Damian,148294,184
Damian,112920,82
Damian,162741,305
Damian,182711,541
Damian,198165,392
Damian,169818,934
Damian,156582,281
Damian,180027,411
Damian,167550,424
Damian,106033,248
Damian,178313,377
Damian,192867,719
Damian,146895,691
Damian,110349,970
Damian,175512,403
Damian,103866,647
Damian,173242,991
Damian,181973,101
Damian,183146,407
Damian,152927,509
Damian,141478,282
Damian,164874,254
Damian,132916,11
Damian,190389,754
Damian,134401,959
Damian,165008,458
Damian,165257,703
Damian,167269,414
Damian,152468,874
Damian,145638,798
Damian,148719,430
Damian,189021,151
Damian,171458,201
Damian,110627,172
Damian,184844,851
Damian,162115,143
Damian,109535,934
Damian,160441,535
Damian,120350,115
Damian,112028,87
Damian,192398,3
Damian,163863,487
Damian,127806,116
Damian,147790,532
Damian,150122,387
Damian,129838,367
Damian,151677,179
Damian,176593,381
Damian,135536,499
Damian,112205,188
Damian,102507,20
Damian,175199,820
Damian,190869,36
Damian,175873,550
Damian,118483,214
Damian,107755,338
Damian,158284,275
Damian,167148,166
Damian,119379,795
Damian,150245,227
Damian,126390,786
Damian,166444,236
Damian,186369,959
Damian,169340,448
Damian,194660,497
Damian,191554,565
Damian,125332,9
Damian,190859,289
Damian,137595,135
Damian,104513,697
Damian,187866,973
Damian,107100,868
Damian,145118,669
Damian,101869,871
Damian,103329,834
Damian,106888,793
Damian,198061,993
Damian,196170,91
Damian,126060,479
Damian,128002,384
Damian,166080,161
Damian,173686,997
Damian,143464,547
Damian,143288,322
Damian,160335,360
Damian,167078,870
Damian,192318,601
Damian,169379,673
Damian,119167,845
Damian,193353,469
Damian,190050,59
Damian,148306,799
Damian,105363,557
Dalton,180190,976
Dalton,135425,123
Dalton,177725,850
Dalton,195835,715
Dalton,184455,985
Dalton,167753,993
Dalton,169792,621
Dalton,127316,444
Dalton,154463,447
Dalton,176189,830
Dalton,104395,880
Dalton,141592,928
Dalton,158304,268
Dalton,171539,292
Dalton,191538,724
Dalton,172978,11
Dalton,199898,921
Dalton,178662,86
Dalton,171223,513
Dalton,175066,635
Dalton,152930,286
Dalton,141587,808
Dalton,115291,588
Dalton,191919,19
Dalton,104190,804
Dalton,196520,651
Dalton,100727,229
Dalton,103199,717
Dalton,173621,510
Dalton,185982,860
Dalton,185209,175
Dalton,183629,768
Dalton,199604,801
Dalton,169703,378
Dalton,152150,892
Dalton,149527,486
Dalton,164397,850
Dalton,173115,242
Dalton,162675,547
Dalton,154540,900
Dalton,180097,523
Dalton,135661,268
Dalton,196278,631
Dalton,101145,766
Dalton,147711,305
Dalton,141425,407
Dalton,196749,677
Dalton,190047,231
Dalton,135282,887
Dalton,147108,813
Dalton,114807,135
Dalton,135157,61
Dalton,125466,969
Dalton,177514,630
Dalton,173899,429
Dalton,108817,15
Dalton,111530,526
Dalton,127125,0
Dalton,150344,668
Dalton,154004,786
Dalton,121062,403
Dalton,186153,852
Dalton,142634,447
Dalton,177769,299
Dalton,197095,975
Dalton,139982,396
Dalton,134152,555
Dalton,181644,360
Dalton,150539,398
Dalton,192747,423
Dalton,193576,31
Dalton,171722,227
Dalton,107999,572
Dalton,182091,678
Dalton,177107,752
Dalton,193788,582
Dalton,182206,397
Dalton,118439,900
Dalton,159607,898
Dalton,118582,384
Dalton,156202,144
Dalton,124767,283
Dalton,183510,712
Dalton,189951,382
Dalton,134883,359
Dalton,135540,727
Dalton,154359,885
Dalton,132567,666
Dalton,102610,933
Dalton,153012,289
Dalton,189289,831
Dalton,197493,589
Dalton,145088,883
Dalton,175493,798
Dalton,145217,108
Dalton,106068,283
Dalton,172662,75
Dalton,116812,626
Dalton,153899,335
Dalton,139400,433
Dalton,161687,237
Dalton,160731,197
Dalton,123337,41
Dalton,136889,951
Dalton,157892,843
Dalton,170593,259
Dalton,134080,599
Dalton,188843,31
Dalton,195176,383
Dalton,152039,333
Dalton,140470,84
Dalton,196073,754
Dalton,132555,814
Dalton,138849,122
Dalton,127962,461
Dalton,162870,950
Dalton,151372,353
Dalton,128172,784
Dalton,104921,763
Dalton,151218,626
Dalton,112850,447
Dalton,185993,118
Dalton,151015,902
Dalton,197077,520
Dalton,168546,690
Dalton,144135,484
Dalton,111224,471
Dalton,197998,571
Dalton,155068,664
Dalton,166668,502
Dalton,141885,727
Dalton,134214,636
Dalton,107300,24
Dalton,183468,322
Dalton,110287,31
Dalton,144024,196
Dalton,114296,206
Dalton,162458,545
Dalton,113941,258
Dalton,188630,416
Dalton,186230,945
Dalton,138817,787
Dalton,158267,902
Dalton,117344,833
Dalton,154685,297
Dalton,156398,798
Dalton,172603,245
Dalton,117353,692
Dalton,154952,505
Dalton,148184,665
Dalton,187814,271
Dalton,173399,917
Dalton,136997,785
Dalton,181036,722
Dalton,188556,955
Dalton,130832,644
Dalton,105645,434
Dalton,142092,179
Dalton,143425,267
Dalton,113806,589
Dalton,117849,439
Dalton,151939,629
Dalton,100114,98
Dalton,182116,718
Dalton,176415,931
Dalton,172986,594
Dalton,183649,1
Dalton,196047,579
Dalton,103854,709
Dalton,118889,820
Dalton,129660,917
Dalton,173991,452
Dalton,119141,773
Dalton,161825,163
Dalton,148909,503
Dalton,134877,789
Dalton,152325,563
Dalton,195603,967
Dalton,123898,661
Dalton,196964,935
Dalton,188422,309
Dalton,105674,957
Dalton,133852,940
Dalton,164296,918
Dalton,110115,959
Dalton,106351,820
Dalton,117154,957
Dalton,120367,76
Dalton,157060,485
Dalton,134927,881
Dalton,174872,637
Dalton,158089,712
Dalton,117071,838
Dalton,138624,427
Dalton,194705,416
Dalton,172290,664
Dalton,199754,778
Dalton,144627,171
Dalton,148409,147
Dalton,193031,692
Dalton,115933,502
Dalton,141758,798
Dalton,162014,870
Dalton,163880,52
Dalton,126874,43
Dalton,181791,565
Dalton,132417,436
Dalton,131793,996
Dalton,133230,396
Dalton,117114,447
Dalton,195886,226
Dalton,166086,562
Dalton,138485,462
Dalton,114930,122
Dalton,146769,335
Dalton,178667,370
Dalton,141904,777
Dalton,160665,118
Dalton,164582,99
Dalton,145915,199
Dalton,128955,759
Dalton,115088,709
Dalton,141027,843
Dalton,143027,168
Dalton,141444,314
Dalton,147763,709
Dalton,163220,668
Dalton,192725,211
Dalton,164646,963
Dalton,179649,230
Dalton,110405,649
Dalton,191823,555
Dalton,193141,866
Dalton,183908,195
Dalton,150892,861
Dalton,198934,51
Dalton,195621,464
Dalton,174897,618
Dalton,117770,952
Dalton,170431,522
Dalton,155409,198
Dalton,174863,433
Dalton,170573,58
Dalton,162448,937
Dalton,102444,720
Dalton,157402,987
Dalton,158926,532
Dalton,109787,210
Dalton,137981,359
Dalton,103317,70
Dalton,144482,642
Dalton,157155,342
Dalton,177593,551
Dalton,117193,195
Dalton,125501,697
Dalton,172817,441
Dalton,130100,196
Dalton,112005,432
Dalton,119772,467
Dalton,181078,117
Dalton,192620,886
Dalton,198009,253
Dalton,114315,208
Dalton,109226,458
Dalton,175332,653
Dalton,169479,406
Dalton,150428,512
Dalton,119396,587
Dalton,155063,108
Dalton,163072,795
Dalton,126008,711
Dalton,125553,210
Dalton,100348,268
Dalton,153483,950
Dalton,111416,693
Dalton,173388,16
Dalton,143160,591
Dalton,133031,859
Dalton,167441,618
Dalton,133493,394
Dalton,196085,903
Dalton,182184,357
Dalton,155299,741
Dalton,142183,853
Dalton,168907,805
Dalton,157256,349
Dalton,143551,338
Dalton,192224,686
Dalton,104576,850
Dalton,127966,814
Dalton,114198,359
Dalton,115573,589
Dalton,191468,975
Dalton,156133,203
Dalton,113383,293
Dalton,110763,700
Dalton,154749,727
Dalton,118192,319
Dalton,159213,851
Dalton,142136,31
Dalton,175221,368
Dalton,120025,791
Dalton,115309,785
Dalton,193741,8
Dalton,146095,664
Dalton,139493,115
Dalton,132212,783
Dalton,106753,689
Dalton,159114,619
Dalton,139250,557
Dalton,196234,566
Dalton,173917,297
Dalton,127764,310
Dalton,119301,642
Dalton,120347,733
Dalton,170805,403
Dalton,161005,870
Dalton,166429,702
Dalton,109646,351
Dalton,103207,813
Dalton,113164,374
Dalton,107108,200
Dalton,159445,950
Dalton,123902,331
Dalton,142878,358
Dalton,135082,391
Dalton,153105,653
Dalton,116939,813
Dalton,171246,362
Dalton,115665,249
Dalton,183706,797
Dalton,114303,791
Dalton,143457,742
Dalton,197777,268
Dalton,182812,579
Dalton,115094,855
Dalton,113777,672
Dalton,126846,157
Dalton,174215,294
Dalton,168454,746
Dalton,172876,613
Dalton,111123,31
Dalton,175437,189
Dalton,150984,353
Dalton,108202,495
Dalton,121163,412
Dalton,179886,777
Dalton,163380,779
Dalton,147428,463
Dalton,155084,576
Dalton,136500,281
Dalton,116888,512
Dalton,142806,964
Dalton,120340,300
Dalton,122482,590
Dalton,112364,588
Dalton,196669,422
Dalton,152152,805
Dalton,186766,662
Dalton,177635,916
Dalton,158346,965
Dalton,137311,878
Dalton,195617,785
Dalton,128300,723
Dalton,117392,659
Dalton,170700,266
Dalton,164325,40
Dalton,165688,938
Dalton,156369,135
Dalton,179780,183
Dalton,170929,816
Dalton,155689,593
Dalton,134596,193
Dalton,101298,617
Dalton,116779,742
Dalton,122298,553
Dalton,173177,161
Dalton,178566,838
Dalton,169162,113
Dalton,180204,395
Dalton,165411,932
Dalton,190315,916
Dalton,146650,482
Dalton,184370,570
Dalton,102184,985
Dalton,165048,429
Dalton,134858,484
Dalton,186520,102
Dalton,182302,738
Dalton,116130,761
Dalton,150441,178
Dalton,191909,595
Dalton,198999,91
Dalton,180461,415
Dalton,172486,102
Dalton,119254,440
Dalton,109502,952
Dalton,136660,445
Dalton,106752,897
Dalton,187980,303
Dalton,195355,224
Dalton,191015,803
Dalton,124846,206
Dalton,141060,193
Dalton,163308,552
Dalton,194089,273
Dalton,192117,94
Dalton,156453,877
Dalton,172750,662
Dalton,138958,798
Dalton,131634,620
Dalton,150295,183
Dalton,161991,825
Dalton,129991,724
Dalton,161195,439
Dalton,127286,926
Dalton,118821,621
Dalton,117621,485
Dalton,157406,40
Dalton,195436,849
Dalton,183568,130
Dalton,183760,976
Dalton,129665,312
Dalton,113850,568
Dalton,192086,240
Dalton,121912,494
Dalton,117829,4
Dalton,109077,283
Dalton,149874,171
Dalton,138498,761
Dalton,115523,816
Dalton,102543,473
Dalton,161141,308
Dalton,155180,425
Dalton,185215,295
Dalton,110314,689
Dalton,118967,754
Dalton,130797,316
Dalton,167814,731
Dalton,156828,383
Dalton,148554,702
Dalton,148759,841
Dalton,178067,99
Dalton,101562,525
Dalton,122401,668
Dalton,137753,687
Dalton,130459,876
Dalton,164301,213
Dalton,168733,986
Dalton,100402,261
Dalton,107062,464
Dalton,113494,581
Dalton,195227,108
Dalton,136458,879
Dalton,130474,552
Dalton,183590,992
Dalton,100697,455
Dalton,131483,572
Dalton,156669,130
Dalton,181675,884
Dalton,166209,337
Dalton,107497,991
Dalton,157670,885
Dalton,159092,122
Dalton,147637,553
Dalton,104394,15
Dalton,114965,131
Dalton,105566,754
Dalton,138265,830
Dalton,156510,130
Dalton,167010,846
Dalton,142630,817
Dalton,148136,555
Dalton,129638,379
Dalton,105403,543
Dalton,112445,142
Dalton,161779,934
Dalton,151119,314
Dalton,109437,599
Dalton,189388,470
Dalton,140749,905
Dalton,154383,860
Dalton,160114,872
Dalton,195054,253
Dalton,134167,26
Dalton,151091,869
Dalton,183012,728
Dalton,178307,266
Dalton,132211,176
Dalton,150023,52
Dalton,125833,182
Dalton,120936,724
Dalton,192092,960
Dalton,133227,196
Dalton,111872,671
Dalton,141537,750
Dalton,144068,563
Dalton,110098,924
Dalton,129382,359
Dalton,147511,496
Dalton,116466,670
Dalton,138321,307
Dalton,176450,497
Dalton,132827,132
Dalton,159662,338
Dalton,193206,282
Dalton,152841,461
Dalton,101221,597
Dalton,102551,890
Dalton,153425,767
Dalton,170075,879
Dalton,171285,136
Dalton,171325,340
Dalton,117957,412
Dalton,161176,735
Dalton,173624,520
Dalton,163331,723
Dalton,186334,658
Dalton,183504,815
Dalton,100874,344
Dalton,156100,513
Dalton,157788,140
Dalton,132443,850
Dalton,115831,828
Dalton,161797,121
Dalton,162637,0
Dalton,113588,406
Dalton,168233,148
Dalton,175326,761
Dalton,119482,266
Dalton,135957,590
Dalton,121282,831
Dalton,179056,706
Dalton,141358,778
Dalton,190430,807
Dalton,162029,795
Dalton,113170,750
Dalton,155843,253
Dalton,165774,698
Dalton,154117,880
Dalton,110694,820
Dalton,147015,63
Dalton,163410,129
Dalton,112092,660
Dalton,136073,93
Dalton,146180,599
Dalton,105520,776
Dalton,128627,966
Dalton,180913,609
Dalton,197152,872
Dalton,184575,260
Dalton,195856,762
Dalton,123571,421
Dalton,190972,126
Dalton,120119,89
Dalton,129805,464
Dalton,185339,783
Dalton,115893,920
Dalton,142649,752
Dalton,175620,103
Dalton,148153,882
Dalton,191047,844
Dalton,115709,158
Dalton,127664,637
Dalton,105214,275
Dalton,104634,66
Dalton,114725,604
Dalton,133427,107
Dalton,185538,56
Dalton,115305,825
Dalton,135408,33
Dalton,164990,234
Dalton,172929,741
Dalton,106379,166
Dalton,152265,21
Dalton,193128,99
Dalton,101663,760
Dalton,152378,44
Dalton,169129,147
Dalton,134640,183
Dalton,163760,904
Dalton,190270,313
Dalton,151975,857
Dalton,138524,211
Dalton,196527,888
Dalton,129035,889
Dalton,184256,786
Dalton,109852,457
Dalton,112762,788
Dalton,126732,839
Dalton,178439,354
Dalton,141464,777
Dalton,178491,908
Dalton,167263,277
Dalton,199528,689
Dalton,182852,27
Dalton,173761,578
Dalton,132657,646
Dalton,137382,798
Dalton,100889,2
Dalton,131133,878
Dalton,121470,389
Dalton,116595,951
Dalton,117495,887
Dalton,189074,990
Dalton,194874,353
Dalton,107053,250
Dalton,165092,174
Dalton,102597,512
Dalton,174882,165
Dalton,101097,474
Dalton,109825,514
Dalton,113616,677
Dalton,112555,420
Dalton,126984,329
Dalton,143895,689
Dalton,145963,315
Dalton,124319,275
Dalton,157849,102
Dalton,198471,436
Dalton,116231,637
Dalton,126049,421
Dalton,118609,705
Dalton,119868,745
Dalton,146160,76
Dalton,150895,769
Dalton,144204,164
Dalton,172485,925
Dalton,140483,908
Dalton,194266,953
Dalton,194395,594
Dalton,162116,806
Dalton,168029,595
Dalton,135631,365
Dalton,173756,149
Dalton,103280,345
Dalton,170026,801
Dalton,137352,352
Dalton,178465,322
Dalton,190933,945
Dalton,135721,468
Dalton,170965,219
Dalton,154957,648
Dalton,119206,352
Dalton,140896,990
Dalton,194123,819
Dalton,123476,894
Dalton,111260,949
Dalton,164413,973
Dalton,198230,79
Dalton,112412,343
Dalton,175698,527
Dalton,195916,301
Dalton,165820,822
Dalton,103271,977
Dalton,113436,461
Dalton,110446,842
Dalton,192406,646
Dalton,193697,774
Dalton,150746,700
Dalton,149066,772
Dalton,173835,757
Dalton,180507,805
Dalton,166342,159
Dalton,159571,648
Dalton,197857,422
Dalton,151084,595
Dalton,119241,828
Dalton,176553,140
Dalton,133435,518
Dalton,114008,217
Dalton,185500,411
Dalton,171596,524
Dalton,138532,873
Dalton,115269,381
Dalton,137047,557
Dalton,194620,543
Dalton,176495,866
Dalton,138783,704
Dalton,190018,602
Dalton,126269,203
Dalton,107223,215
Dalton,106139,641
Dalton,108265,18
Dalton,159203,49
Dalton,170717,740
Dalton,101704,106
Dalton,176702,54
Dalton,145152,452
Dalton,110139,470
Dalton,171258,74
Dalton,158453,662
Dalton,181066,149
Dalton,185154,834
Dalton,163197,928
Dalton,116868,887
Dalton,170201,713
Dalton,120357,739
Dalton,107808,306
Dalton,131875,565
Dalton,146399,571
Dalton,135981,102
Dalton,165023,916
Dalton,116549,39
Dalton,134397,379
Dalton,103943,43
Dalton,152605,416
Dalton,139444,804
Dalton,143018,157
Dalton,117962,395
Dalton,125099,746
Dalton,156229,271
Dalton,168465,410
Dalton,142402,643
Dalton,132206,967
Dalton,141922,736
Dalton,128295,295
Dalton,111221,421
Dalton,132105,269
Dalton,107050,686
Dalton,136141,394
Dalton,102826,324
Dalton,150590,670
Dalton,106518,369
Dalton,134427,646
Dalton,160302,209
Dalton,148089,394
Dalton,160791,372
Dalton,140671,186
Dalton,140787,377
Dalton,168488,483
Dalton,108226,12
Dalton,139227,676
Dalton,131816,961
Dalton,168591,140
Dalton,183835,914
Dalton,125717,498
Dalton,177911,150
Dalton,184948,20
Dalton,144307,287
Dalton,132428,460
Dalton,164934,622
Dalton,124039,470
Dalton,113894,638
Dalton,169108,732
Dalton,109485,357
Dalton,196065,79
Dalton,140219,206
Dalton,171575,819
Dalton,172957,995
Dalton,138200,985
Dalton,111082,52
Dalton,168852,55
Dalton,119660,838
Dalton,135265,629
Dalton,138634,468
Dalton,135126,213
Dalton,115415,587
Dalton,125541,427
Dalton,170403,799
Dalton,107582,749
Dalton,185939,873
Dalton,108852,351
Dalton,125339,138
Dalton,144039,179
Dalton,173058,604
Dalton,115985,673
Dalton,103979,539
Dalton,176755,411
Dalton,164380,629
Dalton,103696,380
Dalton,108423,231
Dalton,159799,514
Dalton,191742,802
Dalton,131474,244
Dalton,191524,210
Dalton,110010,762
Dalton,119149,568
Dalton,125827,132
Dalton,134477,721
Dalton,140207,752
Dalton,133484,677
Dalton,183311,507
Dalton,159470,259
Dalton,115198,597
Dalton,193691,312
Dalton,107976,919
Dalton,121376,476
Dalton,128154,190
Dalton,194820,48
Dalton,127185,726
Dalton,175994,738
Dalton,181085,997
Dalton,104382,743
Dalton,122491,368
Dalton,165157,623
Dalton,129540,387
Dalton,137511,784
Dalton,105062,110
Dalton,174159,461
Dalton,131682,246
Dalton,182119,690
Dalton,161597,710
Dalton,157433,622
Dalton,179149,154
Dalton,173092,639
Dalton,108414,291
Dalton,142330,170
Dalton,122180,391
Dalton,112001,585
Dalton,129899,463
Dalton,166809,844
Dalton,127386,653
Dalton,114152,784
Dalton,104970,692
Dalton,192810,41
Dalton,147062,646
Dalton,181210,251
Dalton,118310,171
Dalton,121027,541
Dalton,143590,697
Dalton,116729,990
Dalton,195523,269
Dalton,176345,409
Dalton,126088,472
Dalton,105831,855
Dalton,176174,635
Dalton,196590,433
Dalton,156711,89
Dalton,197014,140
Dalton,155858,789
Dalton,157426,205
Dalton,181477,99
Dalton,189132,27
Dalton,197733,205
Dalton,186178,537
Dalton,162903,624
Dalton,153490,420
Dalton,169384,705
Dalton,143972,261
Dalton,187519,230
Dalton,118111,724
Dalton,181371,963
Dalton,129272,407
Dalton,114937,504
Dalton,113091,535
Dalton,156066,567
Dalton,128400,797
Dalton,154679,35
Dalton,108512,589
Dalton,149831,508
Dalton,195423,105
Dalton,107663,906
Dalton,151767,234
Dalton,141554,174
Dalton,178798,897
Dalton,143915,432
Dalton,126312,171
Dalton,162225,383
Dalton,102239,834
Dalton,190885,434
Dalton,184238,133
Dalton,110283,885
Dalton,119120,464
Dalton,171014,493
Dalton,108600,699
Dalton,161679,907
Dalton,101392,637
Dalton,192759,251
Dalton,148642,786
Dalton,170468,972
Dalton,141448,982
Dalton,111784,144
Dalton,143234,32
Dalton,108060,161
Dalton,112933,421
Dalton,121987,777
Dalton,154845,115
Dalton,197882,327
Dalton,134711,790
Dalton,128881,887
Dalton,154309,593
Dalton,185976,242
Dalton,197420,133
Dalton,113087,306
Dalton,125414,928
Dalton,189918,6
Dalton,132141,8
Dalton,181385,257
Dalton,126509,662
Dalton,107142,105
Dalton,113278,633
Dalton,170470,625
Dalton,195505,309
Dalton,186221,456
Dalton,178132,801
Dalton,103227,374
Dalton,175833,316
Dalton,176682,11
Dalton,115787,973
Dalton,110729,533
Dalton,153345,165
Dalton,174192,837
Dalton,186682,508
Dalton,195289,591
Dalton,160060,520
Dalton,186181,547
Dalton,183809,848
Dalton,112087,824
Dalton,114534,386
Dalton,173483,942
Dalton,147095,797
Dalton,144807,873
Dalton,118058,264
Dalton,113114,533
Dalton,119653,970
Dalton,102676,445
Dalton,193289,18
Dalton,182512,714
Dalton,123267,135
Dalton,135213,966
Dalton,135643,842
Dalton,162307,56
Dalton,105973,863
Dalton,185144,774
Dalton,102010,504
Dalton,138174,403
Dalton,132262,261
Dalton,181760,831
Dalton,193983,144
Dalton,103224,807
Dalton,187779,235
Dalton,173568,729
Dalton,152129,647
Dalton,136813,650
Dalton,137018,198
Dalton,144290,663
Dalton,179607,983
Dalton,150853,312
Dalton,169569,251
Dalton,148643,114
Dalton,147210,118
Dalton,160479,673
Dalton,183174,495
Dalton,174776,262
Dalton,131764,480
Dalton,189389,289
Dalton,123989,545
Dalton,109142,590
Dalton,143945,260
Dalton,170481,86
Dalton,127254,85
Dalton,104612,872
Dalton,170239,407
Dalton,160835,476
Dalton,186635,132
Dalton,162613,907
Dalton,129048,338
Dalton,127383,40
Dalton,121967,602
Dalton,142783,403
Dalton,169075,458
Dalton,195697,161
Dalton,164847,43
Dalton,145805,192
Dalton,118069,938
Dalton,151458,822
Dalton,167872,392
Dalton,122493,512
Dalton,175863,296
Dalton,114425,331
Dalton,142491,817
Dalton,198990,215
Dalton,163211,619
Dalton,124391,191
Dalton,117870,746
Dalton,170793,349
Dalton,149935,133
Dalton,195127,519
Dalton,184809,171
Dalton,133914,38
Dalton,169079,325
Dalton,113016,680
Dalton,112420,84
Dalton,122548,543
Dalton,130825,268
Dalton,178131,984
Dalton,114204,554
Dalton,187147,910
Dalton,101637,434
Dalton,147609,655
Dalton,120868,884
Dalton,186969,980
Dalton,179172,851
Dalton,125307,423
Dalton,128764,526
Dalton,177658,174
Dalton,111823,248
Dalton,169112,87
Dalton,185490,920
Dalton,173205,588
Isabella,198994,741
Isabella,198241,630
Isabella,185546,102
Isabella,179785,852
Isabella,186306,799
Isabella,106084,222
Isabella,136107,654
Isabella,165887,495
Isabella,191813,566
Isabella,166871,129
Isabella,164107,227
Isabella,116577,774
Isabella,152650,156
Isabella,189502,44
Isabella,154446,310
Isabella,126662,117
Isabella,101743,914
Isabella,113568,102
Isabella,122711,420
Isabella,114843,168
Isabella,197521,778
Isabella,101668,87
Isabella,130575,562
Isabella,144468,638
Isabella,138083,430
Isabella,110472,778
Isabella,116102,413
Isabella,198583,226
Isabella,104655,300
Isabella,177338,344
Isabella,114346,246
Isabella,192006,285
Isabella,128754,849
Isabella,108788,500
Isabella,154570,144
Isabella,167909,13
Isabella,130700,652
Isabella,156620,156
Isabella,172924,980
Isabella,140811,651
Isabella,140355,398
Isabella,192828,257
Isabella,146412,465
Isabella,176145,992
Isabella,180386,246
Isabella,107598,121
Isabella,118334,910
Isabella,190201,702
Isabella,165547,746
Isabella,117052,522
Isabella,154316,433
Isabella,166612,385
Isabella,100923,667
Isabella,157115,963
Isabella,185768,708
Isabella,115219,311
Isabella,114331,936
Isabella,187312,267
Isabella,173158,991
Isabella,158461,558
Isabella,131815,503
Isabella,199982,869
Isabella,176782,337
Isabella,143202,370
Isabella,109631,780
Isabella,165579,563
Isabella,169584,418
Isabella,108458,10
Isabella,159214,36
Isabella,158643,518
Isabella,109300,602
Isabella,149229,237
Isabella,190893,312
Isabella,129300,673
Isabella,139422,22
Isabella,126388,287
Isabella,117185,128
Isabella,156156,329
Isabella,128325,645
Isabella,186147,120
Isabella,154487,145
Isabella,117000,115
Isabella,123584,688
Isabella,125247,926
Isabella,124515,580
Isabella,183699,805
Isabella,176773,342
Isabella,175362,63
Isabella,150724,919
Isabella,132533,336
Isabella,102146,24
Isabella,170022,462
Isabella,136620,101
Isabella,173412,420
Isabella,129313,476
Isabella,116759,988
Isabella,139838,47
Isabella,109387,308
Isabella,154282,488
Isabella,188257,949
Isabella,155809,902
Isabella,124184,893
Isabella,159356,47
Isabella,194404,951
Isabella,128324,199
Isabella,156051,266
Isabella,143571,893
Isabella,167323,527
Isabella,181039,900
Isabella,150544,835
Isabella,157093,5
Isabella,194686,348
Isabella,133902,631
Isabella,170051,960
Isabella,114596,343
Isabella,101184,627
Isabella,182408,183
Isabella,196405,654
Isabella,153179,999
Isabella,134579,244
Isabella,119021,970
Isabella,195104,729
Isabella,181194,324
Isabella,150437,582
Isabella,105436,628
Isabella,196814,790
Isabella,163733,993
Isabella,199135,900
Isabella,106878,643
Isabella,192346,923
Isabella,192158,23
Isabella,140427,652
Isabella,107720,395
Isabella,136024,54
Isabella,102245,759
Isabella,164746,924
Isabella,182335,873
Isabella,181123,472
Isabella,172523,299
Isabella,163166,219
Isabella,100427,998
Isabella,124250,987
Isabella,186778,131
Isabella,139917,922
Isabella,102021,304
Isabella,143719,251
Isabella,174393,791
Isabella,176606,172
Isabella,171469,517
Isabella,153363,668
Isabella,116833,195
Isabella,144447,812
Isabella,172319,815
Isabella,136597,606
Isabella,196787,642
Isabella,174440,256
Isabella,182521,12
Isabella,116333,401
Isabella,124018,664
Isabella,162669,503
Isabella,186794,18
Isabella,155965,533
Isabella,197952,726
Isabella,177473,565
Isabella,158091,802
Isabella,168110,522
Isabella,113290,13
Isabella,164109,154
Isabella,154522,580
Isabella,199960,43
Isabella,174590,565
Isabella,146620,267
Isabella,136552,172
Isabella,135241,665
Isabella,108622,964
Isabella,172045,635
Isabella,147736,153
Isabella,128819,253
Isabella,157436,957
Isabella,103692,709
Isabella,124841,63
Isabella,166503,177
Isabella,191530,638
Isabella,117172,20
Isabella,131745,191
Isabella,103969,141
Isabella,174622,939
Isabella,102481,727
Isabella,164490,817
Isabella,182921,50
Isabella,137483,556
Isabella,138793,206
Isabella,108844,417
Isabella,199880,132
Isabella,170229,423
Isabella,180297,859
Isabella,171342,505
Isabella,160337,519
Isabella,102589,406
Isabella,189256,286
Isabella,197877,222
Isabella,144746,822
Isabella,129625,647
Isabella,163693,822
Isabella,162958,186
Isabella,170397,552
Isabella,189743,943
Isabella,165623,520
Isabella,124948,192
Isabella,118409,782
Isabella,160692,163
Isabella,168153,478
Isabella,127731,741
Isabella,137136,347
Isabella,194015,48
Isabella,139474,298
Isabella,164889,639
Isabella,101080,860
Isabella,187615,747
Isabella,163026,958
Isabella,114279,53
Isabella,175840,382
Isabella,180577,977
Isabella,160514,372
Isabella,100469,458
Isabella,124626,963
Isabella,112943,582
Isabella,139784,52
Isabella,181073,548
Isabella,152576,603
Isabella,143986,676
Isabella,119270,396
Isabella,181153,427
Isabella,100283,724
Isabella,115435,474
Isabella,166836,347
Isabella,100599,956
Isabella,140526,378
Isabella,114112,856
Isabella,162973,83
Isabella,123927,207
Isabella,190411,479
Isabella,118382,226
Isabella,133971,554
Isabella,158075,487
Isabella,190712,870
Isabella,136668,805
Isabella,129288,55
Isabella,167541,35
Isabella,132493,573
Isabella,135937,445
Isabella,149420,546
Isabella,116385,126
Isabella,136473,809
Isabella,125567,680
Isabella,109496,313
Isabella,110600,692
Isabella,161438,911
Isabella,114905,686
Isabella,150809,39
Isabella,132610,261
Isabella,142763,390
Isabella,170267,361
Isabella,169177,670
Isabella,108821,886
Isabella,107985,344
Isabella,149740,828
Isabella,142290,615
Isabella,198741,475
Isabella,155382,140
Isabella,116929,552
Isabella,115215,242
Isabella,123881,29
Isabella,153637,46
Isabella,178838,121
Isabella,145333,935
Isabella,118057,790
Isabella,119496,907
Isabella,172866,583
Isabella,189479,410
Isabella,168322,744
Isabella,114479,42
Isabella,119838,335
Isabella,187503,260
Isabella,196973,814
Isabella,198277,953
Isabella,138633,382
Isabella,116264,796
Isabella,164360,530
Isabella,138024,46
Isabella,191267,204
Isabella,160701,727
Isabella,192984,932
Isabella,171067,638
Isabella,113119,871
Isabella,115921,538
Isabella,152939,132
Isabella,102273,856
Isabella,120289,854
Isabella,173083,485
Isabella,169528,641
Isabella,145291,684
Isabella,172164,84
Isabella,187432,218
Isabella,132314,339
Isabella,170429,92
Isabella,128919,260
Isabella,130932,90
Isabella,111509,402
Isabella,130876,940
Isabella,173856,578
Isabella,186577,9
Isabella,173477,839
Isabella,129642,476
Isabella,127667,618
Isabella,132175,300
Isabella,133188,971
Isabella,109257,658
Isabella,194511,869
Isabella,163384,256
Isabella,114384,448
Isabella,145378,363
Isabella,132049,976
Isabella,157703,407
Isabella,185156,674
Isabella,112749,453
Isabella,111156,458
Isabella,145768,96
Isabella,152848,99
Isabella,136498,125
Isabella,168155,256
Isabella,118227,766
Isabella,155102,981
Isabella,121289,374
Isabella,125114,220
Isabella,162737,460
Isabella,169190,830
Isabella,126627,715
Isabella,172650,448
Isabella,112056,668
Isabella,174858,428
Isabella,153875,587
Isabella,122898,295
Isabella,197767,985
Isabella,151965,861
Isabella,113044,335
Isabella,189054,996
Isabella,144300,178
Isabella,195111,818
Isabella,166216,889
Isabella,165784,227
Isabella,137563,62
Isabella,157566,32
Isabella,173544,527
Isabella,190520,74
Isabella,168598,982
Isabella,127490,515
Isabella,122439,447
Isabella,117134,233
Isabella,131215,356
Isabella,133970,689
Isabella,153820,775
Isabella,152583,834
Isabella,100307,433
Isabella,192072,236
Isabella,113832,101
Isabella,165159,382
Isabella,125219,930
Isabella,176006,290
Isabella,140088,865
Isabella,156765,651
Isabella,166957,498
Isabella,155551,622
Isabella,145739,479
Isabella,121302,294
Isabella,169793,267
Isabella,198030,570
Isabella,173372,915
Isabella,181503,864
Isabella,176711,664
Isabella,172593,249
Isabella,163688,767
Isabella,195468,976
Isabella,199905,619
Isabella,181808,368
Isabella,197075,775
Isabella,141133,74
Isabella,108195,275
Isabella,187975,127
Isabella,115596,507
Isabella,118431,861
Isabella,107609,253
Isabella,125378,7
Isabella,186500,815
Isabella,148551,67
Isabella,104846,97
Isabella,198394,571
Isabella,120690,997
Isabella,193255,181
Isabella,109588,890
Isabella,171652,555
Isabella,134704,268
Isabella,190728,940
Isabella,134099,551
Isabella,112088,579
Isabella,108575,730
Isabella,194907,724
Isabella,197836,210
Isabella,137333,664
Isabella,190617,59
Isabella,163066,620
Isabella,106793,568
Isabella,167125,529
Isabella,128311,400
Isabella,188385,167
Isabella,181802,455
Isabella,190203,614
Isabella,148545,390
Isabella,175236,736
Isabella,125727,20
Isabella,109207,656
Isabella,170560,453
Isabella,112216,965
Isabella,120850,895
Isabella,119617,835
Isabella,150307,633
Isabella,133942,207
Isabella,179690,267
Isabella,163048,896
Isabella,181961,957
Isabella,197929,678
Isabella,141954,769
Isabella,122658,738
Isabella,167252,277
Isabella,172346,140
Isabella,150034,945
Isabella,165810,743
Isabella,112537,472
Isabella,130291,100
Isabella,139763,444
Isabella,171563,259
Isabella,118866,666
Isabella,192121,968
Isabella,143771,527
Isabella,192225,529
Isabella,199373,645
Isabella,184594,741
Isabella,141302,455
Isabella,187662,923
Isabella,116730,131
Isabella,112482,921
Isabella,105187,264
Isabella,170576,863
Isabella,158679,109
Isabella,159835,247
Isabella,171288,924
Isabella,189095,808
Isabella,199712,759
Isabella,119064,434
Isabella,192569,910
Isabella,103569,943
Isabella,117634,567
Isabella,125169,855
Isabella,141380,69
Isabella,132342,372
Isabella,181441,838
Isabella,103408,87
Isabella,142639,279
Isabella,125284,934
Isabella,118920,905
Isabella,115027,688
Isabella,181896,523
Isabella,183947,743
Isabella,175728,459
Isabella,102603,283
Isabella,189351,813
Isabella,172047,333
Isabella,131996,907
Isabella,119365,612
Isabella,155403,189
Isabella,114971,349
Isabella,132634,548
Isabella,115268,317
Isabella,135243,414
Isabella,125972,894
Isabella,156447,89
Isabella,106916,351
Isabella,104378,193
Isabella,185848,323
Isabella,155148,151
Isabella,125131,971
Isabella,162394,770
Isabella,121382,954
Isabella,116378,815
Isabella,143999,708
Isabella,185063,240
Isabella,176809,86
Isabella,153246,27
Isabella,105229,548
Isabella,153320,872
Isabella,100439,451
Isabella,134569,263
Isabella,183028,675
Isabella,182365,799
Isabella,146073,665
Isabella,181044,755
Isabella,179516,878
Isabella,139780,903
Isabella,109066,323
Isabella,151444,212
Isabella,158084,446
Isabella,191683,433
Isabella,117741,141
Isabella,194519,417
Isabella,136527,765
Isabella,108803,502
Isabella,161933,493
Isabella,102750,1000
Isabella,103384,971
Isabella,111150,605
Isabella,150117,763
Isabella,119449,980
Isabella,133304,679
Isabella,195973,961
Isabella,170309,935
Isabella,128658,550
Isabella,128237,906
Isabella,105450,793
Isabella,131620,120
Isabella,152873,798
Isabella,156430,814
Isabella,199912,820
Isabella,137521,765
Isabella,114460,203
Isabella,160895,542
Isabella,100317,493
Isabella,191952,675
Isabella,104555,359
Isabella,110484,294
Isabella,163014,490
Isabella,137919,846
Isabella,170074,757
Isabella,132633,393
Isabella,132322,249
Isabella,122125,755
Isabella,108106,761
Isabella,129537,616
Isabella,108660,982
Isabella,165757,338
Isabella,163281,645
Isabella,100519,406
Isabella,162105,765
Isabella,186748,17
Isabella,101293,595
Isabella,193947,889
Isabella,137433,230
Isabella,189186,447
Isabella,166630,104
Isabella,143435,491
Isabella,146318,272
Isabella,181777,987
Isabella,153947,790
Isabella,131385,936
Isabella,124593,867
Isabella,135554,702
Isabella,100366,661
Isabella,156664,510
Isabella,196030,162
Isabella,195352,665
Isabella,112024,978
Isabella,149131,17
Isabella,110256,669
Isabella,161604,985
Isabella,158536,661
Isabella,162333,335
Isabella,165647,701
Isabella,145842,431
Isabella,139482,503
Isabella,185517,511
Isabella,131004,157
Isabella,129956,757
Isabella,131802,405
Isabella,174148,894
Isabella,165613,813
Isabella,155600,8
Isabella,117878,442
Isabella,199195,650
Isabella,195822,672
Isabella,199462,364
Isabella,198648,777
Isabella,172094,235
Isabella,154471,528
Isabella,160148,920
Isabella,145867,347
Isabella,102032,604
Isabella,186695,953
Isabella,107849,301
Isabella,173457,297
Isabella,154826,45
Isabella,181068,781
Isabella,138287,246
Isabella,149306,890
Isabella,188737,753
Isabella,169886,306
Isabella,198076,241
Isabella,108671,245
Isabella,142193,101
Isabella,119431,643
Isabella,155349,844
Isabella,163928,97
Isabella,171924,856
Isabella,122622,208
Isabella,191227,536
Isabella,116320,569
Isabella,193043,207
Isabella,168448,35
Isabella,190382,986
Isabella,160826,60
Isabella,130168,197
Isabella,199794,294
Isabella,162089,512
Isabella,141282,234
Isabella,192466,539
Isabella,126794,759
Isabella,198249,470
Isabella,143706,837
Isabella,128436,563
Isabella,118868,257
Isabella,147913,927
Isabella,123371,467
Isabella,196042,341
Isabella,132379,702
Isabella,191457,202
Isabella,187574,804
Isabella,114705,357
Isabella,193659,239
Isabella,135770,622
Isabella,152928,854
Isabella,198305,577
Isabella,113108,583
Isabella,135239,628
Isabella,141879,119
Isabella,195991,327
Isabella,105778,744
Isabella,116438,504
Isabella,156342,704
Isabella,115066,766
Isabella,161013,425
Isabella,160688,639
Isabella,174378,598
Isabella,134671,991
Isabella,149969,591
Isabella,179531,971
Isabella,191199,478
Isabella,173517,419
Isabella,160949,632
Isabella,155810,283
Isabella,133671,751
Isabella,117836,281
Isabella,118709,937
Isabella,177894,388
Isabella,142660,304
Isabella,121362,403
Isabella,104146,760
Isabella,146356,763
Isabella,158239,551
Isabella,159148,182
Isabella,127862,408
Isabella,128571,799
Isabella,176688,404
Isabella,122224,355
Isabella,186030,359
Isabella,118968,737
Isabella,126196,703
Isabella,152063,943
Isabella,137099,212
Isabella,132154,837
Isabella,124207,82
Isabella,136018,755
Isabella,127819,681
Isabella,166771,22
Isabella,146268,201
Isabella,108802,776
Isabella,103247,590
Isabella,198591,936
Isabella,116685,325
Isabella,192082,353
Isabella,120049,307
Isabella,124005,851
Isabella,183985,902
Isabella,118710,501
Isabella,177475,239
Isabella,182638,121
Isabella,157417,535
Isabella,144904,750
Isabella,170584,883
Isabella,171492,289
Isabella,115739,944
Isabella,125733,857
Isabella,125106,431
Isabella,179460,964
Isabella,197311,399
Isabella,117303,120
Isabella,114982,421
Isabella,113428,321
Isabella,140354,454
Isabella,175241,224
Isabella,119095,129
Isabella,155384,277
Isabella,127697,229
Isabella,190561,878
Isabella,133938,965
Isabella,165892,980
Isabella,167917,441
Isabella,131097,957
Isabella,171781,637
Isabella,183369,599
Isabella,193024,888
Isabella,142404,90
Isabella,171132,979
Isabella,156688,368
Isabella,129254,612
Isabella,163446,295
Isabella,154249,311
Isabella,113871,765
Isabella,175774,885
Isabella,166405,275
Isabella,127692,389
Isabella,183007,338
Isabella,107070,375
Isabella,168103,523
Isabella,134238,642
Isabella,128411,617
Isabella,199571,312
Isabella,149407,264
Isabella,152912,163
Isabella,112475,821
Isabella,184608,919
Isabella,129923,317
Isabella,184557,216
Isabella,117664,835
Isabella,149060,63
Isabella,158440,529
Isabella,156847,387
Isabella,179504,692
Isabella,179941,61
Isabella,145295,21
Isabella,136335,803
Isabella,141080,811
Isabella,114117,249
Isabella,152843,1000
Isabella,175296,75
Isabella,139264,923
Isabella,112416,214
Isabella,125663,882
Isabella,192890,743
Isabella,102928,61
Isabella,162821,232
Isabella,181768,906
Isabella,191445,685
Isabella,155990,907
Isabella,118605,84
Isabella,199390,132
Isabella,143594,578
Isabella,190417,210
Isabella,116980,644
Isabella,197498,846
Isabella,151861,363
Isabella,198513,914
Isabella,119804,247
Isabella,140684,702
Isabella,198232,551
Isabella,162001,413
Isabella,189693,386
Isabella,119199,461
Isabella,187313,536
Isabella,143848,959
Isabella,141077,520
Isabella,163749,984
Isabella,126302,67
Isabella,119133,297
Isabella,122805,863
Isabella,137435,692
Isabella,118540,771
Isabella,102382,197
Isabella,134565,8
Isabella,149519,54
Isabella,146534,32
Isabella,156930,791
Isabella,136025,751
Isabella,156088,9
Isabella,190514,778
Isabella,189967,974
Isabella,179199,664
Isabella,191977,527
Isabella,140187,563
Isabella,137122,938
Isabella,187822,405
Isabella,101001,676
Isabella,112267,434
Isabella,194789,658
Isabella,118298,372
Isabella,192234,783
Isabella,112002,956
Isabella,167704,667
Isabella,152355,485
Isabella,116156,19
Isabella,144708,888
Isabella,133915,882
Isabella,184940,803
Isabella,153306,866
Isabella,123651,219
Isabella,179972,837
Isabella,100764,523
Isabella,167555,811
Isabella,177553,671
Isabella,124540,228
Isabella,132632,272
Isabella,122506,154
Isabella,178415,449
Isabella,112141,743
Isabella,167505,426
Isabella,153035,497
Isabella,110423,922
Isabella,104511,917
Isabella,159217,417
Isabella,195700,608
Isabella,127713,912
Isabella,130231,124
Isabella,199522,294
Isabella,135531,674
Isabella,189285,208
Isabella,103261,902
Isabella,129329,240
Isabella,115936,271
Isabella,144174,959
Isabella,186307,809
Isabella,183283,106
Isabella,107630,131
Isabella,150801,479
Isabella,146127,1000
Isabella,157735,743
Isabella,155009,50
Isabella,187143,732
Isabella,162830,139
Isabella,115278,592
Isabella,173326,227
Isabella,130645,921
Isabella,136690,750
Isabella,100935,616
Isabella,148533,389
Isabella,129977,274
Isabella,195795,444
Isabella,136781,532
Isabella,111404,240
Isabella,190000,679
Isabella,164482,617
Isabella,108715,525
Isabella,173853,36
Isabella,192083,428
Isabella,124730,984
Isabella,113285,844
Isabella,138593,197
Isabella,184982,921
Isabella,184475,17
Isabella,120319,636
Isabella,147400,466
Isabella,155054,518
Isabella,161151,73
Isabella,117757,583
Isabella,134382,426
Isabella,194146,434
Isabella,144359,627
Isabella,131425,135
Isabella,188477,489
Isabella,127024,112
Isabella,127608,54
Isabella,100835,544
Isabella,140170,203
Isabella,105060,424
Isabella,115614,585
Isabella,178523,801
Isabella,133992,884
Isabella,187259,495
Isabella,156199,569
Isabella,186941,457
Isabella,103473,763
Isabella,184066,992
Isabella,137197,645
Isabella,183644,847
Isabella,131664,752
Isabella,107873,427
Isabella,168973,424
Isabella,156532,633
Isabella,137978,470
Isabella,188083,336
Isabella,124257,142
Isabella,172318,587
Isabella,130686,597
Isabella,120900,214
Isabella,102023,785
Isabella,195168,102
Isabella,158329,661
Isabella,144207,678
Isabella,132309,8
Isabella,116434,496
Isabella,103379,975
Isabella,120108,629
Isabella,173787,884
Isabella,104326,908
Isabella,173527,878
Isabella,111606,706
Isabella,192076,314
Isabella,112308,748
Isabella,167417,879
Isabella,161668,498
Isabella,140918,819
Isabella,196720,293
Isabella,102386,565
Isabella,162649,38
Isabella,197201,854
Isabella,102912,927
Isabella,155905,722
Isabella,103353,252
Isabella,158259,866
Isabella,154145,457
Isabella,180543,342
Isabella,121284,851
Isabella,176845,214
Isabella,120334,930
Isabella,161518,693
Isabella,134366,468
Isabella,123055,677
Isabella,129355,206
Isabella,135607,74
Isabella,125937,653
Isabella,182877,334
Isabella,198133,907
Isabella,144946,232
Isabella,124671,797
Isabella,131098,203
Isabella,124998,663
Isabella,158273,855
Isabella,197465,485
Isabella,134735,168
Isabella,140062,528
Isabella,195692,813
Isabella,125033,834
Isabella,175114,122
Isabella,116678,660
Isabella,101260,814
Isabella,135317,695
Isabella,190051,170
Isabella,131580,604
Isabella,180890,197
Isabella,129778,322
Isabella,174920,747
Isabella,100266,337
Isabella,181907,63
Isabella,144226,763
Isabella,191146,791
Isabella,102417,887
Isabella,120908,949
Isabella,170555,691
Isabella,125079,425
Isabella,186205,125
Isabella,161960,568
Isabella,159789,756
Isabella,118954,676
Isabella,143503,517
Isabella,189365,66
Isabella,128070,26
Isabella,154274,881
Isabella,113874,860
Isabella,101018,342
Isabella,100042,610
Isabella,118569,879
Isabella,173594,815
Isabella,106851,226
Isabella,146804,507
Isabella,107208,1000
Isabella,101061,323
Isabella,195995,721
Isabella,157128,701
Isabella,126004,742
Isabella,172084,819
Isabella,147643,478
Isabella,127990,828
Isabella,128653,777
Isabella,174589,726
Isabella,197803,250
Isabella,127514,161
Isabella,143767,828
Isabella,182976,228
Isabella,139963,167
Isabella,116448,918
Isabella,122479,13
Isabella,139339,74
Isabella,126819,475
Isabella,174870,331
Isabella,134884,679
Isabella,182193,991
Isabella,133181,437
Isabella,172740,851
Isabella,118648,780
Isabella,191650,929
Isabella,139601,140
Isabella,177364,355
Isabella,120623,118
Isabella,144253,991
Isabella,176590,981
Isabella,190595,570
Idola,135570,759
Idola,148334,861
Idola,106730,249
Idola,104456,134
Idola,103504,821
Idola,159261,396
Idola,196218,949
Idola,154236,43
Idola,143083,966
Idola,180861,160
Idola,161317,381
Idola,146278,90
Idola,178963,652
Idola,188534,545
Idola,161940,94
Idola,141433,30
Idola,171926,412
Idola,128045,154
Idola,122010,273
Idola,118824,473
Idola,109526,215
Idola,101837,440
Idola,115068,734
Idola,199738,848
Idola,169741,534
Idola,103418,792
Idola,124241,817
Idola,184528,212
Idola,183457,95
Idola,189537,41
Idola,192784,766
Idola,115137,536
Idola,157610,323
Idola,133759,718
Idola,153533,943
Idola,194454,550
Idola,184873,855
Idola,128932,933
Idola,143684,570
Idola,137543,592
Idola,130664,477
Idola,162266,126
Idola,145411,266
Idola,142047,300
Idola,139778,82
Idola,126492,503
Idola,181745,131
Idola,105542,887
Idola,126386,79
Idola,161121,296
Idola,110059,666
Idola,172128,67
Idola,193606,597
Idola,146852,852
Idola,127133,784
Idola,129515,627
Idola,169728,957
Idola,124651,745
Idola,137741,881
Idola,123762,143
Idola,157280,657
Idola,136158,800
Idola,155778,137
Idola,198116,428
Idola,110934,691
Idola,185348,455
Idola,155899,306
Idola,179913,18
Idola,139163,508
Idola,132438,662
Idola,105555,77
Idola,112795,83
Idola,182600,841
Idola,198364,186
Idola,112509,315
Idola,118682,55
Idola,184827,144
Idola,196512,976
Idola,129999,140
Idola,196995,88
Idola,108260,177
Idola,145947,237
Idola,128682,982
Idola,110839,701
Idola,196400,444
Idola,191306,677
Idola,104833,249
Idola,193461,957
Idola,129008,470
Idola,102181,69
Idola,154104,140
Idola,113893,943
Idola,141775,111
Idola,152779,813
Idola,112298,157
Idola,130809,839
Idola,149550,677
Idola,150814,536
Idola,140692,566
Idola,189664,63
Idola,166597,850
Idola,109581,744
Idola,144042,558
Idola,102255,319
Idola,167212,365
Idola,176424,271
Idola,197968,945
Idola,105915,283
Idola,146087,190
Idola,107398,361
Idola,122429,117
Idola,101998,964
Idola,169825,684
Idola,116160,724
Idola,166355,523
Idola,127929,670
Idola,124381,257
Idola,133061,477
Idola,123237,392
Idola,117978,175
Idola,116465,562
Idola,191983,984
Idola,114176,869
Idola,135294,288
Idola,172275,23
Idola,178296,425
Idola,180279,774
Idola,165464,469
Idola,149220,613
Idola,139953,665
Idola,148302,200
Idola,153142,142
Idola,136312,18
Idola,139309,999
Idola,188222,499
Idola,150908,184
Idola,183773,195
Idola,130387,262
Idola,113930,727
Idola,191243,997
Idola,164547,154
Idola,117121,874
Idola,142129,695
Idola,108366,355
Idola,103776,464
Idola,183397,523
Idola,134024,938
Idola,169493,867
Idola,163409,463
Idola,123573,158
Idola,195735,200
Idola,168262,300
Idola,175473,306
Idola,195685,652
Idola,179113,912
Idola,130470,586
Idola,151605,750
Idola,156061,512
Idola,198796,872
Idola,167801,116
Idola,130961,726
Idola,158991,279
Idola,162479,701
Idola,120256,333
Idola,115038,580
Idola,151904,185
Idola,146934,524
Idola,161867,611
Idola,143045,812
Idola,186013,347
Idola,177398,72
Idola,160698,908
Idola,180692,777
Idola,193337,571
Idola,101658,520
Idola,185095,797
Idola,143783,47
Idola,102572,132
Idola,140376,725
Idola,110714,453
Idola,167005,214
Idola,152815,603
Idola,192099,330
Idola,173140,445
Idola,179745,778
Idola,100249,268
Idola,130801,140
Idola,160794,510
Idola,159858,612
Idola,118250,363
Idola,146820,59
Idola,152374,776
Idola,154591,923
Idola,136868,540
Idola,119749,158
Idola,157359,109
Idola,120073,703
Idola,135364,880
Idola,160809,470
Idola,178675,294
Idola,149211,58
Idola,177921,49
Idola,179724,512
Idola,158406,747
Idola,118926,461
Idola,112108,630
Idola,177955,627
Idola,195778,241
Idola,117776,414
Idola,121253,27
Idola,127308,595
Idola,101136,926
Idola,198910,556
Idola,168166,439
Idola,180388,150
Idola,159802,986
Idola,162434,899
Idola,163386,927
Idola,173747,909
Idola,158567,126
Idola,144925,11
Idola,187089,680
Idola,118853,364
Idola,133119,883
Idola,173157,844
Idola,105305,527
Idola,106022,667
Idola,156118,539
Idola,131066,538
Idola,106418,559
Idola,132935,424
Idola,103364,13
Idola,179354,253
Idola,139172,12
Idola,146625,483
Idola,171174,292
Idola,188038,242
Idola,153342,387
Idola,158697,729
Idola,158489,24
Idola,140913,115
Idola,193125,898
Idola,126440,177
Idola,194526,350
Idola,107762,494
Idola,128931,313
Idola,194398,705
Idola,103117,55
Idola,197355,624
Idola,105318,99
Idola,191627,945
Idola,118814,68
Idola,192503,502
Idola,104739,385
Idola,138398,200
Idola,127060,212
Idola,135592,381
Idola,143404,708
Idola,179303,322
Idola,126353,150
Idola,175239,334
Idola,106672,483
Idola,168886,873
Idola,100754,463
Idola,125795,603
Idola,194900,3
Idola,115965,393
Idola,169036,916
Idola,100081,493
Idola,141146,675
Idola,141984,180
Idola,169136,823
Idola,140110,666
Idola,157187,198
Idola,189181,219
Idola,130172,173
Idola,121372,940
Idola,143223,704
Idola,152634,900
Idola,151141,411
Idola,113831,165
Idola,199709,776
Idola,184974,425
Idola,195732,858
Idola,149749,648
Idola,181449,298
Idola,199348,666
Idola,122604,777
Idola,193702,239
Idola,114202,253
Idola,173820,515
Idola,136779,581
Idola,139221,70
Idola,134785,757
Idola,112059,707
Idola,170592,281
Idola,161762,361
Idola,120273,53
Idola,192306,607
Idola,149859,325
Idola,132831,165
Idola,141919,856
Idola,113537,246
Idola,138737,744
Idola,192021,11
Idola,161357,531
Idola,113707,952
Idola,192265,89
Idola,188447,680
Idola,142723,194
Idola,109304,552
Idola,102327,932
Idola,159624,973
Idola,135065,912
Idola,148718,792
Idola,189851,218
Idola,142758,381
Idola,176517,17
Idola,154593,337
Idola,109501,364
Idola,147940,810
Idola,108230,611
Idola,168526,823
Idola,198515,771
Idola,162399,623
Idola,131514,8
Idola,187070,985
Idola,119921,481
Idola,136378,660
Idola,119959,486
Idola,133127,86
Idola,127850,178
Idola,180959,682
Idola,116240,817
Idola,191124,594
Idola,179760,407
Idola,187791,890
Idola,112183,463
Idola,104837,777
Idola,198324,142
Idola,128448,935
Idola,102850,922
Idola,104089,213
Idola,100397,143
Idola,125335,862
Idola,113621,22
Idola,114939,884
Idola,106294,93
Idola,192518,559
Idola,176722,447
Idola,101194,961
Idola,123443,396
Idola,177437,618
Idola,117619,949
Idola,122458,245
Idola,117877,727
Idola,136967,963
Idola,114443,575
Idola,127847,68
Idola,196209,442
Idola,108756,859
Idola,147908,477
Idola,150998,489
Idola,124882,926
Idola,109055,465
Idola,155147,888
Idola,139662,656
Idola,191770,869
Idola,139057,678
Idola,147844,643
Idola,109689,386
Idola,117436,794
Idola,168917,229
Idola,150483,215
Idola,138334,439
Idola,184655,846
Idola,122834,104
Idola,109664,897
Idola,151608,299
Idola,139442,19
Idola,196836,178
Idola,187349,796
Idola,104384,598
Idola,107161,186
Idola,191465,940
Idola,115844,957
Idola,102161,545
Idola,137739,366
Idola,140757,674
Idola,131771,476
Idola,199566,732
Idola,174552,997
Idola,152571,987
Idola,194157,603
Idola,147251,509
Idola,139340,941
Idola,143638,149
Idola,109099,464
Idola,181487,149
Idola,169573,784
Idola,123876,204
Idola,195476,933
Idola,165497,471
Idola,174292,188
Idola,159980,571
Idola,196856,225
Idola,150875,951
Idola,124371,875
Idola,101524,855
Idola,135039,190
Idola,132886,646
Idola,193369,105
Idola,192418,624
Idola,135946,300
Idola,182518,96
Idola,100932,664
Idola,140525,884
Idola,103188,101
Idola,151613,508
Idola,108159,988
Idola,116012,764
Idola,139515,180
Idola,140446,557
Idola,173129,168
Idola,172654,390
Idola,177847,425
Idola,143363,684
Idola,184814,525
Idola,141557,880
Idola,161450,945
Idola,105255,403
Idola,104644,980
Idola,169034,228
Idola,188876,66
Idola,139146,887
Idola,187541,820
Idola,136935,322
Idola,198058,224
Idola,108375,693
Idola,106125,814
Idola,175694,113
Idola,103347,924
Idola,168292,315
Idola,101180,381
Idola,152222,177
Idola,114195,348
Idola,102228,920
Idola,145129,933
Idola,102692,918
Idola,195012,142
Idola,146587,780
Idola,160912,285
Idola,128684,574
Idola,155291,581
Idola,112272,540
Idola,128626,507
Idola,104203,492
Idola,126707,630
Idola,149398,36
Idola,194887,529
Idola,118497,743
Idola,136033,141
Idola,148672,32
Idola,111113,618
Idola,187460,881
Idola,127750,581
Idola,198862,434
Idola,160307,875
Idola,130086,85
Idola,183609,845
Idola,143613,316
Idola,134432,61
Idola,188310,607
Idola,105354,981
Idola,163461,293
Idola,176862,915
Idola,101368,302
Idola,106773,732
Idola,194726,590
Idola,182159,364
Idola,100198,607
Idola,168540,940
Idola,161941,327
Idola,117413,705
Idola,124653,576
Idola,108949,160
Idola,130658,631
Idola,130691,579
Idola,111775,610
Idola,167751,682
Idola,132979,293
Idola,148382,975
Idola,110745,706
Idola,139931,691
Idola,181968,582
Idola,156507,252
Idola,125116,575
Idola,152088,876
Idola,164685,110
Idola,171582,550
Idola,177579,179
Idola,102360,78
Idola,192563,783
Idola,105758,749
Idola,170920,43
Idola,158479,958
Idola,193877,691
Idola,171431,630
Idola,103301,352
Idola,142269,182
Idola,133385,226
Idola,159850,689
Idola,174344,404
Idola,101845,910
Idola,107831,566
Idola,153024,719
Idola,122368,518
Idola,197704,917
Idola,158039,495
Idola,138282,169
Idola,184358,928
Idola,125949,18
Idola,150435,837
Idola,165739,994
Idola,151066,722
Idola,132726,918
Idola,133360,307
Idola,199468,813
Idola,156276,165
Idola,107247,549
Idola,150167,319
Idola,130666,284
Idola,157422,489
Idola,152128,37
Idola,161914,462
Idola,196217,965
Idola,177489,952
Idola,168026,771
Idola,107012,875
Idola,193722,413
Idola,111344,251
Idola,122721,499
Idola,105886,625
Idola,134351,945
Idola,145642,355
Idola,129662,442
Idola,122369,381
Idola,169853,807
Idola,184842,995
Idola,181788,960
Idola,188752,169
Idola,127346,956
Idola,169204,194
Idola,106529,164
Idola,160090,634
Idola,104345,501
Idola,174001,482
Idola,130369,878
Idola,112965,202
Idola,138955,747
Idola,194790,986
Idola,152320,696
Idola,169322,787
Idola,128240,596
Idola,103024,109
Idola,178447,216
Idola,125530,341
Idola,129277,463
Idola,133591,310
Idola,175349,331
Idola,196625,455
Idola,119889,104
Idola,142604,314
Idola,110103,256
Idola,130641,730
Idola,180291,560
Idola,176484,458
Idola,178964,57
Idola,124529,531
Idola,137505,405
Idola,189853,220
Idola,109268,705
Idola,174990,996
Idola,154790,836
Idola,123043,239
Idola,105430,169
Idola,177609,488
Idola,136078,223
Idola,152923,41
Idola,135590,837
Idola,178945,638
Idola,147275,252
Idola,152638,930
Idola,138439,905
Idola,104401,950
Idola,187906,587
Idola,191086,506
Idola,157898,376
Idola,110500,121
Idola,107314,65
Idola,104626,816
Idola,187627,258
Idola,112964,407
Idola,181006,52
Idola,115428,382
Idola,167384,739
Idola,123912,537
Idola,186752,766
Idola,113973,230
Idola,140351,658
Idola,160193,830
Idola,173586,50
Idola,194279,441
Idola,114194,718
Idola,193712,811
Idola,116018,299
Idola,136599,207
Idola,116792,11
Idola,153980,684
Idola,155011,566
Idola,168725,507
Idola,120899,834
Idola,169692,883
Idola,142226,236
Idola,174636,2
Idola,156256,89
Idola,120696,83
Idola,152578,278
Idola,154455,605
Idola,111930,310
Idola,123960,164
Idola,175255,610
Idola,139448,69
Idola,178776,591
Idola,193454,727
Idola,121313,220
Idola,141457,754
Idola,100138,580
Idola,147685,646
Idola,124779,695
Idola,124064,591
Idola,108026,308
Idola,113496,825
Idola,199497,695
Idola,184556,165
Idola,147081,591
Idola,116032,212
Idola,104871,155
Idola,101421,2
Idola,167132,972
Idola,184028,767
Idola,168719,320
Idola,145323,286
Idola,186308,779
Idola,136739,458
Idola,105956,81
Idola,186594,263
Idola,103627,575
Idola,134514,60
Idola,158516,531
Idola,188778,190
Idola,150717,568
Idola,190379,565
Idola,136646,902
Idola,160955,9
Idola,165671,176
Idola,122432,816
Idola,140880,387
Idola,186626,858
Idola,157276,920
Idola,107189,745
Idola,191045,709
Idola,103604,499
Idola,126870,745
Idola,188464,284
Idola,156529,686
Idola,102903,382
Idola,193826,360
Idola,112423,559
Idola,171029,479
Idola,142208,810
Idola,117750,980
Idola,184034,502
Idola,178153,725
Idola,131084,553
Idola,122671,20
Idola,158353,471
Idola,138578,411
Idola,157070,222
Idola,172077,698
Idola,127271,124
Idola,140822,78
Idola,121082,93
Idola,199134,551
Idola,111617,364
Idola,180276,826
Idola,175506,844
Idola,110025,73
Idola,118910,389
Idola,180615,366
Idola,124390,399
Idola,184971,2
Idola,176034,439
Idola,184437,223
Idola,155075,693
Idola,170337,232
Idola,148171,734
Idola,180910,101
Idola,190720,564
Idola,130181,80
Idola,189187,339
Idola,145920,797
Idola,110391,976
Idola,130414,711
Idola,174470,81
Idola,174158,569
Idola,172269,978
Idola,131222,13
Idola,180139,909
Idola,119730,38
Idola,188831,971
Idola,143109,604
Idola,156081,81
Idola,189419,429
Idola,190293,909
Idola,186112,606
Idola,184320,67
Idola,131914,279
Idola,175113,896
Idola,115097,297
Idola,134803,89
Idola,196229,303
Idola,146793,670
Idola,196984,591
Idola,103072,827
Idola,168005,979
Idola,126317,579
Idola,146990,72
Idola,185375,720
Idola,184821,206
Idola,139441,149
Idola,126506,2
Idola,153651,779
Idola,111600,543
Idola,165626,624
Idola,163832,831
Idola,106103,962
Idola,125206,329
Idola,191679,520
Idola,120143,590
Idola,151883,805
Idola,140597,393
Idola,117455,415
Idola,114132,77
Idola,195650,43
Idola,161995,888
Idola,111332,995
Idola,174505,915
Idola,118216,699
Idola,179178,678
Idola,180675,386
Idola,158348,299
Idola,175466,454
Idola,136812,328
Idola,186909,780
Idola,128185,912
Idola,165279,834
Idola,108389,473
Idola,108216,32
Idola,175272,289
Idola,146906,639
Idola,128959,179
Idola,164222,590
Idola,171567,161
Idola,146100,441
Idola,161031,955
Idola,163690,894
Idola,168308,384
Idola,154106,417
Idola,102736,386
Idola,122945,658
Idola,152772,892
Idola,177346,262
Idola,193919,71
Idola,199997,260
Idola,147829,769
Idola,130302,383
Idola,178585,265
Idola,189541,83
Idola,198556,351
Idola,193863,467
Idola,144018,983
Idola,110404,983
Idola,190213,73
Idola,182313,809
Idola,137538,687
Idola,159606,872
Idola,158785,316
Idola,177650,91
Idola,172900,491
Idola,108154,622
Idola,108303,430
Idola,166187,911
Idola,182311,376
Idola,123493,909
Idola,150836,67
Idola,167064,299
Idola,104170,206
Idola,185693,891
Idola,117767,244
Idola,140709,329
Idola,198018,824
Idola,186287,586
Idola,187036,565
Idola,105608,440
Idola,165859,838
Idola,117964,611
Idola,112219,348
Idola,108829,800
Idola,146588,2
Idola,116573,440
Idola,195512,423
Idola,134043,599
Idola,150035,764
Idola,156197,197
Idola,116360,674
Idola,155177,248
Idola,146136,366
Idola,128749,246
Idola,199984,32
Idola,198059,178
Idola,141376,549
Idola,156566,877
Idola,136111,284
Idola,197937,166
Idola,153158,247
Idola,140385,473
Idola,168889,249
Idola,186170,124
Idola,118929,374
Idola,178383,800
Idola,103635,232
Idola,183112,443
Idola,196704,652
Idola,137712,712
Idola,169790,802
Idola,184706,465
Idola,148322,553
Idola,137320,186
Idola,178078,306
Idola,145863,300
Idola,113522,764
Idola,102568,832
Idola,124062,952
Idola,134016,795
Idola,102378,173
Idola,120923,574
Idola,191981,519
Idola,125380,866
Idola,187927,63
Idola,178180,400
Idola,146025,850
Idola,165980,794
Idola,150036,633
Idola,141172,865
Idola,129022,529
Idola,164984,464
Idola,113718,334
Idola,108694,99
Idola,187111,564
Idola,113149,682
Idola,197674,560
Idola,111393,417
Idola,173005,543
Idola,195932,374
Idola,105753,100
Idola,150359,750
Idola,180322,599
Idola,188807,548
Idola,138767,381
Idola,124237,408
Idola,136966,477
Idola,185458,318
Idola,149586,398
Idola,104502,843
Idola,163883,84
Idola,100429,168
Idola,109208,936
Idola,126044,467
Idola,177180,850
Idola,112112,29
Idola,110074,409
Idola,148337,454
Idola,113403,752
Idola,164345,762
Idola,100506,940
Idola,171024,364
Idola,165476,791
Idola,174945,17
Idola,158665,787
Idola,104092,53
Idola,195648,171
Idola,152022,276
Idola,111631,696
Idola,143754,322
Idola,179085,753
Idola,123068,868
Idola,160417,185
Idola,149029,213
Idola,147852,846
Idola,112988,332
Idola,130577,603
Idola,198467,959
Idola,138630,400
Idola,102402,144
Idola,112890,76
Idola,102512,756
Idola,156271,757
Idola,124476,137
Idola,193999,54
Idola,183625,424
Idola,198141,365
Idola,142116,204
Idola,113843,734
Idola,155176,452
Idola,121927,355
Idola,118155,887
Idola,111642,352
Idola,190559,315
Idola,138832,55
Idola,132399,747
Idola,176486,107
Idola,153312,416
Idola,134342,516
Idola,126645,170
Idola,160105,834
Idola,133502,469
Idola,103449,354
Idola,146327,327
Idola,154789,660
Idola,142957,287
Idola,150480,810
Idola,172076,6
Idola,158187,849
Idola,185931,115
Idola,169392,245
Idola,186694,287
Idola,154292,744
Idola,125943,431
Idola,155140,317
Idola,197812,593
Idola,151582,561
Idola,160999,193
Idola,159570,609
Idola,118614,725
Idola,192237,292
Idola,198768,762
Idola,124021,138
Idola,148884,551
Idola,179950,338
Idola,169699,86
Idola,122037,475
Idola,156790,722
Idola,113337,926
Idola,101287,536
Idola,115378,681
Idola,102881,539
Idola,183618,948
Idola,107010,36
Idola,155270,173
Idola,114222,792
Idola,191757,36
Idola,196893,146
Idola,155097,727
Idola,190377,362
Idola,138719,492
Idola,108437,154
Idola,173069,309
Idola,117131,473
Idola,113896,719
Idola,171959,407
Idola,185163,622
Idola,152443,702
Idola,151164,26
Idola,116355,376
Idola,153970,907
Idola,158078,734
Idola,185970,168
Idola,121252,935
Idola,136613,620
Idola,184711,990
Idola,157194,877
Idola,170687,754
Idola,144919,755
Idola,155668,950
Idola,197172,621
Idola,193882,530
Idola,192805,734
Idola,161676,63
Idola,182264,213
Idola,125043,958
Idola,120366,324
Hilel,180499,384
Hilel,101170,998
Hilel,193917,135
Hilel,162790,435
Hilel,192018,108
Hilel,187370,168
Hilel,159146,305
Hilel,106638,426
Hilel,175132,476
Hilel,138856,273
Hilel,198748,751
Hilel,144208,929
Hilel,106339,51
Hilel,155259,55
Hilel,135089,488
Hilel,120416,352
Hilel,195637,268
Hilel,185716,251
Hilel,186028,890
Hilel,129210,667
Hilel,161803,289
Hilel,198940,963
Hilel,116824,293
Hilel,110504,243
Hilel,164841,567
Hilel,153741,577
Hilel,183048,485
Hilel,102099,399
Hilel,136306,130
Hilel,118141,218
Hilel,148484,393
Hilel,165696,534
Hilel,199875,920
Hilel,151376,945
Hilel,107774,9
Hilel,146037,532
Hilel,126553,416
Hilel,142161,95
Hilel,127852,220
Hilel,122476,572
Hilel,162216,929
Hilel,147096,215
Hilel,171461,358
Hilel,161634,9
Hilel,168392,328
Hilel,141907,225
Hilel,132671,375
Hilel,176675,666
Hilel,160336,565
Hilel,173823,360
Hilel,115410,755
Hilel,120941,103
Hilel,149810,535
Hilel,186416,732
Hilel,173125,187
Hilel,174653,518
Hilel,125700,865
Hilel,120536,111
Hilel,133535,602
Hilel,198001,982
Hilel,120308,213
Hilel,186996,100
Hilel,137451,1
Hilel,114651,874
Hilel,155880,768
Hilel,132922,514
Hilel,115391,119
Hilel,163595,346
Hilel,163047,420
Hilel,116885,365
Hilel,163602,779
Hilel,145275,692
Hilel,183225,201
Hilel,155953,846
Hilel,159321,613
Hilel,113827,589
Hilel,127416,699
Hilel,186238,369
Hilel,177770,999
Hilel,188357,142
Hilel,196898,904
Hilel,145462,194
Hilel,199680,902
Hilel,134476,812
Hilel,172411,902
Hilel,104148,530
Hilel,131623,491
Hilel,137806,21
Hilel,198026,537
Hilel,187623,294
Hilel,191628,647
Hilel,168997,158
Hilel,105912,850
Hilel,137224,254
Hilel,129235,872
Hilel,130165,537
Hilel,165234,13
Hilel,130044,259
Hilel,137208,420
Hilel,153293,572
Hilel,188518,642
Hilel,131353,2
Hilel,127288,561
Hilel,189695,346
Hilel,176817,883
Hilel,178452,213
Hilel,169170,692
Hilel,180160,85
Hilel,128049,912
Hilel,133349,362
Hilel,103607,776
Hilel,196465,398
Hilel,125643,468
Hilel,192326,118
Hilel,154331,438
Hilel,194101,793
Hilel,127858,858
Hilel,178817,79
Hilel,175978,470
Hilel,155892,768
Hilel,114662,664
Hilel,171614,247
Hilel,146072,556
Hilel,126486,146
Hilel,196177,711
Hilel,180648,165
Hilel,123053,126
Hilel,182717,412
Hilel,140581,401
Hilel,198509,877
Hilel,144431,955
Hilel,177994,671
Hilel,109746,136
Hilel,148191,516
Hilel,170712,757
Hilel,132255,802
Hilel,168015,804
Hilel,118515,700
Hilel,101283,481
Hilel,191917,337
Hilel,148892,85
Hilel,145619,310
Hilel,103623,404
Hilel,156402,801
Hilel,142154,554
Hilel,158512,972
Hilel,194868,354
Hilel,162427,633
Hilel,138384,408
Hilel,112249,648
Hilel,160694,520
Hilel,176211,706
Hilel,145021,894
Hilel,135178,474
Hilel,101791,830
Hilel,100792,191
Hilel,147959,840
Hilel,162687,925
Hilel,169857,488
Hilel,111684,709
Hilel,199083,823
Hilel,108028,164
Hilel,109740,72
Hilel,176089,490
Hilel,131002,455
Hilel,145475,139
Hilel,184450,789
Hilel,137085,243
Hilel,105166,248
Hilel,168607,990
Hilel,123866,643
Hilel,184356,494
Hilel,127370,712
Hilel,187990,722
Hilel,134500,752
Hilel,124818,158
Hilel,109161,196
Hilel,188099,332
Hilel,105904,295
Hilel,120977,592
Hilel,155645,585
Hilel,109557,835
Hilel,128685,40
Hilel,174078,187
Hilel,189242,704
Hilel,186711,738
Hilel,165428,800
Hilel,102113,591
Hilel,191346,534
Hilel,136787,460
Hilel,148894,569
Hilel,106069,548
Hilel,122112,122
Hilel,188640,735
Hilel,131987,124
Hilel,136885,130
Hilel,103697,141
Hilel,101106,995
Hilel,172880,951
Hilel,185635,545
Hilel,141847,593
Hilel,193862,276
Hilel,132511,808
Hilel,149856,454
Hilel,199720,581
Hilel,182117,604
Hilel,168290,478
Hilel,178627,222
Hilel,137302,818
Hilel,120759,588
Hilel,139768,27
Hilel,129332,112
Hilel,120530,736
Hilel,127603,480
Hilel,137861,806
Hilel,195288,765
Hilel,104426,149
Hilel,196027,498
Hilel,152764,921
Hilel,191821,919
Hilel,116155,751
Hilel,101902,563
Hilel,134474,664
Hilel,122825,425
Hilel,176861,917
Hilel,115297,342
Hilel,143880,935
Hilel,112270,584
Hilel,183196,769
Hilel,118649,251
Hilel,126220,522
Hilel,180093,34
Hilel,143913,538
Hilel,161070,427
Hilel,184734,737
Hilel,158005,468
Hilel,196630,368
Hilel,101699,203
Hilel,149133,203
Hilel,120153,395
Hilel,110992,394
Hilel,104952,724
Hilel,138668,534
Hilel,198537,810
Hilel,156424,990
Hilel,116427,728
Hilel,171689,667
Hilel,123925,342
Hilel,117188,196
Hilel,153130,646
Hilel,111036,860
Hilel,173795,172
Hilel,186891,184
Hilel,123586,319
Hilel,103981,448
Hilel,128365,779
Hilel,109037,227
Hilel,117859,953
Hilel,180850,402
Hilel,134473,464
Hilel,175194,194
Hilel,179078,644
Hilel,130136,955
Hilel,100999,432
Hilel,135640,685
Hilel,141156,990
Hilel,146877,536
Hilel,106192,270
Hilel,183572,963
Hilel,145723,837
Hilel,151362,503
Hilel,163829,9
Hilel,103461,816
Hilel,187247,803
Hilel,139505,987
Hilel,112789,909
Hilel,103677,792
Hilel,140024,366
Hilel,176968,767
Hilel,123455,802
Hilel,149972,679
Hilel,190543,14
Hilel,186985,293
Hilel,138696,847
Hilel,150101,369
Hilel,178532,889
Hilel,167341,848
Hilel,149359,83
Hilel,119560,998
Hilel,187458,578
Hilel,111888,991
Hilel,140037,869
Hilel,108468,88
Hilel,189144,756
Hilel,135483,117
Hilel,180045,335
Hilel,175270,312
Hilel,188156,183
Hilel,171232,453
Hilel,129470,494
Hilel,183469,892
Hilel,111131,686
Hilel,133411,602
Hilel,163345,430
Hilel,190788,247
Hilel,168346,93
Hilel,165899,41
Hilel,145789,182
Hilel,176262,196
Hilel,177721,584
Hilel,185627,198
Hilel,180616,942
Hilel,173315,389
Hilel,197866,812
Hilel,183355,381
Hilel,173945,794
Hilel,113816,875
Hilel,163529,573
Hilel,126169,656
Hilel,153864,66
Hilel,123981,506
Hilel,163970,209
Hilel,109900,772
Hilel,117480,59
Hilel,169836,286
Hilel,118750,168
Hilel,147480,536
Hilel,164248,712
Hilel,105312,617
Hilel,191447,70
Hilel,195912,769
Hilel,114828,473
Hilel,149404,418
Hilel,135848,305
Hilel,162862,998
Hilel,147483,529
Hilel,154801,747
Hilel,181705,895
Hilel,165746,585
Hilel,142985,579
Hilel,123757,412
Hilel,143023,257
Hilel,128128,626
Hilel,191994,360
Hilel,189424,535
Hilel,106621,858
Hilel,181288,509
Hilel,115235,859
Hilel,187634,875
Hilel,153654,573
Hilel,174336,61
Hilel,124875,590
Hilel,160257,605
Hilel,152058,625
Hilel,139356,4
Hilel,192119,555
Hilel,186936,374
Hilel,182626,742
Hilel,104014,941
Hilel,150233,528
Hilel,159195,934
Hilel,184001,241
Hilel,130692,664
Hilel,121364,190
Hilel,130930,291
Hilel,171852,127
Hilel,103182,569
Hilel,164726,451
Hilel,193854,436
Hilel,102235,272
Hilel,159510,94
Hilel,164778,89
Hilel,139203,929
Hilel,110684,797
Hilel,136444,571
Hilel,189925,483
Hilel,137802,246
Hilel,127696,906
Hilel,187323,695
Hilel,106337,965
Hilel,179583,896
Hilel,163796,670
Hilel,171526,440
Hilel,127933,287
Hilel,140818,715
Hilel,101643,763
Hilel,187731,206
Hilel,192944,519
Hilel,109072,43
Hilel,174723,676
Hilel,138566,265
Hilel,134305,108
Hilel,178507,469
Hilel,199309,273
Hilel,169251,689
Hilel,121642,61
Hilel,114126,627
Hilel,120753,429
Hilel,185224,184
Hilel,144277,670
Hilel,149368,857
Hilel,196409,819
Hilel,167162,27
Hilel,110060,781
Hilel,149259,438
Hilel,194984,339
Hilel,100424,226
Hilel,121662,704
Hilel,127763,87
Hilel,179350,138
Hilel,172872,524
Hilel,198727,607
Hilel,198646,291
Hilel,193328,489
Hilel,141017,896
Hilel,131974,174
Hilel,119573,272
Hilel,178126,192
Hilel,146385,621
Hilel,176404,76
Hilel,133543,217
Hilel,190004,3
Hilel,117487,919
Hilel,108294,110
Hilel,100240,389
Hilel,154558,626
Hilel,156075,504
Hilel,172556,692
Hilel,105558,171
Hilel,102209,333
Hilel,172347,510
Hilel,151344,20
Hilel,172160,734
Hilel,109249,127
Hilel,143002,892
Hilel,198679,322
Hilel,173862,906
Hilel,196961,974
Hilel,188294,503
Hilel,164247,713
Hilel,151307,429
Hilel,155470,253
Hilel,133615,415
Hilel,192458,583
Hilel,136894,643
Hilel,172543,910
Hilel,105606,501
Hilel,183613,969
Hilel,150835,828
Hilel,197052,116
Hilel,175276,670
Hilel,189264,161
Hilel,162539,265
Hilel,126782,415
Hilel,192059,781
Hilel,115029,474
Hilel,180586,367
Hilel,114546,44
Hilel,181507,554
Hilel,178729,792
Hilel,113111,601
Hilel,106026,51
Hilel,168514,14
Hilel,116221,733
Hilel,145876,528
Hilel,137345,115
Hilel,150743,938
Hilel,117752,758
Hilel,125408,719
Hilel,166795,875
Hilel,122565,971
Hilel,171522,895
Hilel,106086,148
Hilel,120762,399
Hilel,198926,613
Hilel,104346,424
Hilel,105780,660
Hilel,197273,41
Hilel,136631,72
Hilel,167498,267
Hilel,147928,166
Hilel,144071,977
Hilel,144149,84
Hilel,121237,197
Hilel,141611,514
Hilel,125897,995
Hilel,138380,755
Hilel,188229,822
Hilel,150628,118
Hilel,188292,951
Hilel,127920,816
Hilel,171409,642
Hilel,184598,194
Hilel,196752,186
Hilel,162616,868
Hilel,156475,611
Hilel,145304,372
Hilel,169017,507
Hilel,170128,28
Hilel,109967,718
Hilel,112550,419
Hilel,100952,929
Hilel,177381,42
Hilel,159668,756
Hilel,109857,988
Hilel,168505,446
Hilel,151630,218
Hilel,120294,595
Hilel,175379,276
Hilel,160312,927
Hilel,193295,562
Hilel,167794,283
Hilel,123952,18
Hilel,156633,847
Hilel,174272,698
Hilel,188668,827
Hilel,183006,960
Hilel,138899,560
Hilel,130530,159
Hilel,162885,685
Hilel,154149,789
Hilel,179115,751
Hilel,131517,497
Hilel,114737,785
Hilel,169157,478
Hilel,141204,571
Hilel,172207,834
Hilel,162013,827
Hilel,152366,54
Hilel,199744,380
Hilel,190349,739
Hilel,124164,579
Hilel,109828,515
Hilel,111380,677
Hilel,171949,552
Hilel,126311,463
Hilel,162398,382
Hilel,118771,136
Hilel,169000,509
Hilel,152871,859
Hilel,171104,443
Hilel,191708,662
Hilel,112327,211
Hilel,129251,89
Hilel,182403,388
Hilel,115801,226
Hilel,139796,670
Hilel,165598,171
Hilel,177410,101
Hilel,138594,904
Hilel,147902,516
Hilel,114541,556
Hilel,113618,97
Hilel,113096,147
Hilel,157144,172
Hilel,159885,945
Hilel,189294,496
Hilel,141813,362
Hilel,166935,779
Hilel,197842,838
Hilel,117451,568
Hilel,147531,808
Hilel,165492,989
Hilel,122453,11
Hilel,195310,505
Hilel,122998,366
Hilel,113166,82
Hilel,129447,850
Hilel,172144,340
Hilel,112687,145
Hilel,154565,906
Hilel,140330,487
Hilel,119116,228
Hilel,154313,949
Hilel,149022,139
Hilel,166852,961
Hilel,153124,734
Hilel,157348,297
Hilel,132736,953
Hilel,103070,282
Hilel,111471,720
Hilel,109534,568
Hilel,110925,801
Hilel,145554,569
Hilel,130360,96
Hilel,167188,277
Hilel,118154,929
Hilel,149871,363
Hilel,126719,408
Hilel,102567,10
Hilel,102656,743
Hilel,154562,813
Hilel,199791,636
Hilel,121549,834
Hilel,186136,350
Hilel,182585,501
Hilel,158594,34
Hilel,160838,63
Hilel,168936,85
Hilel,144747,561
Hilel,149531,996
Hilel,162912,202
Hilel,120732,753
Hilel,146014,941
Hilel,172776,635
Hilel,193256,704
Hilel,189137,269
Hilel,123623,393
Hilel,176842,275
Hilel,116578,680
Hilel,193647,592
Hilel,167620,64
Hilel,135287,340
Hilel,177016,827
Hilel,169914,39
Hilel,123865,51
Hilel,149694,2
Hilel,136822,224
Hilel,132403,475
Hilel,151356,400
Hilel,187784,310
Hilel,111988,497
Hilel,127178,20
Hilel,170577,199
Hilel,120497,777
Hilel,150065,389
Hilel,108123,361
Hilel,121496,451
Hilel,186489,71
Hilel,165934,737
Hilel,100389,240
Hilel,105979,823
Hilel,134253,790
Hilel,138685,914
Hilel,146785,428
Hilel,143130,811
Hilel,159320,41
Hilel,106538,203
Hilel,176822,499
Hilel,188745,162
Hilel,112419,572
Hilel,105252,577
Hilel,109667,846
Hilel,113890,102
Hilel,196896,727
Hilel,107021,743
Hilel,129641,661
Hilel,157222,395
Hilel,146138,592
Hilel,159232,58
Hilel,177082,371
Hilel,107491,939
Hilel,160610,818
Hilel,152005,282
Hilel,190130,131
Hilel,149836,307
Hilel,145267,710
Hilel,150692,974
Hilel,141789,113
Hilel,192668,707
Hilel,100418,795
Hilel,175770,278
Hilel,117764,220
Hilel,166097,265
Hilel,195578,988
Hilel,186361,922
Hilel,197400,635
Hilel,137940,249
Hilel,116807,61
Hilel,158221,568
Hilel,190253,750
Hilel,180599,756
Hilel,101501,98
Hilel,174027,157
Hilel,128358,944
Hilel,127944,681
Hilel,177230,239
Hilel,184110,862
Hilel,108442,392
Hilel,125496,882
Hilel,190011,698
Hilel,178901,495
Hilel,105754,639
Hilel,144260,732
Hilel,165940,515
Hilel,170212,386
Hilel,171528,172
Hilel,146007,754
Hilel,176909,781
Hilel,100847,477
Hilel,124069,870
Hilel,151624,431
Hilel,161548,284
Hilel,109908,341
Hilel,108860,493
Hilel,147808,101
Hilel,132193,479
Hilel,178775,540
Hilel,108279,585
Hilel,144632,24
Hilel,140627,75
Hilel,148712,743
Hilel,182017,99
Hilel,151388,805
Hilel,162635,915
Hilel,193103,832
Hilel,182823,289
Hilel,175398,903
Hilel,154814,444
Hilel,124340,450
Hilel,192343,247
Hilel,165908,848
Hilel,102764,960
Hilel,152124,865
Hilel,197134,289
Hilel,120673,239
Hilel,119704,294
Hilel,133160,786
Hilel,124037,901
Hilel,185330,565
Hilel,151348,244
Hilel,141175,795
Hilel,106077,870
Hilel,161852,299
Hilel,168036,419
Hilel,111452,533
Hilel,146822,146
Hilel,150852,678
Hilel,109033,385
Hilel,151847,547
Hilel,199850,269
Hilel,175302,714
Hilel,140614,794
Hilel,138900,618
Hilel,174856,382
Hilel,152416,918
Hilel,165072,4
Hilel,151680,897
Hilel,176707,294
Hilel,119480,985
Hilel,179627,384
Hilel,165569,911
Hilel,106119,240
Hilel,199938,278
Hilel,174207,275
Hilel,184388,502
Hilel,151925,779
Hilel,186678,244
Hilel,125666,285
Hilel,139896,636
Hilel,101349,813
Hilel,114248,717
Hilel,182943,707
Hilel,112293,515
Hilel,172363,128
Hilel,108067,899
Hilel,116649,93
Hilel,115122,844
Hilel,138815,627
Hilel,157098,170
Hilel,147751,432
Hilel,119594,103
Hilel,114325,226
Hilel,189915,384
Hilel,171368,163
Hilel,161525,450
Hilel,170580,626
Hilel,174684,865
Hilel,171126,546
Hilel,192008,758
Hilel,199216,658
Hilel,157384,807
Hilel,117858,906
Hilel,188805,431
Hilel,125101,267
Hilel,106100,724
Hilel,115266,462
Hilel,188677,302
Hilel,148848,423
Hilel,190660,771
Hilel,118623,584
Hilel,151612,434
Hilel,111645,375
Hilel,173765,188
Hilel,166592,770
Hilel,168074,488
Hilel,115260,829
Hilel,127790,370
Hilel,171420,491
Hilel,168636,340
Hilel,167892,866
Hilel,159574,925
Hilel,174991,63
Hilel,119275,491
Hilel,144306,685
Hilel,193338,477
Hilel,144593,847
Hilel,104595,88
Hilel,181611,840
Hilel,163202,409
Hilel,101896,207
Hilel,128735,18
Hilel,148993,959
Hilel,162842,11
Hilel,136461,588
Hilel,101185,876
Hilel,151741,477
Hilel,109036,744
Hilel,186023,703
Hilel,198891,395
Hilel,125471,463
Hilel,114374,986
Hilel,103110,824
Hilel,185832,401
Hilel,114210,827
Hilel,176848,601
Hilel,151203,612
Hilel,150106,61
Hilel,141067,929
Hilel,123661,769
Hilel,167204,654
Hilel,111220,479
Hilel,136483,756
Hilel,155440,824
Hilel,189235,522
Hilel,155725,63
Hilel,154748,57
Hilel,133740,462
Hilel,110188,38
Hilel,155973,810
Hilel,173142,698
Hilel,173791,372
Hilel,116931,182
Hilel,137097,219
Hilel,152194,155
Hilel,199646,169
Hilel,178378,241
Hilel,155921,546
Hilel,175056,348
Hilel,195747,981
Hilel,153217,588
Hilel,110364,585
Hilel,182497,777
Hilel,111544,891
Hilel,147120,677
Hilel,147820,604
Hilel,161468,318
Hilel,101265,894
Hilel,165831,797
Hilel,171392,398
Hilel,133293,585
Hilel,170754,831
Hilel,151292,178
Hilel,169043,49
Hilel,118905,290
Hilel,198065,428
Hilel,118576,299
Hilel,146398,178
Hilel,163989,178
Hilel,168758,501
Hilel,186731,119
Hilel,170370,932
Hilel,114409,160
Hilel,143779,983
Hilel,172101,107
Hilel,111797,526
Hilel,107645,0
Hilel,193470,560
Hilel,198411,314
Hilel,151953,674
Hilel,177257,769
Hilel,195133,351
Hilel,158421,716
Hilel,171442,618
Hilel,107335,46
Hilel,158683,288
Hilel,103309,227
Hilel,179154,456
Hilel,135635,94
Hilel,120701,20
Hilel,151817,596
Hilel,167972,38
Hilel,124070,492
Hilel,157840,726
Hilel,162207,700
Hilel,136079,898
Hilel,177218,20
Hilel,153892,150
Hilel,181859,222
Hilel,181814,43
Hilel,117780,232
Hilel,163960,716
Hilel,185254,349
Hilel,104766,814
Hilel,120022,668
Hilel,140713,893
Hilel,196875,998
Hilel,157461,360
Hilel,120160,822
Hilel,142716,908
Hilel,114211,883
Hilel,189269,269
Hilel,175195,855
Hilel,192587,896
Hilel,181415,201
Hilel,148047,265
Hilel,114601,369
Hilel,105396,102
Hilel,117774,794
Hilel,173004,82
Hilel,176444,166
Hilel,125682,851
Hilel,111969,429
Hilel,134101,533
Hilel,121397,879
Hilel,174705,606
Hilel,179251,828
Hilel,190174,707
Hilel,141418,674
Hilel,158595,43
Hilel,104512,343
Hilel,126357,671
Hilel,198346,483
Hilel,185327,280
Hilel,123209,34
Hilel,157686,784
Hilel,184130,742
Hilel,174769,333
Hilel,112563,186
Hilel,136044,647
Hilel,147240,829
Hilel,193892,892
Hilel,106831,464
Hilel,108426,379
Hilel,123605,554
Hilel,123818,898
Hilel,193640,461
Hilel,191214,124
Hilel,109234,878
Hilel,189919,650
Hilel,188658,526
Hilel,175581,702
Hilel,144367,344
Hilel,117458,363
Hilel,143962,334
Hilel,167303,531
Hilel,128951,798
Hilel,182020,489
Hilel,101313,869
Hilel,149763,612
Hilel,174107,203
Hilel,107373,48
Hilel,161724,800
Hilel,184605,553
Hilel,142835,186
Hilel,102607,708
Hilel,142223,512
Hilel,164844,326
Hilel,188494,148
Hilel,159911,313
Hilel,101239,17
Hilel,169133,120
Hilel,165771,482
Hilel,198479,244
Hilel,120812,522
Hilel,166737,746
Hilel,193269,588
Hilel,151165,777
Hilel,187471,602
Hilel,114949,559
Hilel,193185,398
Hilel,162234,909
Hilel,186648,975
Hilel,155452,655
Hilel,131331,290
Hilel,196460,434
Hilel,130265,249
Hilel,190372,353
Hilel,106343,863
Hilel,184695,73
Hermione,157122,259
Hermione,198620,352
Hermione,158405,667
Hermione,160350,420
Hermione,192660,324
Hermione,139138,70
Hermione,111675,861
Hermione,136129,121
Hermione,148494,771
Hermione,134108,52
Hermione,192646,66
Hermione,124886,627
Hermione,196762,607
Hermione,145674,999
Hermione,163290,642
Hermione,173772,772
Hermione,130384,87
Hermione,149582,730
Hermione,137344,233
Hermione,126769,157
Hermione,135792,922
Hermione,167777,389
Hermione,132426,691
Hermione,171148,394
Hermione,181899,577
Hermione,180797,267
Hermione,113488,809
Hermione,121474,318
Hermione,193017,709
Hermione,160842,518
Hermione,141333,414
Hermione,178045,385
Hermione,134709,232
Hermione,135385,962
Hermione,177515,607
Hermione,113617,14
Hermione,170398,39
Hermione,134386,107
Hermione,124600,558
Hermione,100872,33
Hermione,152900,866
Hermione,120114,141
Hermione,198401,851
Hermione,152811,618
Hermione,124952,405
Hermione,185770,84
Hermione,154920,54
Hermione,134385,572
Hermione,139935,228
Hermione,166339,878
Hermione,197361,597
Hermione,153115,179
Hermione,143691,809
Hermione,168426,411
Hermione,107967,268
Hermione,169103,832
Hermione,182273,949
Hermione,121333,394
Hermione,123385,902
Hermione,141063,899
Hermione,189029,536
Hermione,106601,529
Hermione,122717,137
Hermione,149416,990
Hermione,191212,997
Hermione,176037,861
Hermione,100254,339
Hermione,174954,908
Hermione,179704,546
Hermione,119858,278
Hermione,110905,279
Hermione,140857,344
Hermione,127358,101
Hermione,166416,247
Hermione,197301,136
Hermione,136874,429
Hermione,142892,591
Hermione,117947,1
Hermione,166257,267
Hermione,152801,753
Hermione,100310,55
Hermione,161778,20
Hermione,179135,258
Hermione,137938,844
Hermione,153925,806
Hermione,115450,91
Hermione,130991,449
Hermione,171734,632
Hermione,194504,722
Hermione,142865,900
Hermione,139826,839
Hermione,166143,532
Hermione,171668,288
Hermione,105374,325
Hermione,149286,895
Hermione,194318,461
Hermione,187291,32
Hermione,103287,874
Hermione,186572,461
Hermione,169568,653
Hermione,183536,227
Hermione,153598,937
Hermione,132320,130
Hermione,146449,848
Hermione,160560,416
Hermione,170904,791
Hermione,153667,941
Hermione,109706,663
Hermione,191333,847
Hermione,129963,804
Hermione,136666,529
Hermione,185640,87
Hermione,114309,790
Hermione,169113,235
Hermione,106922,684
Hermione,123346,624
Hermione,161144,184
Hermione,141853,72
Hermione,104544,2
Hermione,181364,647
Hermione,198825,13
Hermione,107188,168
Hermione,101179,45
Hermione,157887,881
Hermione,146706,418
Hermione,109388,166
Hermione,130314,896
Hermione,142174,75
Hermione,137773,487
Hermione,160062,319
Hermione,120332,962
Hermione,145424,948
Hermione,161603,989
Hermione,181617,726
Hermione,191766,365
Hermione,174907,887
Hermione,125784,107
Hermione,152836,42
Hermione,175307,41
Hermione,142086,426
Hermione,137142,973
Hermione,170949,306
Hermione,118703,755
Hermione,124783,840
Hermione,158835,319
Hermione,100567,641
Hermione,128782,153
Hermione,131993,466
Hermione,110764,761
Hermione,165516,449
Hermione,184992,748
Hermione,185360,751
Hermione,181239,285
Hermione,150857,373
Hermione,174397,918
Hermione,150609,323
Hermione,127998,585
Hermione,110998,309
Hermione,119945,866
Hermione,137009,242
Hermione,107232,770
Hermione,128731,72
Hermione,137691,849
Hermione,122049,281
Hermione,147893,552
Hermione,159343,235
Hermione,156306,297
Hermione,153480,69
Hermione,113012,510
Hermione,173664,233
Hermione,169678,612
Hermione,198126,16
Hermione,195753,238
Hermione,142867,128
Hermione,113914,433
Hermione,120862,915
Hermione,106983,304
Hermione,147705,774
Hermione,115707,320
Hermione,126201,97
Hermione,186553,111
Hermione,188692,931
Hermione,116125,900
Hermione,117201,338
Hermione,101644,25
Hermione,126578,295
Hermione,102182,6
Hermione,151632,400
Hermione,166026,964
Hermione,197135,464
Hermione,116864,902
Hermione,156730,447
Hermione,142200,202
Hermione,184492,640
Hermione,102144,72
Hermione,127156,842
Hermione,109087,354
Hermione,148978,941
Hermione,114378,110
Hermione,136832,386
Hermione,115863,367
Hermione,174563,764
Hermione,193069,640
Hermione,168615,44
Hermione,193836,92
Hermione,161253,405
Hermione,197236,309
Hermione,139947,913
Hermione,185465,597
Hermione,135194,734
Hermione,150797,259
Hermione,166070,609
Hermione,198409,681
Hermione,162555,656
Hermione,182433,485
Hermione,188221,745
Hermione,121844,384
Hermione,101449,610
Hermione,142839,641
Hermione,130959,146
Hermione,178717,964
Hermione,107752,604
Hermione,108951,744
Hermione,171840,9
Hermione,101451,969
Hermione,144001,474
Hermione,179446,124
Hermione,127319,892
Hermione,117692,425
Hermione,177458,611
Hermione,127340,610
Hermione,177344,230
Hermione,125348,382
Hermione,115067,303
Hermione,123873,910
Hermione,188713,299
Hermione,129117,399
Hermione,102006,945
Hermione,110545,406
Hermione,190971,15
Hermione,117400,289
Hermione,128016,39
Hermione,104392,216
Hermione,179470,109
Hermione,126380,431
Hermione,119274,973
Hermione,125100,683
Hermione,184886,874
Hermione,135303,799
Hermione,189041,9
Hermione,120953,867
Hermione,149501,48
Hermione,122886,749
Hermione,150415,567
Hermione,148398,823
Hermione,164192,36
Hermione,121671,766
Hermione,186001,246
Hermione,147949,595
Hermione,150626,299
Hermione,141567,857
Hermione,181016,87
Hermione,147442,964
Hermione,129050,462
Hermione,193926,415
Hermione,104057,262
Hermione,111899,727
Hermione,160956,339
Hermione,179896,917
Hermione,152339,785
Hermione,100095,472
Hermione,157026,8
Hermione,131801,719
Hermione,132758,556
Hermione,180171,491
Hermione,178869,636
Hermione,199706,530
Hermione,189868,188
Hermione,131593,452
Hermione,185476,532
Hermione,172558,703
Hermione,152164,512
Hermione,163510,86
Hermione,131756,165
Hermione,120460,100
Hermione,192699,845
Hermione,106422,418
Hermione,123079,966
Hermione,194496,251
Hermione,157350,703
Hermione,169604,714
Hermione,139118,741
Hermione,194129,898
Hermione,187318,819
Hermione,148036,461
Hermione,123070,889
Hermione,180306,431
Hermione,174246,245
Hermione,193816,732
Hermione,139464,499
Hermione,141475,676
Hermione,136497,9
Hermione,150002,921
Hermione,150299,288
Hermione,100888,607
Hermione,183203,874
Hermione,127652,16
Hermione,166022,558
Hermione,182360,600
Hermione,190808,405
Hermione,113891,284
Hermione,143982,172
Hermione,111008,339
Hermione,169441,338
Hermione,160852,970
Hermione,157409,159
Hermione,158830,671
Hermione,172283,122
Hermione,174484,754
Hermione,112587,189
Hermione,151011,149
Hermione,158878,269
Hermione,116773,625
Hermione,109497,562
Hermione,120597,384
Hermione,126830,758
Hermione,148617,568
Hermione,123421,673
Hermione,159450,655
Hermione,110583,916
Hermione,118360,163
Hermione,183289,350
Hermione,113904,178
Hermione,149839,9
Hermione,111789,63
Hermione,142662,217
Hermione,110608,556
Hermione,170125,288
Hermione,142717,733
Hermione,170279,761
Hermione,196450,11
Hermione,106317,925
Hermione,191271,825
Hermione,120569,140
Hermione,169632,518
Hermione,131323,22
Hermione,125964,442
Hermione,169159,302
Hermione,149589,990
Hermione,174012,584
Hermione,186260,506
Hermione,164231,630
Hermione,131804,61
Hermione,153933,187
Hermione,186765,164
Hermione,190297,502
Hermione,152422,957
Hermione,108529,829
Hermione,144159,782
Hermione,150833,510
Hermione,177773,100
Hermione,124189,833
Hermione,105936,964
Hermione,197277,19
Hermione,196095,115
Hermione,191251,388
Hermione,155497,370
Hermione,109443,903
Hermione,118181,817
Hermione,191860,448
Hermione,126098,259
Hermione,125966,450
Hermione,173444,591
Hermione,116536,193
Hermione,191372,68
Hermione,166991,504
Hermione,137129,942
Hermione,134890,475
Hermione,124621,874
Hermione,139857,280
Hermione,187773,977
Hermione,197243,701
Hermione,147547,282
Hermione,179974,733
Hermione,135443,228
Hermione,172203,48
Hermione,143141,901
Hermione,136146,355
Hermione,152343,189
Hermione,120898,860
Hermione,124759,395
Hermione,112682,746
Hermione,148599,420
Hermione,109685,125
Hermione,141052,828
Hermione,104070,424
Hermione,135377,886
Hermione,116190,448
Hermione,120309,724
Hermione,179058,747
Hermione,182699,415
Hermione,177683,836
Hermione,168260,867
Hermione,155191,626
Hermione,191288,809
Hermione,169403,173
Hermione,128630,27
Hermione,122114,714
Hermione,171044,177
Hermione,105098,365
Hermione,134419,592
Hermione,142266,992
Hermione,195215,332
Hermione,148321,503
Hermione,161202,421
Hermione,162807,232
Hermione,183799,560
Hermione,150494,979
Hermione,153067,696
Hermione,164312,304
Hermione,167604,264
Hermione,116987,347
Hermione,195982,27
Hermione,173273,126
Hermione,111126,269
Hermione,147682,220
Hermione,171909,51
Hermione,185366,862
Hermione,108436,948
Hermione,109798,61
Hermione,128389,133
Hermione,136760,108
Hermione,190756,326
Hermione,119137,564
Hermione,193965,269
Hermione,171744,784
Hermione,140433,269
Hermione,135412,801
Hermione,149493,965
Hermione,104575,42
Hermione,186531,295
Hermione,156169,1000
Hermione,157756,660
Hermione,174260,767
Hermione,186672,842
Hermione,153601,376
Hermione,116503,991
Hermione,108408,42
Hermione,114450,251
Hermione,170342,76
Hermione,182505,563
Hermione,193393,214
Hermione,125384,391
Hermione,152654,737
Hermione,137828,719
Hermione,190519,887
Hermione,185843,193
Hermione,171055,860
Hermione,141001,320
Hermione,196726,674
Hermione,125821,208
Hermione,194779,128
Hermione,114054,125
Hermione,162917,348
Hermione,135504,803
Hermione,112725,4
Hermione,154336,144
Hermione,113712,397
Hermione,168772,998
Hermione,112265,997
Hermione,162374,897
Hermione,182238,413
Hermione,126146,582
Hermione,177689,890
Hermione,146885,88
Hermione,185188,134
Hermione,187710,575
Hermione,186247,911
Hermione,138440,535
Hermione,115642,107
Hermione,195022,42
Hermione,133097,603
Hermione,156388,623
Hermione,182736,911
Hermione,129794,879
Hermione,154704,365
Hermione,154423,677
Hermione,110350,825
Hermione,113292,840
Hermione,112080,430
Hermione,187215,564
Hermione,180497,874
Hermione,141530,652
Hermione,153904,299
Hermione,112767,748
Hermione,195970,275
Hermione,101343,351
Hermione,175685,266
Hermione,182108,636
Hermione,170614,995
Hermione,133301,842
Hermione,167478,235
Hermione,120691,899
Hermione,124789,384
Hermione,138137,736
Hermione,195855,474
Hermione,198671,114
Hermione,135716,300
Hermione,120107,893
Hermione,139669,897
Hermione,193573,394
Hermione,132457,607
Hermione,110810,706
Hermione,157282,860
Hermione,107618,529
Hermione,105807,324
Hermione,134842,187
Hermione,172783,932
Hermione,110957,350
Hermione,187153,842
Hermione,171275,707
Hermione,130776,5
Hermione,165251,406
Hermione,199438,18
Hermione,168395,32
Hermione,148632,740
Hermione,107625,902
Hermione,199859,202
Hermione,170530,766
Hermione,180107,818
Hermione,154530,306
Hermione,179101,302
Hermione,132642,949
Hermione,159015,194
Hermione,198326,33
Hermione,135926,933
Hermione,134558,591
Hermione,118901,642
Hermione,168686,72
Hermione,182111,82
Hermione,183709,491
Hermione,182806,433
Hermione,149403,533
Hermione,152622,427
Hermione,183994,577
Hermione,175755,95
Hermione,130906,416
Hermione,145773,119
Hermione,153585,150
Hermione,141707,496
Hermione,187225,890
Hermione,174015,739
Hermione,147019,495
Hermione,136168,22
Hermione,139210,814
Hermione,144547,532
Hermione,128848,499
Hermione,172225,921
Hermione,121821,383
Hermione,156809,909
Hermione,156228,590
Hermione,186595,862
Hermione,174326,422
Hermione,177280,948
Hermione,187578,95
Hermione,193283,130
Hermione,180687,981
Hermione,127859,981
Hermione,151465,463
Hermione,199725,662
Hermione,126298,225
Hermione,137422,221
Hermione,139358,597
Hermione,101654,235
Hermione,146348,771
Hermione,148775,966
Hermione,130707,360
Hermione,185590,250
Hermione,149525,928
Hermione,171234,595
Hermione,148463,639
Hermione,152253,291
Hermione,164584,655
Hermione,157614,112
Hermione,102285,119
Hermione,152934,799
Hermione,144587,421
Hermione,128923,637
Hermione,147043,170
Hermione,157344,61
Hermione,136830,798
Hermione,181026,606
Hermione,183436,318
Hermione,169624,494
Hermione,146742,514
Hermione,151502,335
Hermione,165338,209
Hermione,134956,634
Hermione,150938,52
Hermione,109281,336
Hermione,162183,481
Hermione,159034,490
Hermione,162909,431
Hermione,149079,131
Hermione,174304,190
Hermione,180103,830
Hermione,146075,377
Hermione,105382,122
Hermione,175886,706
Hermione,168797,333
Hermione,104816,277
Hermione,185246,898
Hermione,178249,6
Hermione,158696,59
Hermione,157421,794
Hermione,192093,473
Hermione,125196,165
Hermione,194181,675
Hermione,119054,161
Hermione,183155,114
Hermione,195953,180
Hermione,175595,304
Hermione,127266,202
Hermione,137885,764
Hermione,141676,408
Hermione,188832,931
Hermione,109949,453
Hermione,167585,431
Hermione,199131,504
Hermione,154861,10
Hermione,129263,737
Hermione,101357,17
Hermione,190448,88
Hermione,117482,290
Hermione,104482,41
Hermione,183951,193
Hermione,156775,253
Hermione,159365,138
Hermione,157099,650
Hermione,141561,726
Hermione,165496,158
Hermione,175344,583
Hermione,103089,695
Hermione,108677,153
Hermione,170621,653
Hermione,109627,349
Hermione,145526,106
Hermione,189983,416
Hermione,140611,827
Hermione,128936,139
Hermione,123340,916
Hermione,106959,410
Hermione,193811,16
Hermione,110947,678
Hermione,117116,484
Hermione,175059,970
Hermione,137314,737
Hermione,154228,861
Hermione,175017,17
Hermione,140530,82
Hermione,171436,46
Hermione,130400,507
Hermione,174122,771
Hermione,154712,752
Hermione,176126,115
Hermione,182334,932
Hermione,176432,320
Hermione,112375,223
Hermione,126661,9
Hermione,183086,513
Hermione,198691,299
Hermione,191100,632
Hermione,171228,489
Hermione,161264,346
Hermione,117372,526
Hermione,130419,912
Hermione,130670,994
Hermione,178212,788
Hermione,173784,64
Hermione,178513,81
Hermione,103875,920
Hermione,197945,905
Hermione,128046,710
Hermione,104405,335
Hermione,123036,14
Hermione,107369,959
Hermione,122149,860
Hermione,163395,384
Hermione,186457,86
Hermione,169019,110
Hermione,125722,90
Hermione,144070,8
Hermione,134879,580
Hermione,151635,738
Hermione,128891,857
Hermione,181609,19
Hermione,119059,208
Hermione,151352,284
Hermione,196122,56
Hermione,153523,189
Hermione,181177,844
Hermione,130511,965
Hermione,129025,358
Hermione,146063,795
Hermione,146841,981
Hermione,160002,238
Hermione,141154,469
Hermione,176705,14
Hermione,125372,864
Hermione,164754,120
Hermione,171439,720
Hermione,154857,662
Hermione,107543,983
Hermione,132560,937
Hermione,143394,29
Hermione,135889,495
Hermione,156559,927
Hermione,187339,510
Hermione,148526,29
Hermione,102281,921
Hermione,140637,440
Hermione,113239,615
Hermione,153612,589
Hermione,126462,854
Hermione,131092,544
Hermione,150171,717
Hermione,101554,381
Hermione,165472,314
Hermione,126650,985
Hermione,167914,427
Hermione,164709,845
Hermione,131721,52
Hermione,125042,455
Hermione,163541,443
Hermione,170598,68
Hermione,141702,954
Hermione,105092,861
Hermione,154219,905
Hermione,188564,187
Hermione,171728,696
Hermione,150658,955
Hermione,120425,32
Hermione,109454,302
Hermione,190750,66
Hermione,141299,661
Hermione,112952,208
Hermione,151694,474
Hermione,163325,843
Hermione,186232,975
Hermione,183019,592
Hermione,176113,462
Hermione,149837,967
Hermione,198534,438
Hermione,159022,601
Hermione,109029,697
Hermione,138453,706
Hermione,134220,448
Hermione,147641,609
Hermione,157874,493
Hermione,184761,14
Hermione,102715,96
Hermione,157564,206
Hermione,175571,937
Hermione,143602,165
Hermione,190191,171
Hermione,149484,334
Hermione,149997,436
Hermione,108204,826
Hermione,111348,349
Hermione,138496,983
Hermione,156347,471
Hermione,169820,745
Hermione,114395,647
Hermione,153982,617
Hermione,178376,903
Hermione,148340,439
Hermione,192061,312
Hermione,105579,772
Hermione,180676,298
Hermione,102883,29
Hermione,172440,595
Hermione,161529,362
Hermione,132489,895
Hermione,168461,131
Hermione,144943,297
Hermione,152979,744
Hermione,127274,632
Hermione,115852,100
Hermione,169872,573
Hermione,101706,612
Hermione,172286,279
Hermione,103640,71
Hermione,163632,14
Hermione,151722,507
Hermione,133820,285
Hermione,133614,780
Hermione,163654,56
Hermione,118240,469
Hermione,159995,176
Hermione,141960,364
Hermione,141326,630
Hermione,148645,854
Hermione,179409,12
Hermione,137933,279
Hermione,195250,590
Hermione,125960,569
Hermione,133735,959
Hermione,145500,315
Hermione,115742,244
Hermione,103000,259
Hermione,163174,343
Hermione,142920,55
Hermione,114625,779
Hermione,190502,500
Hermione,167537,685
Hermione,155864,260
Hermione,135292,441
Hermione,184048,888
Hermione,136658,389
Hermione,177510,123
Hermione,117112,885
Hermione,139310,674
Hermione,144554,566
Hermione,196012,441
Hermione,102438,493
Hermione,169257,369
Hermione,150076,367
Hermione,153785,797
Hermione,169058,322
Hermione,185298,2
Hermione,114215,547
Hermione,102666,347
Hermione,170325,51
Hermione,103722,116
Hermione,129695,224
Hermione,154018,587
Hermione,181636,901
Hermione,150800,774
Hermione,177937,556
Hermione,100939,538
Hermione,159822,314
Hermione,180923,844
Hermione,111614,244
Hermione,197925,58
Hermione,194535,969
Hermione,189645,563
Hermione,128250,236
Hermione,106283,649
Hermione,144847,710
Hermione,152759,169
Hermione,119034,46
Hermione,177667,54
Hermione,108824,242
Hermione,179612,290
Hermione,194056,570
Hermione,160966,189
Hermione,168914,211
Hermione,164954,677
Hermione,147863,772
Hermione,114032,376
Hermione,195466,977
Hermione,192496,487
Hermione,181728,504
Hermione,171710,255
Hermione,154499,809
Hermione,173648,632
Hermione,155188,899
Hermione,186396,307
Hermione,179025,712
Hermione,131350,909
Hermione,138779,421
Hermione,188130,286
Hermione,151210,510
Hermione,171839,772
Hermione,128894,154
Hermione,199784,319
Hermione,183876,48
Hermione,189000,298
Hermione,172167,740
Hermione,192268,661
Hermione,138647,388
Hermione,120069,389
Hermione,133455,501
Hermione,110821,486
Hermione,116919,942
Hermione,116312,877
Hermione,159689,566
Hermione,124845,503
Hermione,142952,911
Hermione,132904,763
Hermione,113667,249
Hermione,138862,189
Hermione,150795,21
Hermione,103526,99
Hermione,166376,235
Hermione,170823,135
Hermione,136987,56
Hermione,120163,606
Hermione,158559,374
Hermione,133539,110
Hermione,171463,33
Hermione,134549,197
Hermione,167017,199
Hermione,192204,607
Hermione,191232,946
Hermione,186257,837
Hermione,185410,634
Hermione,120234,765
Hermione,186034,238
Hermione,152727,386
Hermione,114802,910
Hermione,108162,870
Hermione,165720,576
Hermione,133983,655
Hermione,135576,62
Hermione,125743,677
Hermione,110804,446
Hermione,124001,455
Hermione,172607,553
Hermione,149782,481
Hermione,199482,211
Hermione,150990,669
Hermione,106045,367
Hermione,149006,890
Hermione,196273,584
Hermione,105152,341
Hermione,182333,538
Hermione,101810,445
Hermione,192069,932
Hermione,149566,880
Hermione,125155,10
Hermione,186698,403
Hermione,135094,645
Hermione,172356,999
Hermione,122129,329
Hermione,148093,168
Hermione,175060,136
Hermione,107881,872
Hermione,171758,686
Hermione,135857,409
Hermione,178701,347
Hermione,179951,756
Hermione,152931,841
Hermione,120590,209
Hermione,118253,523
Hermione,188379,426
Hermione,113803,684
Hermione,129549,622
Hermione,107432,794
Hermione,172757,330
Hermione,107034,144
Hermione,110160,984
Hermione,195241,256
Hermione,159246,71
Hermione,158575,168
Hermione,144268,389
Hermione,132804,40
Hermione,102853,737
Hermione,172865,789
Hermione,166857,685
Hermione,119464,17
Hermione,107371,23
Hermione,163078,239
Hermione,150365,817
Heidi,128692,107
Heidi,188506,390
Heidi,160579,281
Heidi,123446,754
Heidi,178519,927
Heidi,182008,703
Heidi,113335,516
Heidi,142751,395
Heidi,167769,596
Heidi,114871,887
Heidi,182703,933
Heidi,118441,456
Heidi,148134,778
Heidi,125193,767
Heidi,176533,521
Heidi,181842,787
Heidi,169328,442
Heidi,156504,851
Heidi,193522,427
Heidi,146813,233
Heidi,114311,379
Heidi,146572,62
Heidi,111818,634
Heidi,156604,120
Heidi,164127,19
Heidi,161851,541
Heidi,178659,782
Heidi,101642,277
Heidi,123060,938
Heidi,106332,93
Heidi,163232,883
Heidi,174957,869
Heidi,145067,363
Heidi,153445,165
Heidi,129341,863
Heidi,114539,920
Heidi,129559,48
Heidi,122815,207
Heidi,110033,390
Heidi,196493,3
Heidi,174895,468
Heidi,155242,11
Heidi,124104,911
Heidi,176343,60
Heidi,189593,649
Heidi,174061,585
Heidi,155228,307
Heidi,164734,340
Heidi,124805,402
Heidi,122237,948
Heidi,116305,289
Heidi,136114,552
Heidi,125089,679
Heidi,155020,663
Heidi,115133,156
Heidi,165649,927
Heidi,135047,865
Heidi,150561,858
Heidi,163743,225
Heidi,105894,164
Heidi,111389,869
Heidi,119911,895
Heidi,179861,847
Heidi,170826,826
Heidi,133850,903
Heidi,161638,644
Heidi,152587,855
Heidi,106875,28
Heidi,186454,354
Heidi,183721,829
Heidi,184777,208
Heidi,198353,63
Heidi,196228,345
Heidi,194222,608
Heidi,188371,566
Heidi,179012,972
Heidi,179970,605
Heidi,148469,735
Heidi,116808,22
Heidi,182682,478
Heidi,189379,101
Heidi,145718,788
Heidi,196194,405
Heidi,166570,842
Heidi,103998,765
Heidi,163954,372
Heidi,131153,344
Heidi,123030,236
Heidi,120962,192
Heidi,162099,476
Heidi,137833,746
Heidi,183306,547
Heidi,104316,225
Heidi,191925,178
Heidi,136198,691
Heidi,167445,86
Heidi,118004,666
Heidi,190470,594
Heidi,133967,885
Heidi,115402,916
Heidi,112889,950
Heidi,193385,465
Heidi,169694,323
Heidi,198371,204
Heidi,199580,461
Heidi,143883,516
Heidi,101314,703
Heidi,192794,594
Heidi,154513,498
Heidi,136223,226
Heidi,143451,856
Heidi,182848,822
Heidi,157827,854
Heidi,120674,901
Heidi,102999,687
Heidi,189509,4
Heidi,173534,560
Heidi,193658,755
Heidi,115163,982
Heidi,199876,536
Heidi,122871,223
Heidi,158454,486
Heidi,140350,214
Heidi,177801,746
Heidi,146431,509
Heidi,124392,541
Heidi,156989,121
Heidi,102730,530
Heidi,194212,521
Heidi,136465,480
Heidi,140596,283
Heidi,136821,363
Heidi,105479,865
Heidi,140831,866
Heidi,117747,801
Heidi,134941,112
Heidi,146792,265
Heidi,126279,440
Heidi,167336,830
Heidi,176333,239
Heidi,144267,196
Heidi,161771,856
Heidi,120468,300
Heidi,182099,358
Heidi,189431,34
Heidi,167967,940
Heidi,196397,51
Heidi,146024,363
Heidi,160520,240
Heidi,159867,564
Heidi,191802,747
Heidi,134910,38
Heidi,163482,763
Heidi,167514,709
Heidi,175014,596
Heidi,129456,271
Heidi,144410,885
Heidi,189017,920
Heidi,103336,668
Heidi,182535,691
Heidi,100512,548
Heidi,157211,12
Heidi,169807,227
Heidi,164072,430
Heidi,164093,323
Heidi,178257,405
Heidi,166472,972
Heidi,121479,555
Heidi,117626,155
Heidi,105863,325
Heidi,197437,261
Heidi,159375,865
Heidi,156491,874
Heidi,155848,34
Heidi,155181,786
Heidi,185570,619
Heidi,185799,852
Heidi,110984,147
Heidi,197226,264
Heidi,185745,107
Heidi,140075,139
Heidi,108113,796
Heidi,167331,735
Heidi,110123,674
Heidi,148979,398
Heidi,174862,152
Heidi,133589,145
Heidi,102789,331
Heidi,193976,453
Heidi,110328,235
Heidi,144037,371
Heidi,192754,510
Heidi,109424,969
Heidi,169308,321
Heidi,164769,652
Heidi,163926,438
Heidi,165913,794
Heidi,108752,394
Heidi,183606,769
Heidi,154846,448
Heidi,169994,612
Heidi,155866,960
Heidi,188492,316
Heidi,133751,178
Heidi,159278,459
Heidi,161175,174
Heidi,171767,308
Heidi,193348,872
Heidi,156530,578
Heidi,142635,850
Heidi,129910,793
Heidi,138836,151
Heidi,146843,9
Heidi,111007,874
Heidi,139091,324
Heidi,171102,164
Heidi,118437,751
Heidi,106225,985
Heidi,142982,657
Heidi,151738,710
Heidi,175399,695
Heidi,158535,227
Heidi,118615,453
Heidi,152664,437
Heidi,122181,204
Heidi,192232,34
Heidi,176094,798
Heidi,141424,893
Heidi,196750,275
Heidi,116877,431
Heidi,182767,954
Heidi,163038,617
Heidi,100423,914
Heidi,144157,355
Heidi,133511,933
Heidi,139286,815
Heidi,143770,232
Heidi,138327,24
Heidi,192361,670
Heidi,178167,618
Heidi,113949,351
Heidi,173003,23
Heidi,115929,583
Heidi,177826,930
Heidi,124777,830
Heidi,114733,273
Heidi,106931,518
Heidi,108835,748
Heidi,120807,224
Heidi,134389,124
Heidi,106072,327
Heidi,182272,352
Heidi,198393,460
Heidi,146919,415
Heidi,124312,758
Heidi,159833,906
Heidi,174958,332
Heidi,180162,97
Heidi,179079,485
Heidi,194707,903
Heidi,169498,101
Heidi,140094,879
Heidi,135471,718
Heidi,125963,76
Heidi,130870,809
Heidi,130444,820
Heidi,157923,118
Heidi,197191,718
Heidi,102219,566
Heidi,127722,234
Heidi,155014,469
Heidi,168991,446
Heidi,103212,562
Heidi,184964,333
Heidi,172337,113
Heidi,172042,744
Heidi,199487,880
Heidi,192161,238
Heidi,148908,925
Heidi,182407,46
Heidi,129861,595
Heidi,142126,809
Heidi,114182,163
Heidi,146652,888
Heidi,153984,634
Heidi,161215,534
Heidi,175699,511
Heidi,171693,81
Heidi,141274,690
Heidi,123870,619
Heidi,140244,675
Heidi,101200,736
Heidi,102552,968
Heidi,188615,669
Heidi,187690,19
Heidi,129194,770
Heidi,143395,253
Heidi,182764,104
Heidi,171403,336
Heidi,119063,184
Heidi,191690,428
Heidi,138673,671
Heidi,190145,893
Heidi,180811,865
Heidi,136471,989
Heidi,157225,55
Heidi,164817,607
Heidi,119242,111
Heidi,137338,213
Heidi,140066,945
Heidi,135070,735
Heidi,155938,756
Heidi,198481,300
Heidi,171489,961
Heidi,168805,87
Heidi,115949,581
Heidi,100750,218
Heidi,147713,753
Heidi,159683,384
Heidi,135187,995
Heidi,154890,613
Heidi,153962,427
Heidi,191640,636
Heidi,145962,761
Heidi,139682,424
Heidi,123306,280
Heidi,159994,978
Heidi,138495,713
Heidi,148666,902
Heidi,136116,724
Heidi,102154,310
Heidi,175378,406
Heidi,148600,277
Heidi,174616,648
Heidi,129498,138
Heidi,176104,966
Heidi,192898,500
Heidi,130576,244
Heidi,111863,434
Heidi,139192,41
Heidi,195583,940
Heidi,177329,340
Heidi,116184,850
Heidi,177816,979
Heidi,174474,343
Heidi,136526,52
Heidi,114055,360
Heidi,127930,99
Heidi,109748,614
Heidi,165028,686
Heidi,197013,566
Heidi,198756,491
Heidi,171768,511
Heidi,163009,92
Heidi,107817,80
Heidi,143598,69
Heidi,147115,404
Heidi,170423,830
Heidi,117003,641
Heidi,123220,790
Heidi,129774,321
Heidi,188787,475
Heidi,109401,458
Heidi,108105,249
Heidi,133032,885
Heidi,195638,293
Heidi,138458,459
Heidi,199576,861
Heidi,174146,504
Heidi,103335,836
Heidi,149864,580
Heidi,106142,280
Heidi,183823,62
Heidi,186951,611
Heidi,177904,780
Heidi,130111,334
Heidi,145300,878
Heidi,140469,241
Heidi,162198,492
Heidi,181167,649
Heidi,187088,698
Heidi,168434,14
Heidi,145339,440
Heidi,102078,18
Heidi,198130,318
Heidi,125780,159
Heidi,107145,988
Heidi,162346,701
Heidi,181984,174
Heidi,183607,330
Heidi,139218,234
Heidi,164828,562
Heidi,181592,742
Heidi,181204,437
Heidi,124810,124
Heidi,151968,672
Heidi,188903,592
Heidi,198303,131
Heidi,154720,391
Heidi,177237,942
Heidi,163124,609
Heidi,138097,320
Heidi,159334,159
Heidi,147805,883
Heidi,170285,604
Heidi,176774,683
Heidi,156836,473
Heidi,142557,246
Heidi,117753,703
Heidi,172615,93
Heidi,109665,975
Heidi,102165,358
Heidi,124888,256
Heidi,108220,415
Heidi,146218,875
Heidi,160318,50
Heidi,193751,554
Heidi,155300,748
Heidi,110263,936
Heidi,187246,207
Heidi,124101,609
Heidi,131316,106
Heidi,132899,143
Heidi,158104,390
Heidi,108143,448
Heidi,115085,855
Heidi,149439,784
Heidi,167026,32
Heidi,150493,192
Heidi,143674,776
Heidi,108978,882
Heidi,110610,58
Heidi,178858,155
Heidi,124721,631
Heidi,108865,134
Heidi,109470,641
Heidi,153122,53
Heidi,109619,401
Heidi,159751,368
Heidi,136879,410
Heidi,120325,646
Heidi,185883,411
Heidi,168854,355
Heidi,151216,531
Heidi,107551,23
Heidi,112924,779
Heidi,137865,523
Heidi,178643,327
Heidi,173355,640
Heidi,133918,884
Heidi,140971,301
Heidi,165794,248
Heidi,138194,528
Heidi,155004,422
Heidi,122573,779
Heidi,177810,705
Heidi,152334,447
Heidi,112605,106
Heidi,139748,328
Heidi,105967,552
Heidi,164014,521
Heidi,137745,656
Heidi,171019,657
Heidi,146680,281
Heidi,132271,18
Heidi,130371,281
Heidi,168959,973
Heidi,106552,828
Heidi,155095,305
Heidi,189010,457
Heidi,166707,427
Heidi,172710,106
Heidi,184413,522
Heidi,116818,776
Heidi,127244,171
Heidi,179408,941
Heidi,129891,773
Heidi,148156,23
Heidi,167880,551
Heidi,136090,57
Heidi,142180,873
Heidi,166226,519
Heidi,119047,151
Heidi,102168,64
Heidi,116230,692
Heidi,134509,598
Heidi,173377,975
Heidi,160632,281
Heidi,187544,441
Heidi,108135,798
Heidi,190813,951
Heidi,131387,157
Heidi,178166,279
Heidi,181620,283
Heidi,125957,762
Heidi,186607,479
Heidi,145186,15
Heidi,114711,689
Heidi,100863,986
Heidi,134880,772
Heidi,120871,934
Heidi,176769,591
Heidi,164469,674
Heidi,150440,824
Heidi,167805,961
Heidi,114577,281
Heidi,182548,23
Heidi,183616,709
Heidi,173054,231
Heidi,164857,787
Heidi,102319,418
Heidi,136900,675
Heidi,124533,218
Heidi,180985,832
Heidi,156542,933
Heidi,156048,534
Heidi,151710,936
Heidi,100351,79
Heidi,144122,9
Heidi,169798,585
Heidi,124865,522
Heidi,149815,301
Heidi,180410,219
Heidi,162768,169
Heidi,196492,964
Heidi,198464,964
Heidi,198203,828
Heidi,153278,834
Heidi,194746,901
Heidi,184383,383
Heidi,168348,568
Heidi,151728,459
Heidi,108150,937
Heidi,198900,233
Heidi,198603,647
Heidi,152365,766
Heidi,126956,522
Heidi,192026,324
Heidi,101107,10
Heidi,148215,439
Heidi,136634,544
Heidi,135023,573
Heidi,161844,615
Heidi,146429,866
Heidi,199445,986
Heidi,121270,241
Heidi,140462,969
Heidi,121169,100
Heidi,137906,268
Heidi,129385,415
Heidi,155601,920
Heidi,196198,667
Heidi,110936,61
Heidi,132289,487
Heidi,105480,554
Heidi,173114,23
Heidi,133144,135
Heidi,197006,948
Heidi,173448,836
Heidi,152713,520
Heidi,165959,50
Heidi,123971,828
Heidi,106566,685
Heidi,126183,253
Heidi,133899,409
Heidi,133758,952
Heidi,107494,499
Heidi,115267,281
Heidi,122302,66
Heidi,105858,499
Heidi,171052,725
Heidi,105605,973
Heidi,183814,505
Heidi,167821,453
Heidi,116157,577
Heidi,184721,280
Heidi,178101,112
Heidi,192827,805
Heidi,143162,839
Heidi,157387,199
Heidi,106975,791
Heidi,108790,861
Heidi,184625,886
Heidi,126810,126
Heidi,110823,379
Heidi,168638,394
Heidi,128288,26
Heidi,155791,960
Heidi,108155,265
Heidi,138051,841
Heidi,182160,931
Heidi,141116,857
Heidi,181469,274
Heidi,133951,142
Heidi,144111,57
Heidi,157851,375
Heidi,148631,305
Heidi,167628,993
Heidi,134541,57
Heidi,163491,927
Heidi,166160,784
Heidi,164904,382
Heidi,195660,916
Heidi,180869,674
Heidi,190219,511
Heidi,122921,882
Heidi,135597,470
Heidi,175078,384
Heidi,136379,806
Heidi,168144,95
Heidi,177865,70
Heidi,178420,787
Heidi,199798,212
Heidi,119602,389
Heidi,105226,431
Heidi,168677,889
Heidi,112828,544
Heidi,146888,568
Heidi,116704,994
Heidi,120650,579
Heidi,139080,289
Heidi,153206,249
Heidi,181867,764
Heidi,189183,573
Heidi,142628,122
Heidi,137585,556
Heidi,100762,849
Heidi,198468,249
Heidi,101758,904
Heidi,125771,823
Heidi,112899,642
Heidi,154549,819
Heidi,198870,42
Heidi,109736,999
Heidi,150305,594
Heidi,103632,873
Heidi,116442,78
Heidi,129960,955
Heidi,185935,786
Heidi,170102,135
Heidi,104565,413
Heidi,168625,860
Heidi,169965,242
Heidi,164092,67
Heidi,172100,847
Heidi,142877,844
Heidi,106017,419
Heidi,128057,945
Heidi,116963,589
Heidi,108391,627
Heidi,154097,581
Heidi,182423,924
Heidi,139363,128
Heidi,187871,44
Heidi,103229,384
Heidi,173297,704
Heidi,106702,750
Heidi,118706,410
Heidi,129316,516
Heidi,186830,884
Heidi,122109,449
Heidi,199776,348
Heidi,106397,232
Heidi,154782,116
Heidi,136291,289
Heidi,181909,537
Heidi,184596,562
Heidi,127504,388
Heidi,112528,517
Heidi,105138,884
Heidi,109786,162
Heidi,175037,535
Heidi,180776,662
Heidi,172137,33
Heidi,137587,134
Heidi,188146,70
Heidi,118927,876
Heidi,102769,76
Heidi,160280,499
Heidi,197964,163
Heidi,160422,179
Heidi,186615,520
Heidi,197312,318
Heidi,127508,837
Heidi,146076,85
Heidi,112825,336
Heidi,195141,676
Heidi,141243,460
Heidi,176815,523
Heidi,174808,211
Heidi,181158,102
Heidi,126577,628
Heidi,122913,869
Heidi,113244,222
Heidi,133382,585
Heidi,127526,168
Heidi,187074,59
Heidi,103423,526
Heidi,124157,683
Heidi,180902,208
Heidi,143182,478
Heidi,184678,331
Heidi,135033,682
Heidi,160607,766
Heidi,149741,888
Heidi,133529,428
Heidi,109700,974
Heidi,135267,619
Heidi,140233,386
Heidi,177772,456
Heidi,163374,389
Heidi,108117,447
Heidi,120880,89
Heidi,164983,475
Heidi,108315,50
Heidi,137567,447
Heidi,111042,396
Heidi,175831,971
Heidi,119086,215
Heidi,197016,404
Heidi,171153,185
Heidi,117215,725
Heidi,142805,700
Heidi,177009,612
Heidi,196631,999
Heidi,193228,242
Heidi,196436,647
Heidi,105681,711
Heidi,160297,895
Heidi,111371,227
Heidi,153337,205
Heidi,194829,685
Heidi,110454,137
Heidi,197257,723
Heidi,151406,361
Heidi,129304,642
Heidi,103716,465
Heidi,162898,347
Heidi,115869,914
Heidi,124854,967
Heidi,107463,228
Heidi,177521,201
Heidi,112926,468
Heidi,115976,610
Heidi,132028,529
Heidi,143443,96
Heidi,131653,326
Heidi,170709,651
Heidi,169391,650
Heidi,132651,826
Heidi,130583,160
Heidi,192402,540
Heidi,143746,905
Heidi,163963,176
Heidi,117415,853
Heidi,155479,649
Heidi,190941,447
Heidi,102340,837
Heidi,199447,993
Heidi,152345,133
Heidi,120093,22
Heidi,142451,918
Heidi,139842,142
Heidi,188929,636
Heidi,109156,506
Heidi,176907,541
Heidi,140967,553
Heidi,171198,328
Heidi,194420,623
Heidi,180680,645
Heidi,118859,705
Heidi,156843,344
Heidi,147057,348
Heidi,149508,841
Heidi,131948,517
Heidi,191605,113
Heidi,120354,399
Heidi,141998,513
Heidi,106013,879
Heidi,137388,862
Heidi,178335,582
Heidi,106040,782
Heidi,105744,128
Heidi,156571,953
Heidi,119207,972
Heidi,108047,699
Heidi,165049,313
Heidi,195976,192
Heidi,110378,980
Heidi,104317,841
Heidi,173559,467
Heidi,196213,259
Heidi,121836,98
Heidi,136292,108
Heidi,135574,786
Heidi,123856,987
Heidi,118984,636
Heidi,196131,89
Heidi,150280,861
Heidi,180066,158
Heidi,133833,703
Heidi,191077,495
Heidi,129175,206
Heidi,159864,69
Heidi,103297,975
Heidi,187510,243
Heidi,136030,324
Heidi,108721,311
Heidi,187664,970
Heidi,193902,245
Heidi,194285,623
Heidi,191551,395
Heidi,147678,115
Heidi,192573,178
Heidi,161742,49
Heidi,117958,887
Heidi,132701,515
Heidi,138020,892
Heidi,158682,716
Heidi,118159,520
Heidi,143330,136
Heidi,162033,489
Heidi,173632,587
Heidi,157507,3
Heidi,147302,403
Heidi,192942,161
Heidi,128904,389
Heidi,180873,124
Heidi,174398,664
Heidi,181249,512
Heidi,198143,878
Heidi,135831,71
Heidi,187394,139
Heidi,153998,957
Heidi,128512,499
Heidi,105368,397
Heidi,193475,288
Heidi,188467,55
Heidi,143950,486
Heidi,156562,598
Heidi,164666,469
Heidi,184336,925
Heidi,199856,166
Heidi,158425,780
Heidi,140672,285
Heidi,199575,856
Heidi,141466,936
Heidi,115143,428
Heidi,111352,593
Heidi,190490,857
Heidi,131584,479
Heidi,171933,336
Heidi,139644,215
Heidi,100745,840
Heidi,183847,564
Heidi,189167,327
Heidi,107264,344
Heidi,148959,560
Heidi,184041,277
Heidi,136608,335
Heidi,133070,252
Heidi,139353,602
Heidi,109955,670
Heidi,143016,53
Heidi,159583,281
Heidi,145679,662
Heidi,109609,965
Heidi,142647,283
Heidi,191938,893
Heidi,173090,15
Heidi,104950,489
Heidi,118678,128
Heidi,100993,381
Heidi,155421,381
Heidi,110652,590
Heidi,117919,826
Heidi,150175,863
Heidi,175662,840
Heidi,123951,126
Heidi,179125,77
Heidi,176228,244
Heidi,108319,270
Heidi,192970,921
Heidi,177236,66
Heidi,101774,665
Heidi,158736,999
Heidi,116444,449
Heidi,121936,608
Heidi,161539,214
Heidi,131652,452
Heidi,128609,656
Heidi,129230,472
Heidi,153767,541
Heidi,181538,45
Heidi,124273,901
Heidi,160820,80
Heidi,160091,997
Heidi,115236,938
Heidi,197566,428
Heidi,150920,546
Heidi,100269,330
Heidi,110769,602
Heidi,183919,296
Heidi,111045,235
Heidi,110107,684
Heidi,149965,255
Heidi,162762,54
Heidi,169436,403
Heidi,164793,874
Heidi,101207,251
Heidi,195149,606
Heidi,177149,752
Heidi,163575,206
Heidi,177638,366
Heidi,102258,385
Heidi,195802,749
Heidi,108359,96
Heidi,114988,606
Heidi,157505,915
Heidi,112737,698
Heidi,120244,191
Heidi,180065,613
Heidi,143824,867
Heidi,117545,490
Heidi,155716,909
Heidi,116897,703
Heidi,116970,90
Heidi,158295,623
Heidi,163288,41
Heidi,162647,137
Heidi,179106,777
Heidi,115932,84
Heidi,138441,58
Heidi,161694,681
Heidi,109060,260
Heidi,176821,764
Heidi,119875,473
Heidi,125058,851
Heidi,187994,454
Heidi,135340,272
Heidi,103823,665
Heidi,163686,829
Heidi,105289,29
Heidi,110302,285
Heidi,191982,483
Heidi,133779,442
Heidi,159005,797
Heidi,116294,587
Heidi,193268,674
Heidi,158513,817
Heidi,159705,176
Heidi,173431,824
Heidi,145317,50
Heidi,144566,607
Heidi,159282,477
Heidi,145356,935
Heidi,107469,704
Heidi,183904,232
Heidi,143725,400
Heidi,148061,251
Heidi,147001,745
Heidi,101092,958
Heidi,144275,335
Heidi,144870,370
Heidi,101803,689
Heidi,169417,760
Heidi,162497,89
Heidi,142167,619
Heidi,172420,380
Heidi,175436,184
Heidi,118294,956
Heidi,184407,660
Heidi,152289,482
Heidi,193380,598
Heidi,182817,430
Heidi,183786,525
Heidi,166045,692
Hayfa,181468,431
Hayfa,197199,768
Hayfa,151618,137
Hayfa,171981,200
Hayfa,186873,976
Hayfa,163142,313
Hayfa,192928,200
Hayfa,186374,624
Hayfa,179342,965
Hayfa,118221,944
Hayfa,104218,577
Hayfa,123622,592
Hayfa,195107,955
Hayfa,137329,664
Hayfa,164831,627
Hayfa,107921,745
Hayfa,138021,806
Hayfa,165811,438
Hayfa,184365,976
Hayfa,152789,265
Hayfa,183314,434
Hayfa,170083,616
Hayfa,198769,193
Hayfa,139168,278
Hayfa,124812,35
Hayfa,170551,716
Hayfa,185929,125
Hayfa,124528,594
Hayfa,194541,265
Hayfa,145311,521
Hayfa,122235,902
Hayfa,148584,483
Hayfa,167783,947
Hayfa,133506,843
Hayfa,182053,386
Hayfa,103315,272
Hayfa,156919,222
Hayfa,116941,65
Hayfa,124303,909
Hayfa,138357,845
Hayfa,182542,447
Hayfa,153499,9
Hayfa,196309,132
Hayfa,179499,318
Hayfa,153026,557
Hayfa,106364,916
Hayfa,118099,930
Hayfa,185901,990
Hayfa,158607,617
Hayfa,146649,334
Hayfa,141177,938
Hayfa,143293,701
Hayfa,185268,822
Hayfa,114721,455
Hayfa,191699,818
Hayfa,187546,130
Hayfa,169026,329
Hayfa,192707,219
Hayfa,194588,35
Hayfa,161969,264
Hayfa,104442,320
Hayfa,199223,821
Hayfa,133403,808
Hayfa,113321,825
Hayfa,180630,883
Hayfa,101483,432
Hayfa,163438,114
Hayfa,176514,664
Hayfa,147104,432
Hayfa,155347,616
Hayfa,116932,39
Hayfa,174237,307
Hayfa,190471,599
Hayfa,172851,296
Hayfa,118430,542
Hayfa,126075,336
Hayfa,122259,509
Hayfa,172437,460
Hayfa,136034,827
Hayfa,112958,550
Hayfa,148630,610
Hayfa,129888,856
Hayfa,133856,330
Hayfa,113364,90
Hayfa,137581,306
Hayfa,172589,750
Hayfa,138752,179
Hayfa,136576,130
Hayfa,109406,170
Hayfa,101470,73
Hayfa,188032,891
Hayfa,174394,235
Hayfa,121785,508
Hayfa,111668,794
Hayfa,115654,629
Hayfa,109378,134
Hayfa,138251,351
Hayfa,140428,96
Hayfa,103720,162
Hayfa,186939,319
Hayfa,133555,645
Hayfa,115882,451
Hayfa,168072,502
Hayfa,115656,23
Hayfa,184234,994
Hayfa,128217,491
Hayfa,126443,361
Hayfa,162076,443
Hayfa,132760,332
Hayfa,173211,566
Hayfa,193738,767
Hayfa,193398,547
Hayfa,169978,926
Hayfa,185895,861
Hayfa,191527,48
Hayfa,195339,220
Hayfa,194539,896
Hayfa,131283,831
Hayfa,121947,635
Hayfa,100166,707
Hayfa,119477,313
Hayfa,168871,436
Hayfa,165068,95
Hayfa,125178,451
Hayfa,115300,665
Hayfa,134075,133
Hayfa,106288,501
Hayfa,146371,136
Hayfa,187891,272
Hayfa,135390,114
Hayfa,155340,301
Hayfa,136082,913
Hayfa,111796,23
Hayfa,132725,797
Hayfa,191219,71
Hayfa,147680,807
Hayfa,117551,254
Hayfa,117077,965
Hayfa,163058,955
Hayfa,181471,803
Hayfa,115856,876
Hayfa,168990,347
Hayfa,176746,972
Hayfa,140740,873
Hayfa,100355,80
Hayfa,100041,61
Hayfa,170225,199
Hayfa,192601,333
Hayfa,190744,221
Hayfa,168476,171
Hayfa,121058,908
Hayfa,135569,186
Hayfa,144377,168
Hayfa,163096,175
Hayfa,125097,536
Hayfa,147274,396
Hayfa,196043,375
Hayfa,104274,521
Hayfa,131183,829
Hayfa,127264,742
Hayfa,117119,575
Hayfa,101394,884
Hayfa,180945,533
Hayfa,116175,611
Hayfa,129624,774
Hayfa,187756,356
Hayfa,102849,732
Hayfa,114102,153
Hayfa,159416,945
Hayfa,188599,119
Hayfa,100203,138
Hayfa,152964,554
Hayfa,149458,969
Hayfa,197369,71
Hayfa,112037,813
Hayfa,111647,462
Hayfa,170024,726
Hayfa,178081,200
Hayfa,181781,155
Hayfa,163650,20
Hayfa,142227,50
Hayfa,190370,596
Hayfa,174438,500
Hayfa,194293,371
Hayfa,183652,593
Hayfa,188005,272
Hayfa,133198,768
Hayfa,107833,603
Hayfa,147179,93
Hayfa,147789,894
Hayfa,170163,534
Hayfa,112589,579
Hayfa,125363,349
Hayfa,174485,659
Hayfa,198392,100
Hayfa,163083,148
Hayfa,171503,689
Hayfa,182996,110
Hayfa,172807,985
Hayfa,143386,381
Hayfa,193683,296
Hayfa,187876,283
Hayfa,152606,941
Hayfa,160818,321
Hayfa,182070,776
Hayfa,139994,976
Hayfa,190397,400
Hayfa,193008,643
Hayfa,174941,631
Hayfa,198714,933
Hayfa,196200,661
Hayfa,162852,327
Hayfa,116245,139
Hayfa,197041,624
Hayfa,170772,699
Hayfa,165836,823
Hayfa,128746,765
Hayfa,147344,379
Hayfa,101178,412
Hayfa,128202,228
Hayfa,161591,665
Hayfa,120247,80
Hayfa,104684,3
Hayfa,104510,51
Hayfa,140936,785
Hayfa,147297,168
Hayfa,186245,249
Hayfa,191087,17
Hayfa,121720,42
Hayfa,165455,400
Hayfa,175033,795
Hayfa,191080,746
Hayfa,107428,698
Hayfa,165017,684
Hayfa,189930,661
Hayfa,126351,902
Hayfa,162918,65
Hayfa,155165,782
Hayfa,172874,778
Hayfa,187483,554
Hayfa,182987,861
Hayfa,154491,804
Hayfa,177098,379
Hayfa,163189,730
Hayfa,123979,56
Hayfa,111714,917
Hayfa,108165,47
Hayfa,184949,648
Hayfa,188589,85
Hayfa,191768,490
Hayfa,156831,35
Hayfa,133661,260
Hayfa,133861,201
Hayfa,170458,340
Hayfa,100356,475
Hayfa,108410,753
Hayfa,152353,357
Hayfa,100248,30
Hayfa,143361,724
Hayfa,117532,482
Hayfa,199215,979
Hayfa,156144,683
Hayfa,140764,866
Hayfa,164479,545
Hayfa,132561,986
Hayfa,180209,37
Hayfa,193759,754
Hayfa,141525,176
Hayfa,146551,581
Hayfa,175397,530
Hayfa,129569,356
Hayfa,133825,676
Hayfa,170280,288
Hayfa,194834,131
Hayfa,180441,341
Hayfa,104782,498
Hayfa,146918,933
Hayfa,187364,744
Hayfa,188411,467
Hayfa,188747,859
Hayfa,136525,363
Hayfa,136212,309
Hayfa,103356,814
Hayfa,176948,684
Hayfa,156106,937
Hayfa,126471,329
Hayfa,142874,762
Hayfa,109034,898
Hayfa,147130,263
Hayfa,110505,611
Hayfa,119977,965
Hayfa,115706,418
Hayfa,154886,413
Hayfa,111390,943
Hayfa,151950,241
Hayfa,109960,859
Hayfa,188632,806
Hayfa,157490,744
Hayfa,187402,546
Hayfa,151916,214
Hayfa,149031,140
Hayfa,113767,110
Hayfa,172409,147
Hayfa,183037,560
Hayfa,148665,5
Hayfa,160923,369
Hayfa,115716,346
Hayfa,160300,897
Hayfa,170289,435
Hayfa,196375,598
Hayfa,134067,498
Hayfa,192203,622
Hayfa,134979,730
Hayfa,189159,332
Hayfa,145179,925
Hayfa,110427,100
Hayfa,195827,243
Hayfa,163735,665
Hayfa,105027,473
Hayfa,126157,904
Hayfa,151398,221
Hayfa,155024,260
Hayfa,179120,682
Hayfa,180882,658
Hayfa,159290,839
Hayfa,146093,774
Hayfa,144446,972
Hayfa,120654,549
Hayfa,123124,403
Hayfa,103121,88
Hayfa,121334,440
Hayfa,190769,730
Hayfa,166096,103
Hayfa,154481,515
Hayfa,176445,649
Hayfa,127086,285
Hayfa,149510,735
Hayfa,161578,828
Hayfa,101223,353
Hayfa,176540,110
Hayfa,118498,773
Hayfa,125600,750
Hayfa,112098,483
Hayfa,192133,766
Hayfa,174822,96
Hayfa,125594,167
Hayfa,157730,603
Hayfa,113991,577
Hayfa,143199,276
Hayfa,163181,916
Hayfa,148042,949
Hayfa,194802,144
Hayfa,105628,866
Hayfa,186455,736
Hayfa,171923,237
Hayfa,111846,473
Hayfa,177223,709
Hayfa,180446,658
Hayfa,135806,814
Hayfa,179365,120
Hayfa,156012,560
Hayfa,130727,806
Hayfa,191216,847
Hayfa,149656,919
Hayfa,142633,911
Hayfa,155958,619
Hayfa,118472,854
Hayfa,159361,808
Hayfa,120461,889
Hayfa,162478,972
Hayfa,152891,218
Hayfa,187514,581
Hayfa,186493,528
Hayfa,198345,304
Hayfa,128096,274
Hayfa,178462,264
Hayfa,197261,583
Hayfa,114370,140
Hayfa,147926,973
Hayfa,138735,95
Hayfa,168128,706
Hayfa,173745,27
Hayfa,155817,613
Hayfa,123090,182
Hayfa,188788,599
Hayfa,152031,69
Hayfa,160096,719
Hayfa,152512,132
Hayfa,162754,194
Hayfa,183088,302
Hayfa,136102,159
Hayfa,190644,511
Hayfa,193692,520
Hayfa,126633,534
Hayfa,157855,96
Hayfa,114966,837
Hayfa,164550,345
Hayfa,136519,681
Hayfa,194738,901
Hayfa,111573,912
Hayfa,121267,661
Hayfa,114487,829
Hayfa,162940,533
Hayfa,157799,170
Hayfa,193306,552
Hayfa,102514,451
Hayfa,155280,546
Hayfa,182678,52
Hayfa,189427,385
Hayfa,124823,280
Hayfa,104478,565
Hayfa,137285,480
Hayfa,122241,734
Hayfa,173502,334
Hayfa,103286,710
Hayfa,121908,621
Hayfa,184431,55
Hayfa,101373,128
Hayfa,110458,425
Hayfa,147807,251
Hayfa,159889,430
Hayfa,104582,845
Hayfa,166412,722
Hayfa,119309,20
Hayfa,113236,361
Hayfa,176334,270
Hayfa,128649,85
Hayfa,182599,254
Hayfa,164003,1000
Hayfa,106039,937
Hayfa,106349,958
Hayfa,152226,375
Hayfa,109464,61
Hayfa,107724,660
Hayfa,124100,579
Hayfa,178114,292
Hayfa,121544,904
Hayfa,131576,981
Hayfa,153096,426
Hayfa,124091,163
Hayfa,137336,136
Hayfa,148659,523
Hayfa,118320,978
Hayfa,192190,471
Hayfa,157293,807
Hayfa,168473,180
Hayfa,179198,295
Hayfa,112677,655
Hayfa,153189,992
Hayfa,165318,359
Hayfa,166461,78
Hayfa,198193,789
Hayfa,174717,931
Hayfa,194407,372
Hayfa,112886,751
Hayfa,121880,400
Hayfa,112982,936
Hayfa,197129,337
Hayfa,111409,593
Hayfa,128736,714
Hayfa,125084,113
Hayfa,166306,318
Hayfa,150674,991
Hayfa,157331,412
Hayfa,155844,661
Hayfa,139050,922
Hayfa,153697,121
Hayfa,185072,454
Hayfa,148529,47
Hayfa,122102,313
Hayfa,163098,135
Hayfa,107813,462
Hayfa,106560,433
Hayfa,170249,716
Hayfa,178597,382
Hayfa,152970,117
Hayfa,152148,885
Hayfa,175415,197
Hayfa,127384,421
Hayfa,110353,196
Hayfa,148928,551
Hayfa,102536,280
Hayfa,133001,802
Hayfa,171051,708
Hayfa,171286,669
Hayfa,122817,573
Hayfa,114404,472
Hayfa,136026,252
Hayfa,158958,63
Hayfa,157374,384
Hayfa,121477,665
Hayfa,147382,764
Hayfa,158446,250
Hayfa,147630,216
Hayfa,150446,636
Hayfa,184718,864
Hayfa,157833,848
Hayfa,111309,835
Hayfa,144487,881
Hayfa,150178,509
Hayfa,190531,102
Hayfa,145141,427
Hayfa,169123,171
Hayfa,189224,70
Hayfa,154541,155
Hayfa,160823,496
Hayfa,174532,963
Hayfa,148871,693
Hayfa,192094,456
Hayfa,192145,983
Hayfa,169845,160
Hayfa,105192,185
Hayfa,104206,131
Hayfa,174861,702
Hayfa,132837,731
Hayfa,139888,963
Hayfa,149987,276
Hayfa,119615,608
Hayfa,147182,755
Hayfa,120718,254
Hayfa,163494,339
Hayfa,163138,312
Hayfa,181050,10
Hayfa,148168,173
Hayfa,150030,65
Hayfa,165071,608
Hayfa,148960,629
Hayfa,191540,181
Hayfa,177166,431
Hayfa,184980,537
Hayfa,112172,742
Hayfa,142331,908
Hayfa,135719,216
Hayfa,181819,574
Hayfa,155217,744
Hayfa,169958,268
Hayfa,130441,914
Hayfa,118651,108
Hayfa,129017,576
Hayfa,144676,851
Hayfa,186975,853
Hayfa,100728,284
Hayfa,172727,915
Hayfa,121761,651
Hayfa,128880,268
Hayfa,175328,628
Hayfa,101691,752
Hayfa,166359,162
Hayfa,175803,149
Hayfa,166241,511
Hayfa,141630,453
Hayfa,182040,924
Hayfa,102724,747
Hayfa,149442,373
Hayfa,178363,631
Hayfa,102916,826
Hayfa,131622,391
Hayfa,147878,540
Hayfa,132966,584
Hayfa,174674,336
Hayfa,100474,292
Hayfa,183499,88
Hayfa,116456,483
Hayfa,181621,360
Hayfa,141353,326
Hayfa,130621,633
Hayfa,146863,473
Hayfa,105035,787
Hayfa,117509,359
Hayfa,167156,241
Hayfa,144763,254
Hayfa,137263,539
Hayfa,195443,146
Hayfa,168683,177
Hayfa,185123,985
Hayfa,188636,96
Hayfa,124837,944
Hayfa,186708,643
Hayfa,153027,552
Hayfa,160839,709
Hayfa,117465,983
Hayfa,184672,21
Hayfa,118063,137
Hayfa,150047,286
Hayfa,129336,881
Hayfa,188834,827
Hayfa,193013,833
Hayfa,178105,465
Hayfa,159124,238
Hayfa,160648,174
Hayfa,179394,205
Hayfa,183017,391
Hayfa,119347,386
Hayfa,111909,890
Hayfa,112597,918
Hayfa,193245,616
Hayfa,175356,512
Hayfa,135726,132
Hayfa,183627,475
Hayfa,118045,142
Hayfa,121753,711
Hayfa,133405,699
Hayfa,140286,818
Hayfa,196900,391
Hayfa,188053,484
Hayfa,116709,462
Hayfa,172198,349
Hayfa,192421,167
Hayfa,116632,35
Hayfa,170086,155
Hayfa,190212,689
Hayfa,126691,839
Hayfa,145491,942
Hayfa,179545,590
Hayfa,174144,735
Hayfa,145332,339
Hayfa,109289,265
Hayfa,174594,509
Hayfa,160160,526
Hayfa,138258,340
Hayfa,164639,941
Hayfa,116266,84
Hayfa,185596,538
Hayfa,107482,134
Hayfa,130514,955
Hayfa,195344,820
Hayfa,127324,984
Hayfa,197269,816
Hayfa,101400,986
Hayfa,178918,765
Hayfa,119834,871
Hayfa,198422,928
Hayfa,102874,256
Hayfa,172933,857
Hayfa,149453,592
Hayfa,196585,14
Hayfa,132115,293
Hayfa,157314,42
Hayfa,147622,99
Hayfa,151522,316
Hayfa,164199,252
Hayfa,122514,60
Hayfa,126395,51
Hayfa,104558,998
Hayfa,133151,133
Hayfa,103836,486
Hayfa,191023,370
Hayfa,157895,54
Hayfa,183401,606
Hayfa,193880,633
Hayfa,199302,943
Hayfa,153481,487
Hayfa,120713,900
Hayfa,129870,320
Hayfa,128188,650
Hayfa,114787,675
Hayfa,129531,474
Hayfa,166768,767
Hayfa,185680,223
Hayfa,178193,132
Hayfa,180179,395
Hayfa,137146,783
Hayfa,108352,555
Hayfa,184763,944
Hayfa,101079,687
Hayfa,115838,559
Hayfa,187309,983
Hayfa,164298,49
Hayfa,136859,186
Hayfa,123628,406
Hayfa,111521,780
Hayfa,167356,876
Hayfa,164393,150
Hayfa,197246,371
Hayfa,164981,474
Hayfa,160720,935
Hayfa,138765,273
Hayfa,185176,19
Hayfa,153018,310
Hayfa,164076,144
Hayfa,159634,658
Hayfa,142035,660
Hayfa,178605,838
Hayfa,167984,969
Hayfa,146143,35
Hayfa,189292,803
Hayfa,180509,201
Hayfa,189357,437
Hayfa,149394,760
Hayfa,185051,50
Hayfa,108012,885
Hayfa,119057,346
Hayfa,194556,285
Hayfa,142814,563
Hayfa,100557,526
Hayfa,106556,323
Hayfa,139053,304
Hayfa,121150,127
Hayfa,118189,657
Hayfa,165616,499
Hayfa,140124,866
Hayfa,165706,661
Hayfa,194708,543
Hayfa,154524,703
Hayfa,146905,887
Hayfa,181278,804
Hayfa,134822,477
Hayfa,137900,720
Hayfa,157813,980
Hayfa,147044,184
Hayfa,159165,575
Hayfa,157469,408
Hayfa,104540,611
Hayfa,147187,128
Hayfa,186339,30
Hayfa,124432,698
Hayfa,177710,438
Hayfa,178747,447
Hayfa,164052,124
Hayfa,175292,286
Hayfa,146664,745
Hayfa,103065,77
Hayfa,133149,313
Hayfa,102399,467
Hayfa,134449,895
Hayfa,137109,275
Hayfa,178428,497
Hayfa,167571,134
Hayfa,135054,60
Hayfa,165282,545
Hayfa,117920,8
Hayfa,125606,198
Hayfa,186070,525
Hayfa,118362,505
Hayfa,160467,308
Hayfa,180082,201
Hayfa,107206,374
Hayfa,132565,551
Hayfa,103961,768
Hayfa,156769,201
Hayfa,122520,365
Hayfa,147935,180
Hayfa,175533,269
Hayfa,179217,352
Hayfa,127760,59
Hayfa,165906,852
Hayfa,103898,339
Hayfa,102706,415
Hayfa,110455,658
Hayfa,118236,176
Hayfa,114206,997
Hayfa,184441,172
Hayfa,140149,398
Hayfa,123739,449
Hayfa,191593,928
Hayfa,178759,382
Hayfa,152167,634
Hayfa,167083,813
Hayfa,151776,455
Hayfa,154417,257
Hayfa,158217,917
Hayfa,106774,204
Hayfa,167439,99
Hayfa,112904,57
Hayfa,144465,626
Hayfa,162461,268
Hayfa,107381,131
Hayfa,155229,195
Hayfa,160488,620
Hayfa,175153,318
Hayfa,114805,456
Hayfa,111715,307
Hayfa,139095,947
Hayfa,114875,519
Hayfa,164181,753
Hayfa,145855,36
Hayfa,132757,147
Hayfa,117941,317
Hayfa,113593,44
Hayfa,133553,870
Hayfa,144337,796
Hayfa,144683,542
Hayfa,115512,40
Hayfa,190572,44
Hayfa,108613,560
Hayfa,193090,998
Hayfa,141628,848
Hayfa,105575,477
Hayfa,154627,803
Hayfa,163102,94
Hayfa,190765,925
Hayfa,127678,41
Hayfa,120563,788
Hayfa,184114,319
Hayfa,135567,936
Hayfa,162287,41
Hayfa,128168,777
Hayfa,130623,97
Hayfa,117233,6
Hayfa,196793,423
Hayfa,139504,129
Hayfa,143484,87
Hayfa,187748,438
Hayfa,135175,804
Hayfa,111534,101
Hayfa,113061,229
Hayfa,153845,641
Hayfa,163834,179
Hayfa,194434,840
Hayfa,190670,743
Hayfa,115034,543
Hayfa,110715,999
Hayfa,145225,195
Hayfa,184101,151
Hayfa,142507,243
Hayfa,182474,755
Hayfa,106763,671
Hayfa,120971,918
Hayfa,175545,941
Hayfa,103769,864
Hayfa,152641,698
Hayfa,160056,235
Hayfa,103821,954
Hayfa,134756,149
Hayfa,162381,48
Hayfa,150457,707
Hayfa,184765,522
Hayfa,172209,1000
Hayfa,181521,643
Hayfa,170968,73
Hayfa,162281,426
Hayfa,190188,703
Hayfa,102118,590
Hayfa,123860,24
Hayfa,108474,969
Hayfa,137910,312
Hayfa,183813,558
Hayfa,122151,201
Hayfa,123437,878
Hayfa,118386,750
Hayfa,134157,544
Hayfa,199387,239
Hayfa,183381,6
Hayfa,184511,610
Hayfa,158211,636
Hayfa,180604,65
Hayfa,132851,259
Hayfa,107658,594
Hayfa,132967,759
Hayfa,157554,807
Hayfa,177350,535
Hayfa,126144,437
Hayfa,192596,515
Hayfa,135618,912
Hayfa,154126,315
Hayfa,146338,371
Hayfa,194377,171
Hayfa,168022,722
Hayfa,150164,643
Hayfa,166330,412
Hayfa,136794,843
Hayfa,186563,727
Hayfa,182598,292
Hayfa,191108,337
Hayfa,101575,752
Hayfa,107298,766
Hayfa,189773,331
Hayfa,178603,431
Hayfa,199638,24
Hayfa,111571,504
Hayfa,131540,994
Hayfa,196010,603
Hayfa,185039,514
Hayfa,167815,779
Hayfa,126899,284
Hayfa,179737,555
Hayfa,114165,519
Hayfa,100830,762
Hayfa,102000,559
Hayfa,164224,159
Hayfa,191645,259
Hayfa,159199,325
Hayfa,138221,413
Hayfa,182504,582
Hayfa,151200,451
Hayfa,187094,953
Hayfa,121606,903
Hayfa,130171,60
Hayfa,194678,943
Hayfa,103399,592
Hayfa,126252,583
Hayfa,171814,339
Hayfa,182501,646
Hayfa,197754,308
Hayfa,198681,707
Hayfa,178681,911
Hayfa,132020,349
Hayfa,106010,124
Hayfa,185707,331
Hayfa,198758,12
Hayfa,101992,198
Hayfa,110721,710
Hayfa,105706,893
Hayfa,130378,295
Hayfa,147512,557
Hayfa,152733,264
Hayfa,166692,874
Hayfa,106451,350
Hayfa,112793,560
Hayfa,142968,879
Hayfa,193730,429
Hayfa,194274,29
Hayfa,185736,557
Hayfa,117355,493
Hayfa,195257,46
Hayfa,119068,620
Hayfa,193114,698
Hayfa,196932,720
Hayfa,199499,356
Hayfa,190024,882
Hayfa,141663,389
Hayfa,177330,840
Hayfa,109752,762
Hayfa,154634,940
Hayfa,161697,285
Hayfa,157623,565
Hayfa,162753,922
Hayfa,161034,815
Hayfa,104928,856
Hayfa,102480,925
Hayfa,154939,978
Hayfa,138501,316
Hayfa,158687,127
Hayfa,193488,348
Hayfa,165075,786
Hayfa,183559,931
Hayfa,175756,203
Hayfa,114556,871
Hayfa,134505,497
Hayfa,105879,777
Hayfa,124066,834
Hayfa,120539,884
Hayfa,153641,225
Hayfa,106479,732
Hayfa,157791,777
Hayfa,186893,456
Hayfa,115111,392
Hayfa,126467,679
Hayfa,192169,355
Hayfa,162237,419
Hayfa,179543,560
Hayfa,108370,552
Hayfa,103735,472
Hayfa,127965,886
Hayfa,195540,67
Hayfa,160392,900
Hayfa,144864,69
Hayfa,145537,662
Hayfa,109398,432
Hayfa,118858,124
Hayfa,141784,531
Hayfa,115162,835
Hayfa,199005,477
Hayfa,151047,513
Hayfa,176127,558
Hayfa,171565,464
Hayfa,140333,225
Hayfa,194394,783
Hayfa,170655,188
Hayfa,171466,594
Hayfa,107593,169
Hayfa,195527,157
Hayfa,103695,609
Hayfa,136007,888
Hayfa,101354,111
Hayfa,188102,854
Hayfa,151606,811
Hayfa,126906,708
Hayfa,140454,93
Hayfa,121346,262
Hayfa,144318,19
Hayfa,103245,797
Hayfa,113274,155
Hayfa,128844,630
Hayfa,116083,381
Hayes,138581,38
Hayes,147338,248
Hayes,153101,258
Hayes,122171,959
Hayes,177913,335
Hayes,160679,567
Hayes,182287,19
Hayes,163524,323
Hayes,147252,443
Hayes,145732,316
Hayes,109373,655
Hayes,124957,499
Hayes,150300,75
Hayes,153201,634
Hayes,162953,897
Hayes,119282,621
Hayes,110876,688
Hayes,169360,143
Hayes,150945,65
Hayes,190139,739
Hayes,149169,727
Hayes,155001,794
Hayes,126076,57
Hayes,101718,66
Hayes,151937,235
Hayes,184753,697
Hayes,175912,19
Hayes,114995,390
Hayes,136766,178
Hayes,146763,595
Hayes,193388,636
Hayes,150641,323
Hayes,194340,186
Hayes,141270,869
Hayes,111109,1
Hayes,124668,870
Hayes,142522,623
Hayes,125323,724
Hayes,101588,468
Hayes,143548,608
Hayes,193755,41
Hayes,147484,500
Hayes,103519,692
Hayes,113780,326
Hayes,168105,830
Hayes,150262,295
Hayes,102329,723
Hayes,119775,273
Hayes,104713,75
Hayes,139497,108
Hayes,137072,620
Hayes,144088,551
Hayes,130841,382
Hayes,186459,965
Hayes,199080,702
Hayes,181009,420
Hayes,169593,737
Hayes,184589,453
Hayes,110788,564
Hayes,137603,707
Hayes,111925,895
Hayes,113138,595
Hayes,129926,78
Hayes,140554,298
Hayes,196270,698
Hayes,161590,453
Hayes,146869,848
Hayes,164070,478
Hayes,112838,720
Hayes,160767,377
Hayes,121090,247
Hayes,133753,543
Hayes,139966,329
Hayes,139252,456
Hayes,134232,532
Hayes,112861,187
Hayes,194727,968
Hayes,150442,840
Hayes,168788,652
Hayes,179352,470
Hayes,103925,736
Hayes,156391,477
Hayes,182979,459
Hayes,191897,947
Hayes,150876,248
Hayes,126933,192
Hayes,113789,128
Hayes,148426,767
Hayes,126632,280
Hayes,109063,894
Hayes,193346,837
Hayes,114637,937
Hayes,133120,15
Hayes,115204,749
Hayes,186965,850
Hayes,187337,440
Hayes,137070,892
Hayes,165749,783
Hayes,129509,555
Hayes,127983,456
Hayes,172515,105
Hayes,149177,46
Hayes,136143,354
Hayes,105227,146
Hayes,164381,911
Hayes,122184,297
Hayes,156215,881
Hayes,116118,887
Hayes,107489,951
Hayes,144086,785
Hayes,139901,951
Hayes,113877,288
Hayes,123235,151
Hayes,133880,228
Hayes,181003,328
Hayes,154697,295
Hayes,131403,478
Hayes,175107,23
Hayes,168528,613
Hayes,132397,689
Hayes,108042,354
Hayes,119554,979
Hayes,196265,219
Hayes,131458,432
Hayes,123737,916
Hayes,162472,676
Hayes,177195,850
Hayes,194614,360
Hayes,166773,359
Hayes,171366,477
Hayes,115597,532
Hayes,112128,742
Hayes,144217,309
Hayes,194879,717
Hayes,145668,92
Hayes,151142,492
Hayes,135274,957
Hayes,106581,894
Hayes,107827,32
Hayes,129827,117
Hayes,117690,296
Hayes,195737,888
Hayes,189499,898
Hayes,157420,736
Hayes,113978,790
Hayes,117439,642
Hayes,153469,591
Hayes,115051,558
Hayes,124299,398
Hayes,166132,239
Hayes,129958,10
Hayes,104141,646
Hayes,135196,105
Hayes,171215,98
Hayes,189039,964
Hayes,102404,850
Hayes,139460,322
Hayes,158850,27
Hayes,101078,905
Hayes,167235,139
Hayes,168616,839
Hayes,112875,784
Hayes,150268,552
Hayes,169176,551
Hayes,163681,713
Hayes,124108,298
Hayes,169378,11
Hayes,161082,37
Hayes,193485,932
Hayes,138695,329
Hayes,175693,168
Hayes,160006,135
Hayes,125777,700
Hayes,124703,15
Hayes,130493,736
Hayes,105103,926
Hayes,185899,476
Hayes,185824,726
Hayes,122623,680
Hayes,171902,876
Hayes,140273,427
Hayes,144590,400
Hayes,110413,872
Hayes,142843,582
Hayes,196119,532
Hayes,151482,605
Hayes,109448,601
Hayes,117354,210
Hayes,106946,385
Hayes,168396,417
Hayes,137648,949
Hayes,136994,508
Hayes,117787,344
Hayes,170092,185
Hayes,180390,320
Hayes,141072,604
Hayes,189953,126
Hayes,143378,840
Hayes,175836,326
Hayes,140402,158
Hayes,155401,917
Hayes,196903,639
Hayes,182295,523
Hayes,141023,72
Hayes,181214,575
Hayes,154867,263
Hayes,103036,828
Hayes,105167,795
Hayes,111623,44
Hayes,183900,664
Hayes,181523,783
Hayes,146027,373
Hayes,112241,279
Hayes,118852,624
Hayes,129621,994
Hayes,121833,222
Hayes,108981,895
Hayes,195585,806
Hayes,169693,962
Hayes,190838,698
Hayes,181846,833
Hayes,153216,789
Hayes,133320,838
Hayes,193562,897
Hayes,123949,827
Hayes,162999,410
Hayes,163583,451
Hayes,199986,750
Hayes,168774,179
Hayes,123531,324
Hayes,156230,767
Hayes,114720,605
Hayes,134076,321
Hayes,183503,767
Hayes,113281,827
Hayes,154256,801
Hayes,139831,230
Hayes,107336,926
Hayes,105597,846
Hayes,117703,928
Hayes,106576,620
Hayes,195078,688
Hayes,109686,676
Hayes,158093,322
Hayes,198147,563
Hayes,154564,221
Hayes,104781,368
Hayes,188065,663
Hayes,150765,748
Hayes,122251,179
Hayes,142552,738
Hayes,113191,841
Hayes,166539,685
Hayes,159881,62
Hayes,168285,268
Hayes,176102,70
Hayes,175047,298
Hayes,127539,205
Hayes,142251,643
Hayes,180169,203
Hayes,162450,640
Hayes,179036,731
Hayes,136970,196
Hayes,141407,114
Hayes,166087,210
Hayes,122239,779
Hayes,153572,25
Hayes,107803,815
Hayes,138595,499
Hayes,105868,386
Hayes,194999,408
Hayes,179572,877
Hayes,141281,740
Hayes,164015,245
Hayes,138430,713
Hayes,163978,699
Hayes,104186,792
Hayes,156403,378
Hayes,111655,670
Hayes,151004,418
Hayes,140079,560
Hayes,135985,712
Hayes,147849,880
Hayes,156976,466
Hayes,122280,236
Hayes,156927,371
Hayes,127105,95
Hayes,166178,175
Hayes,107112,687
Hayes,101607,72
Hayes,159685,328
Hayes,118981,381
Hayes,171330,511
Hayes,131217,35
Hayes,160360,450
Hayes,151952,227
Hayes,124751,191
Hayes,190053,358
Hayes,114645,662
Hayes,186876,195
Hayes,122396,284
Hayes,162624,557
Hayes,117633,818
Hayes,186220,598
Hayes,171771,491
Hayes,103740,457
Hayes,197973,103
Hayes,187171,925
Hayes,121109,891
Hayes,159155,158
Hayes,140431,815
Hayes,142439,244
Hayes,133436,219
Hayes,118356,128
Hayes,127162,320
Hayes,180496,215
Hayes,161514,526
Hayes,187241,405
Hayes,122360,277
Hayes,154066,729
Hayes,173400,310
Hayes,192420,817
Hayes,191444,308
Hayes,177081,600
Hayes,123478,685
Hayes,180829,211
Hayes,156969,916
Hayes,179650,390
Hayes,170073,348
Hayes,158805,447
Hayes,167038,689
Hayes,119385,393
Hayes,189963,557
Hayes,126167,653
Hayes,174778,331
Hayes,139822,809
Hayes,134322,541
Hayes,136052,243
Hayes,199873,19
Hayes,157294,804
Hayes,162221,417
Hayes,107513,986
Hayes,141365,66
Hayes,198096,880
Hayes,163855,798
Hayes,166384,744
Hayes,117915,340
Hayes,150619,803
Hayes,129187,195
Hayes,157674,479
Hayes,116600,993
Hayes,109756,898
Hayes,171770,621
Hayes,141626,265
Hayes,191741,522
Hayes,190390,73
Hayes,199402,36
Hayes,142594,661
Hayes,116464,680
Hayes,114976,175
Hayes,154468,889
Hayes,102615,571
Hayes,174034,325
Hayes,179278,317
Hayes,152703,307
Hayes,151900,107
Hayes,123087,945
Hayes,128730,667
Hayes,110965,566
Hayes,162913,158
Hayes,198921,394
Hayes,165397,293
Hayes,147857,751
Hayes,139331,922
Hayes,141012,645
Hayes,183360,1000
Hayes,123907,662
Hayes,126640,430
Hayes,122306,28
Hayes,150605,276
Hayes,120504,513
Hayes,157258,714
Hayes,145486,908
Hayes,122575,953
Hayes,108918,840
Hayes,178867,949
Hayes,133871,207
Hayes,136929,392
Hayes,136214,907
Hayes,120031,413
Hayes,174821,702
Hayes,160853,830
Hayes,148975,724
Hayes,150586,690
Hayes,118073,807
Hayes,189761,273
Hayes,155263,318
Hayes,169029,435
Hayes,113432,736
Hayes,183486,751
Hayes,155419,961
Hayes,170097,735
Hayes,101087,280
Hayes,160656,548
Hayes,126036,165
Hayes,161228,386
Hayes,186323,41
Hayes,136226,332
Hayes,192926,624
Hayes,113969,646
Hayes,166775,150
Hayes,145578,964
Hayes,155353,407
Hayes,164161,733
Hayes,146328,571
Hayes,107549,467
Hayes,100414,592
Hayes,120911,12
Hayes,103909,484
Hayes,181010,859
Hayes,185948,15
Hayes,143570,26
Hayes,147024,467
Hayes,100336,937
Hayes,123310,131
Hayes,124899,282
Hayes,162117,573
Hayes,122494,85
Hayes,185746,624
Hayes,193578,850
Hayes,190056,991
Hayes,199349,342
Hayes,191063,506
Hayes,151082,694
Hayes,114385,924
Hayes,120672,837
Hayes,141351,818
Hayes,123362,989
Hayes,120026,330
Hayes,158537,966
Hayes,171370,377
Hayes,182341,718
Hayes,182394,191
Hayes,164471,62
Hayes,149441,718
Hayes,143852,546
Hayes,162170,978
Hayes,127675,426
Hayes,162161,646
Hayes,153063,175
Hayes,110898,805
Hayes,103022,424
Hayes,147801,253
Hayes,140475,564
Hayes,184519,367
Hayes,146722,59
Hayes,102702,997
Hayes,102029,43
Hayes,183107,199
Hayes,198121,977
Hayes,115673,845
Hayes,168952,301
Hayes,197653,68
Hayes,170991,329
Hayes,102651,747
Hayes,174724,1000
Hayes,106919,380
Hayes,136117,695
Hayes,110880,802
Hayes,171918,564
Hayes,119919,311
Hayes,192943,840
Hayes,189595,972
Hayes,127892,421
Hayes,181678,588
Hayes,139457,87
Hayes,149959,762
Hayes,100400,304
Hayes,152708,387
Hayes,177868,48
Hayes,196934,580
Hayes,137607,264
Hayes,166039,253
Hayes,157762,473
Hayes,154115,959
Hayes,156772,833
Hayes,110125,415
Hayes,132989,904
Hayes,119502,977
Hayes,199901,864
Hayes,152461,522
Hayes,104019,994
Hayes,114820,779
Hayes,184794,572
Hayes,105222,236
Hayes,159344,91
Hayes,134748,583
Hayes,106600,479
Hayes,129523,195
Hayes,150664,544
Hayes,156006,841
Hayes,116170,343
Hayes,159482,561
Hayes,173376,911
Hayes,111538,682
Hayes,114569,734
Hayes,170366,676
Hayes,141548,16
Hayes,190032,499
Hayes,187319,783
Hayes,179213,351
Hayes,123560,566
Hayes,150038,694
Hayes,133673,720
Hayes,158201,534
Hayes,155152,33
Hayes,107297,569
Hayes,146453,413
Hayes,130486,466
Hayes,170332,235
Hayes,115979,530
Hayes,123794,881
Hayes,144045,164
Hayes,184670,506
Hayes,115825,485
Hayes,172176,430
Hayes,127684,83
Hayes,112579,523
Hayes,195537,738
Hayes,132927,728
Hayes,103583,943
Hayes,138971,98
Hayes,193378,360
Hayes,162256,513
Hayes,196906,454
Hayes,186241,485
Hayes,129862,458
Hayes,102416,260
Hayes,156150,797
Hayes,104233,236
Hayes,152144,73
Hayes,185729,992
Hayes,197703,793
Hayes,144704,467
Hayes,107973,460
Hayes,192566,338
Hayes,196644,937
Hayes,174492,432
Hayes,131444,591
Hayes,107411,285
Hayes,156238,434
Hayes,125687,996
Hayes,146200,577
Hayes,181724,867
Hayes,151211,745
Hayes,199446,348
Hayes,182223,58
Hayes,177842,545
Hayes,168053,964
Hayes,109358,129
Hayes,168255,432
Hayes,190151,236
Hayes,109658,781
Hayes,180735,184
Hayes,168008,445
Hayes,139307,582
Hayes,119783,886
Hayes,105038,132
Hayes,188680,661
Hayes,108590,529
Hayes,168024,545
Hayes,180846,959
Hayes,186077,758
Hayes,153793,647
Hayes,198786,141
Hayes,133717,910
Hayes,199443,679
Hayes,186922,572
Hayes,181116,415
Hayes,197695,757
Hayes,190347,137
Hayes,198630,337
Hayes,169059,666
Hayes,139906,158
Hayes,124186,870
Hayes,104993,190
Hayes,143677,138
Hayes,180522,749
Hayes,165293,751
Hayes,147420,273
Hayes,102170,403
Hayes,132117,134
Hayes,196445,870
Hayes,124589,858
Hayes,109539,783
Hayes,131142,387
Hayes,108268,716
Hayes,154213,249
Hayes,160702,583
Hayes,197098,656
Hayes,162581,550
Hayes,151496,336
Hayes,196673,221
Hayes,182687,578
Hayes,170688,130
Hayes,199862,532
Hayes,135802,669
Hayes,141654,187
Hayes,137736,219
Hayes,194647,891
Hayes,105390,539
Hayes,130539,772
Hayes,125176,9
Hayes,146603,118
Hayes,197388,668
Hayes,104475,645
Hayes,156134,479
Hayes,172714,763
Hayes,157845,862
Hayes,165670,423
Hayes,164032,697
Hayes,198117,272
Hayes,137618,965
Hayes,117179,921
Hayes,119374,396
Hayes,138573,336
Hayes,136478,589
Hayes,141911,911
Hayes,106266,969
Hayes,186589,222
Hayes,143816,525
Hayes,115812,597
Hayes,124772,806
Hayes,147538,20
Hayes,152882,874
Hayes,126966,603
Hayes,101093,698
Hayes,102997,361
Hayes,151080,410
Hayes,145943,696
Hayes,191716,346
Hayes,118893,150
Hayes,105695,316
Hayes,132557,923
Hayes,142543,383
Hayes,117100,439
Hayes,120426,277
Hayes,154302,610
Hayes,168187,16
Hayes,129978,527
Hayes,174720,162
Hayes,183260,209
Hayes,145220,470
Hayes,126410,775
Hayes,139743,339
Hayes,100286,587
Hayes,183604,792
Hayes,159269,942
Hayes,148436,703
Hayes,170907,207
Hayes,192485,669
Hayes,151750,622
Hayes,135688,171
Hayes,170567,264
Hayes,155223,38
Hayes,194737,91
Hayes,164835,847
Hayes,194308,196
Hayes,118684,892
Hayes,126514,379
Hayes,149432,184
Hayes,134213,257
Hayes,100377,494
Hayes,142600,498
Hayes,104966,121
Hayes,119437,60
Hayes,189648,521
Hayes,123715,426
Hayes,100645,406
Hayes,138257,410
Hayes,184825,638
Hayes,182317,415
Hayes,132571,196
Hayes,128642,938
Hayes,108980,31
Hayes,162645,211
Hayes,172168,927
Hayes,131100,315
Hayes,192143,852
Hayes,108611,965
Hayes,167780,51
Hayes,131349,339
Hayes,195188,373
Hayes,112000,896
Hayes,147134,757
Hayes,100218,446
Hayes,165239,132
Hayes,187648,955
Hayes,191222,900
Hayes,140599,841
Hayes,120520,13
Hayes,135141,365
Hayes,198181,584
Hayes,137627,736
Hayes,187622,665
Hayes,122536,659
Hayes,126108,364
Hayes,166641,394
Hayes,178524,150
Hayes,151838,162
Hayes,129673,68
Hayes,182419,81
Hayes,180881,925
Hayes,197721,440
Hayes,122639,905
Hayes,133819,238
Hayes,142205,198
Hayes,112723,228
Hayes,143686,846
Hayes,112061,404
Hayes,168682,718
Hayes,192640,516
Hayes,105287,910
Hayes,130778,127
Hayes,114368,92
Hayes,158471,165
Hayes,133292,42
Hayes,130753,265
Hayes,182770,670
Hayes,145588,808
Hayes,107826,453
Hayes,153407,757
Hayes,101310,706
Hayes,184043,154
Hayes,154599,368
Hayes,148105,666
Hayes,146954,288
Hayes,108658,384
Hayes,145054,979
Hayes,188180,48
Hayes,194036,344
Hayes,160406,329
Hayes,185263,860
Hayes,174384,542
Hayes,152445,836
Hayes,119895,442
Hayes,197639,408
Hayes,101959,440
Hayes,134928,408
Hayes,108528,50
Hayes,179389,277
Hayes,186928,584
Hayes,186472,785
Hayes,162970,322
Hayes,121203,225
Hayes,115196,977
Hayes,138898,8
Hayes,162104,568
Hayes,192504,88
Hayes,182392,932
Hayes,118201,788
Hayes,149477,756
Hayes,107445,791
Hayes,147874,466
Hayes,196570,391
Hayes,107076,340
Hayes,199448,815
Hayes,104517,194
Hayes,143716,334
Hayes,179747,803
Hayes,132195,364
Hayes,194795,51
Hayes,107226,446
Hayes,108634,507
Hayes,162436,546
Hayes,188497,903
Hayes,168641,434
Hayes,171886,989
Hayes,194453,626
Hayes,176698,242
Hayes,149643,509
Hayes,106352,925
Hayes,176179,117
Hayes,161147,873
Hayes,154777,444
Hayes,188412,987
Hayes,123814,580
Hayes,135438,932
Hayes,151303,958
Hayes,157658,190
Hayes,102864,238
Hayes,113937,678
Hayes,165580,884
Hayes,100921,887
Hayes,179431,159
Hayes,180545,603
Hayes,170945,120
Hayes,198832,974
Hayes,147343,109
Hayes,166767,117
Hayes,106565,341
Hayes,102760,650
Hayes,139028,188
Hayes,121223,805
Hayes,192677,442
Hayes,137583,520
Hayes,133048,359
Hayes,106376,538
Hayes,177379,812
Hayes,133578,137
Hayes,112405,459
Hayes,172694,196
Hayes,194219,15
Hayes,194595,97
Hayes,180208,576
Hayes,102885,569
Hayes,141371,352
Hayes,111015,752
Hayes,123723,755
Hayes,120992,793
Hayes,153107,385
Hayes,118916,239
Hayes,124628,945
Hayes,113025,993
Hayes,163359,462
Hayes,174621,536
Hayes,104248,883
Hayes,118688,524
Hayes,179216,87
Hayes,135064,245
Hayes,111397,980
Hayes,167401,225
Hayes,187163,271
Hayes,184318,604
Hayes,154542,3
Hayes,137078,316
Hayes,171748,742
Hayes,144705,662
Hayes,101038,768
Hayes,195373,665
Hayes,131659,67
Hayes,189394,387
Hayes,114022,353
Hayes,190582,831
Hayes,156881,594
Hayes,109859,166
Hayes,191228,710
Hayes,129954,912
Hayes,109950,97
Hayes,130843,533
Hayes,108749,819
Hayes,129467,880
Hayes,152208,122
Hayes,134488,828
Hayes,105877,501
Hayes,155449,271
Hayes,197971,623
Hayes,180019,825
Hayes,160932,722
Hayes,147196,314
Hayes,152290,559
Hayes,124397,114
Hayes,189555,960
Hayes,157804,686
Hayes,165672,11
Hayes,177102,689
Hayes,196387,555
Hayes,126373,829
Hayes,198014,990
Hayes,181127,497
Hayes,165272,967
Hayes,169278,316
Hayes,189140,329
Hayes,142666,496
Hayes,105599,723
Hayes,194857,3
Hayes,153047,582
Hayes,145648,273
Hayes,183157,709
Hayes,192992,845
Hayes,121449,992
Hayes,119706,611
Hayes,148299,120
Hayes,138363,27
Hayes,152665,526
Hayes,164612,240
Hayes,165686,579
Hayes,198207,143
Hayes,142947,996
Hayes,137890,360
Hayes,164480,212
Hayes,167964,831
Hayes,149315,822
Hayes,172829,219
Hayes,138089,75
Hayes,183802,920
Hayes,189780,284
Hayes,160982,488
Hayes,160164,958
Hayes,142306,398
Hayes,163558,971
Hayes,180361,254
Hayes,184436,35
Hayes,110090,685
Hayes,195062,866
Hayes,128644,146
Hayes,177577,365
Hayes,171279,827
Hayes,138697,406
Hayes,199492,931
Hayes,116273,998
Hayes,181972,532
Hayes,192879,502
Hayes,181787,328
Hayes,108570,596
Hayes,141727,686
Hayes,117598,788
Hayes,116512,144
Hayes,109579,923
Hayes,144595,690
Hayes,156077,161
Hayes,100025,137
Hayes,168481,396
Hayes,147058,977
Hayes,157773,837
Hayes,158411,368
Hayes,192662,222
Hayes,169359,285
Hayes,157261,239
Hayes,161543,159
Hayes,136702,816
Hayes,144082,243
Hayes,169832,761
Hayes,190158,449
Hayes,191096,39
Hayes,104494,702
Hayes,140657,70
Hayes,124290,44
Hayes,132799,943
Hayes,107080,746
Hayes,163146,284
Hayes,192462,81
Hayes,194856,186
Hayes,187815,301
Hayes,116728,23
Hayes,108180,762
Hayes,139159,931
Hayes,113530,108
Hayes,151339,870
Hayes,159671,854
Hayes,105836,728
Hayes,108137,291
Hayes,189896,459
Hayes,172600,835
Hayes,109429,395
Hayes,199854,81
Hayes,177013,973
Hayes,113179,573
Hayes,148803,739
Hayes,160748,187
Hayes,195285,841
Hayes,150896,612
Hayes,196251,268
Hayes,168096,112
Hayes,171593,974
Hayes,148261,421
Hayes,189278,106
Hayes,129829,796
Hayes,178694,548
Hayes,104855,791
Hayes,163440,962
Hayes,161109,113
Hayes,163021,346
Hayes,197628,788
Hayes,153858,233
Hayes,125135,867
Hayes,185213,305
Hayes,174645,130
Hayes,189576,899
Hayes,176257,852
Hayes,132761,850
Hayes,188890,610
Hayes,123693,202
Hayes,187737,77
Hayes,157389,290
Hayes,182121,859
Hayes,146272,166
Hayes,150611,312
Hayes,186968,537
Hayes,186502,334
Hayes,132721,505
Hayes,143815,942
Hayes,167409,165
Hayes,141864,623
Hayes,193835,456
Hayes,138969,521
Hayes,167806,717
Hayes,152840,68
Hayes,176995,28
Hayes,144878,6
Hayes,124702,27
Hayes,157445,223
Hayes,110211,537
Hayes,130430,495
Hayes,143430,459
Hayes,170549,784
Hayes,131953,363
Hayes,185084,772
Hayes,148143,852
Hayes,155389,989
Hayes,194681,318
Hayes,171046,52
Hayes,196258,765
Hayes,181568,839
Hayes,123657,52
Hayes,104539,971
Hayes,197756,225
Hayes,141512,476
Hayes,126896,383
Hayes,104528,239
Hayes,147815,75
Hayes,100412,667
Hayes,164353,516
Hayes,102268,224
Hayes,179705,167
Hayes,197182,471
Hayes,102306,649
Hayes,169178,435
Hayes,129749,425
Hayes,193426,547
Hayes,100670,913
Hayes,135508,420
Hayes,157801,921
Hayes,106480,100
Hayes,125457,58
Hayes,140126,941
Hayes,139539,746
Hayes,108033,628
Hayes,116339,110
Hayes,183229,684
Hayes,143167,264
Hayes,159997,120
Hayes,188755,805
Hayes,195965,113
Hayes,187311,129
Hayes,146883,978
Hayes,172118,433
Hayes,169321,123
Hayes,173515,588
Gwendolyn,108737,477
Gwendolyn,167895,496
Gwendolyn,189216,832
Gwendolyn,104831,234
Gwendolyn,177188,839
Gwendolyn,189882,815
Gwendolyn,104967,720
Gwendolyn,165620,977
Gwendolyn,173676,196
Gwendolyn,198256,510
Gwendolyn,148439,932
Gwendolyn,145481,72
Gwendolyn,172611,556
Gwendolyn,100897,686
Gwendolyn,110258,968
Gwendolyn,140117,523
Gwendolyn,110251,545
Gwendolyn,199011,725
Gwendolyn,184373,638
Gwendolyn,194772,857
Gwendolyn,192795,529
Gwendolyn,177461,827
Gwendolyn,189102,643
Gwendolyn,171932,988
Gwendolyn,119115,203
Gwendolyn,138760,209
Gwendolyn,193929,740
Gwendolyn,136786,534
Gwendolyn,179526,350
Gwendolyn,198590,829
Gwendolyn,142555,996
Gwendolyn,172032,268
Gwendolyn,140805,971
Gwendolyn,138995,53
Gwendolyn,139945,133
Gwendolyn,125007,148
Gwendolyn,183305,624
Gwendolyn,195798,508
Gwendolyn,173008,493
Gwendolyn,198896,928
Gwendolyn,168948,767
Gwendolyn,166945,446
Gwendolyn,162587,780
Gwendolyn,186186,96
Gwendolyn,122727,202
Gwendolyn,169896,174
Gwendolyn,171687,947
Gwendolyn,108425,244
Gwendolyn,160786,333
Gwendolyn,169344,653
Gwendolyn,172610,407
Gwendolyn,193262,350
Gwendolyn,199614,647
Gwendolyn,105971,623
Gwendolyn,122617,823
Gwendolyn,185283,621
Gwendolyn,144181,777
Gwendolyn,166158,0
Gwendolyn,104085,642
Gwendolyn,190784,858
Gwendolyn,195896,54
Gwendolyn,189119,938
Gwendolyn,157875,635
Gwendolyn,199381,865
Gwendolyn,172067,175
Gwendolyn,191558,734
Gwendolyn,118742,484
Gwendolyn,120295,815
Gwendolyn,196426,369
Gwendolyn,105367,742
Gwendolyn,186224,262
Gwendolyn,159120,374
Gwendolyn,106928,965
Gwendolyn,176108,427
Gwendolyn,107008,265
Gwendolyn,125861,650
Gwendolyn,117678,822
Gwendolyn,188404,794
Gwendolyn,198949,954
Gwendolyn,154443,269
Gwendolyn,133255,623
Gwendolyn,188900,127
Gwendolyn,179193,838
Gwendolyn,197847,296
Gwendolyn,118358,156
Gwendolyn,180645,782
Gwendolyn,196301,72
Gwendolyn,147022,204
Gwendolyn,149230,725
Gwendolyn,104648,825
Gwendolyn,106635,90
Gwendolyn,185846,414
Gwendolyn,160433,662
Gwendolyn,108819,750
Gwendolyn,117343,813
Gwendolyn,185417,72
Gwendolyn,107781,90
Gwendolyn,110757,661
Gwendolyn,171179,416
Gwendolyn,110329,478
Gwendolyn,179372,343
Gwendolyn,172564,12
Gwendolyn,171243,101
Gwendolyn,196469,771
Gwendolyn,152784,191
Gwendolyn,103099,992
Gwendolyn,109053,975
Gwendolyn,162108,802
Gwendolyn,123378,89
Gwendolyn,149011,700
Gwendolyn,160389,997
Gwendolyn,120258,208
Gwendolyn,127323,988
Gwendolyn,180767,912
Gwendolyn,186042,817
Gwendolyn,127958,537
Gwendolyn,153629,512
Gwendolyn,114459,398
Gwendolyn,136655,96
Gwendolyn,191891,428
Gwendolyn,124996,832
Gwendolyn,108983,785
Gwendolyn,145185,680
Gwendolyn,101135,593
Gwendolyn,198667,591
Gwendolyn,132295,952
Gwendolyn,163261,210
Gwendolyn,124464,803
Gwendolyn,147650,535
Gwendolyn,181020,548
Gwendolyn,173030,764
Gwendolyn,176879,131
Gwendolyn,165139,97
Gwendolyn,124494,874
Gwendolyn,161798,911
Gwendolyn,114271,379
Gwendolyn,178438,962
Gwendolyn,126316,32
Gwendolyn,166786,919
Gwendolyn,128027,877
Gwendolyn,199613,441
Gwendolyn,100943,314
Gwendolyn,153074,197
Gwendolyn,119388,369
Gwendolyn,143434,451
Gwendolyn,115316,827
Gwendolyn,143049,415
Gwendolyn,110214,371
Gwendolyn,150666,278
Gwendolyn,104997,686
Gwendolyn,193888,66
Gwendolyn,166973,828
Gwendolyn,198697,91
Gwendolyn,155850,601
Gwendolyn,124446,304
Gwendolyn,165108,469
Gwendolyn,155373,840
Gwendolyn,152014,889
Gwendolyn,134198,15
Gwendolyn,110497,786
Gwendolyn,136753,613
Gwendolyn,107518,91
Gwendolyn,187159,387
Gwendolyn,151845,178
Gwendolyn,145903,498
Gwendolyn,108781,32
Gwendolyn,132517,893
Gwendolyn,192761,250
Gwendolyn,185178,669
Gwendolyn,191591,241
Gwendolyn,199303,99
Gwendolyn,172308,267
Gwendolyn,138259,49
Gwendolyn,149576,346
Gwendolyn,187015,529
Gwendolyn,113326,93
Gwendolyn,115058,852
Gwendolyn,138868,221
Gwendolyn,191712,367
Gwendolyn,195077,207
Gwendolyn,187851,1000
Gwendolyn,135462,844
Gwendolyn,197627,76
Gwendolyn,120975,92
Gwendolyn,177169,215
Gwendolyn,133508,270
Gwendolyn,138778,303
Gwendolyn,180915,782
Gwendolyn,163127,419
Gwendolyn,179062,282
Gwendolyn,117686,927
Gwendolyn,139247,924
Gwendolyn,156446,933
Gwendolyn,121221,624
Gwendolyn,192313,302
Gwendolyn,117402,498
Gwendolyn,139985,998
Gwendolyn,136499,737
Gwendolyn,182646,829
Gwendolyn,109341,527
Gwendolyn,115939,37
Gwendolyn,137642,259
Gwendolyn,168583,89
Gwendolyn,196039,289
Gwendolyn,198325,56
Gwendolyn,165449,835
Gwendolyn,171564,660
Gwendolyn,133703,184
Gwendolyn,151177,943
Gwendolyn,146452,42
Gwendolyn,149218,258
Gwendolyn,152379,42
Gwendolyn,180893,87
Gwendolyn,199416,928
Gwendolyn,107099,639
Gwendolyn,114452,939
Gwendolyn,140041,476
Gwendolyn,193317,9
Gwendolyn,164314,786
Gwendolyn,191723,81
Gwendolyn,195367,90
Gwendolyn,125742,673
Gwendolyn,167264,760
Gwendolyn,181765,176
Gwendolyn,145387,92
Gwendolyn,106412,968
Gwendolyn,176370,742
Gwendolyn,159658,235
Gwendolyn,138422,428
Gwendolyn,132241,800
Gwendolyn,176531,360
Gwendolyn,115529,654
Gwendolyn,189594,976
Gwendolyn,105328,114
Gwendolyn,132091,505
Gwendolyn,129744,511
Gwendolyn,120221,150
Gwendolyn,134776,537
Gwendolyn,115708,822
Gwendolyn,123736,161
Gwendolyn,109969,469
Gwendolyn,103668,97
Gwendolyn,190663,168
Gwendolyn,157820,943
Gwendolyn,142380,422
Gwendolyn,196884,871
Gwendolyn,163019,440
Gwendolyn,135247,237
Gwendolyn,141139,438
Gwendolyn,151998,796
Gwendolyn,194837,388
Gwendolyn,164215,14
Gwendolyn,183678,872
Gwendolyn,186781,611
Gwendolyn,135698,780
Gwendolyn,137265,983
Gwendolyn,155005,153
Gwendolyn,188986,968
Gwendolyn,146480,232
Gwendolyn,133243,203
Gwendolyn,135526,806
Gwendolyn,152370,863
Gwendolyn,135953,66
Gwendolyn,115747,435
Gwendolyn,147785,273
Gwendolyn,158698,550
Gwendolyn,159359,829
Gwendolyn,185296,460
Gwendolyn,128913,986
Gwendolyn,126267,877
Gwendolyn,130422,452
Gwendolyn,122904,974
Gwendolyn,174828,39
Gwendolyn,156038,758
Gwendolyn,175594,397
Gwendolyn,161430,425
Gwendolyn,115925,475
Gwendolyn,141149,238
Gwendolyn,176587,295
Gwendolyn,191734,167
Gwendolyn,122309,742
Gwendolyn,127863,41
Gwendolyn,184808,54
Gwendolyn,192453,264
Gwendolyn,136543,153
Gwendolyn,173683,416
Gwendolyn,194545,246
Gwendolyn,104477,209
Gwendolyn,141811,718
Gwendolyn,139189,238
Gwendolyn,108006,925
Gwendolyn,178888,284
Gwendolyn,121705,408
Gwendolyn,181545,343
Gwendolyn,104095,56
Gwendolyn,139293,892
Gwendolyn,126677,7
Gwendolyn,165896,572
Gwendolyn,122062,344
Gwendolyn,124784,738
Gwendolyn,150279,639
Gwendolyn,145398,241
Gwendolyn,128142,897
Gwendolyn,138727,473
Gwendolyn,155525,949
Gwendolyn,163088,215
Gwendolyn,198939,137
Gwendolyn,192452,63
Gwendolyn,131699,826
Gwendolyn,155799,745
Gwendolyn,113079,596
Gwendolyn,148751,678
Gwendolyn,161725,768
Gwendolyn,162724,796
Gwendolyn,155282,825
Gwendolyn,104404,352
Gwendolyn,101964,583
Gwendolyn,159013,140
Gwendolyn,110515,429
Gwendolyn,124543,252
Gwendolyn,168404,808
Gwendolyn,127447,185
Gwendolyn,194005,337
Gwendolyn,123958,81
Gwendolyn,185515,932
Gwendolyn,150447,777
Gwendolyn,177864,896
Gwendolyn,155720,257
Gwendolyn,197403,861
Gwendolyn,148033,408
Gwendolyn,126826,5
Gwendolyn,166754,698
Gwendolyn,180284,433
Gwendolyn,128225,560
Gwendolyn,130616,612
Gwendolyn,119027,666
Gwendolyn,113788,315
Gwendolyn,169954,432
Gwendolyn,165147,499
Gwendolyn,141534,391
Gwendolyn,174669,151
Gwendolyn,185379,987
Gwendolyn,138106,55
Gwendolyn,175254,642
Gwendolyn,192033,930
Gwendolyn,188332,754
Gwendolyn,140584,187
Gwendolyn,104886,943
Gwendolyn,111967,569
Gwendolyn,106494,56
Gwendolyn,138707,226
Gwendolyn,154878,66
Gwendolyn,145177,510
Gwendolyn,130713,360
Gwendolyn,157940,94
Gwendolyn,195419,324
Gwendolyn,111704,806
Gwendolyn,150667,733
Gwendolyn,133762,737
Gwendolyn,114319,120
Gwendolyn,192315,429
Gwendolyn,101830,372
Gwendolyn,199657,674
Gwendolyn,196830,47
Gwendolyn,199780,877
Gwendolyn,163823,716
Gwendolyn,182660,391
Gwendolyn,162858,133
Gwendolyn,162802,682
Gwendolyn,186579,815
Gwendolyn,165183,476
Gwendolyn,112476,222
Gwendolyn,195152,817
Gwendolyn,169651,12
Gwendolyn,155613,776
Gwendolyn,129505,440
Gwendolyn,107590,173
Gwendolyn,164719,288
Gwendolyn,151090,1000
Gwendolyn,189113,659
Gwendolyn,110142,162
Gwendolyn,135626,357
Gwendolyn,115972,971
Gwendolyn,148652,727
Gwendolyn,193329,257
Gwendolyn,103184,243
Gwendolyn,181826,99
Gwendolyn,193118,588
Gwendolyn,194543,341
Gwendolyn,138354,789
Gwendolyn,179536,487
Gwendolyn,102276,582
Gwendolyn,173219,333
Gwendolyn,179055,349
Gwendolyn,160372,918
Gwendolyn,164432,63
Gwendolyn,114431,32
Gwendolyn,102897,20
Gwendolyn,125460,18
Gwendolyn,144535,793
Gwendolyn,192454,259
Gwendolyn,124877,565
Gwendolyn,125092,701
Gwendolyn,185011,681
Gwendolyn,179862,726
Gwendolyn,155317,310
Gwendolyn,196399,428
Gwendolyn,134281,189
Gwendolyn,115016,796
Gwendolyn,183693,993
Gwendolyn,166710,91
Gwendolyn,116375,801
Gwendolyn,165544,495
Gwendolyn,153094,334
Gwendolyn,127499,252
Gwendolyn,122694,969
Gwendolyn,191964,978
Gwendolyn,184626,555
Gwendolyn,122583,212
Gwendolyn,168161,405
Gwendolyn,105497,558
Gwendolyn,181734,522
Gwendolyn,135246,238
Gwendolyn,195320,860
Gwendolyn,173540,193
Gwendolyn,161923,620
Gwendolyn,130245,833
Gwendolyn,143053,23
Gwendolyn,167177,360
Gwendolyn,161509,273
Gwendolyn,146112,962
Gwendolyn,153833,229
Gwendolyn,112562,101
Gwendolyn,149672,939
Gwendolyn,187175,678
Gwendolyn,157213,149
Gwendolyn,171399,62
Gwendolyn,121926,722
Gwendolyn,178267,625
Gwendolyn,145783,514
Gwendolyn,118418,635
Gwendolyn,180376,21
Gwendolyn,102085,777
Gwendolyn,181548,29
Gwendolyn,147548,404
Gwendolyn,118541,683
Gwendolyn,132984,354
Gwendolyn,168656,213
Gwendolyn,103715,775
Gwendolyn,194910,170
Gwendolyn,129516,139
Gwendolyn,169020,842
Gwendolyn,146186,648
Gwendolyn,172250,883
Gwendolyn,134393,832
Gwendolyn,132700,290
Gwendolyn,147946,25
Gwendolyn,145989,875
Gwendolyn,182050,131
Gwendolyn,169183,706
Gwendolyn,140508,246
Gwendolyn,117601,987
Gwendolyn,197125,155
Gwendolyn,138904,901
Gwendolyn,168811,417
Gwendolyn,109193,352
Gwendolyn,128472,380
Gwendolyn,185552,161
Gwendolyn,143239,688
Gwendolyn,172889,766
Gwendolyn,177334,614
Gwendolyn,164979,50
Gwendolyn,181119,654
Gwendolyn,135979,47
Gwendolyn,167502,654
Gwendolyn,146113,854
Gwendolyn,134765,721
Gwendolyn,160423,737
Gwendolyn,146874,253
Gwendolyn,198153,639
Gwendolyn,145945,623
Gwendolyn,105082,320
Gwendolyn,137152,654
Gwendolyn,195105,64
Gwendolyn,173421,100
Gwendolyn,105840,623
Gwendolyn,124342,713
Gwendolyn,168621,999
Gwendolyn,111881,816
Gwendolyn,106587,354
Gwendolyn,191979,584
Gwendolyn,191674,347
Gwendolyn,186924,789
Gwendolyn,185856,239
Gwendolyn,142176,295
Gwendolyn,187941,3
Gwendolyn,194148,249
Gwendolyn,184797,671
Gwendolyn,199953,390
Gwendolyn,100177,65
Gwendolyn,187063,238
Gwendolyn,114500,197
Gwendolyn,150046,94
Gwendolyn,109158,194
Gwendolyn,103316,177
Gwendolyn,192487,80
Gwendolyn,188066,54
Gwendolyn,180504,570
Gwendolyn,150371,484
Gwendolyn,184561,246
Gwendolyn,116985,701
Gwendolyn,101240,416
Gwendolyn,102665,246
Gwendolyn,186298,605
Gwendolyn,103733,478
Gwendolyn,189704,413
Gwendolyn,194304,631
Gwendolyn,141620,229
Gwendolyn,136257,907
Gwendolyn,181327,688
Gwendolyn,154441,935
Gwendolyn,149973,191
Gwendolyn,120816,128
Gwendolyn,137923,324
Gwendolyn,169785,613
Gwendolyn,123542,592
Gwendolyn,170590,675
Gwendolyn,103173,515
Gwendolyn,198698,510
Gwendolyn,120663,343
Gwendolyn,179287,671
Gwendolyn,199288,670
Gwendolyn,115439,895
Gwendolyn,125464,341
Gwendolyn,166943,275
Gwendolyn,155273,386
Gwendolyn,143264,576
Gwendolyn,108534,156
Gwendolyn,125750,850
Gwendolyn,141752,832
Gwendolyn,198903,340
Gwendolyn,116714,467
Gwendolyn,134786,508
Gwendolyn,105371,480
Gwendolyn,177485,853
Gwendolyn,127018,659
Gwendolyn,147241,771
Gwendolyn,199931,463
Gwendolyn,193018,811
Gwendolyn,184673,592
Gwendolyn,146050,492
Gwendolyn,130066,360
Gwendolyn,118272,916
Gwendolyn,135009,291
Gwendolyn,155915,309
Gwendolyn,109990,886
Gwendolyn,134942,312
Gwendolyn,172376,191
Gwendolyn,121690,522
Gwendolyn,166344,342
Gwendolyn,104780,116
Gwendolyn,153218,250
Gwendolyn,111242,260
Gwendolyn,120453,564
Gwendolyn,124750,658
Gwendolyn,183933,759
Gwendolyn,177092,282
Gwendolyn,140766,507
Gwendolyn,109680,620
Gwendolyn,151640,415
Gwendolyn,128798,438
Gwendolyn,190851,938
Gwendolyn,149537,361
Gwendolyn,150103,399
Gwendolyn,123355,21
Gwendolyn,186215,890
Gwendolyn,149538,371
Gwendolyn,146135,446
Gwendolyn,101682,655
Gwendolyn,178041,136
Gwendolyn,153080,311
Gwendolyn,148900,550
Gwendolyn,120542,907
Gwendolyn,165346,259
Gwendolyn,120231,372
Gwendolyn,131808,67
Gwendolyn,101440,446
Gwendolyn,198457,903
Gwendolyn,171890,516
Gwendolyn,104598,719
Gwendolyn,100311,817
Gwendolyn,115515,86
Gwendolyn,126561,314
Gwendolyn,131956,38
Gwendolyn,166262,707
Gwendolyn,179501,985
Gwendolyn,178990,24
Gwendolyn,153625,667
Gwendolyn,156801,440
Gwendolyn,176501,59
Gwendolyn,101023,983
Gwendolyn,110333,804
Gwendolyn,137250,458
Gwendolyn,159826,165
Gwendolyn,174060,715
Gwendolyn,159682,950
Gwendolyn,122147,976
Gwendolyn,120844,436
Gwendolyn,105819,157
Gwendolyn,134311,995
Gwendolyn,197574,847
Gwendolyn,124485,683
Gwendolyn,199865,9
Gwendolyn,132520,139
Gwendolyn,115668,30
Gwendolyn,146768,683
Gwendolyn,117519,276
Gwendolyn,131255,417
Gwendolyn,108101,256
Gwendolyn,176483,981
Gwendolyn,105825,698
Gwendolyn,189442,191
Gwendolyn,166627,575
Gwendolyn,160453,199
Gwendolyn,135115,661
Gwendolyn,170205,833
Gwendolyn,110877,188
Gwendolyn,195738,22
Gwendolyn,122566,318
Gwendolyn,199950,669
Gwendolyn,125537,468
Gwendolyn,140726,421
Gwendolyn,163179,363
Gwendolyn,154589,199
Gwendolyn,138063,551
Gwendolyn,124754,939
Gwendolyn,121698,564
Gwendolyn,181323,862
Gwendolyn,197458,131
Gwendolyn,195662,236
Gwendolyn,160464,732
Gwendolyn,110121,346
Gwendolyn,108649,672
Gwendolyn,168377,757
Gwendolyn,193783,632
Gwendolyn,149058,350
Gwendolyn,124119,998
Gwendolyn,198703,365
Gwendolyn,125184,566
Gwendolyn,176547,9
Gwendolyn,198872,853
Gwendolyn,120011,449
Gwendolyn,179809,143
Gwendolyn,151380,42
Gwendolyn,191887,338
Gwendolyn,151951,353
Gwendolyn,188759,401
Gwendolyn,106625,260
Gwendolyn,178120,550
Gwendolyn,137490,163
Gwendolyn,149415,979
Gwendolyn,174786,968
Gwendolyn,163455,808
Gwendolyn,143604,594
Gwendolyn,103120,204
Gwendolyn,161728,489
Gwendolyn,191676,788
Gwendolyn,199894,835
Gwendolyn,153494,161
Gwendolyn,179427,602
Gwendolyn,105969,907
Gwendolyn,174619,871
Gwendolyn,147265,749
Gwendolyn,163543,243
Gwendolyn,135318,95
Gwendolyn,189786,445
Gwendolyn,123615,398
Gwendolyn,165218,622
Gwendolyn,100032,124
Gwendolyn,132393,560
Gwendolyn,105833,50
Gwendolyn,153569,293
Gwendolyn,110141,89
Gwendolyn,130989,319
Gwendolyn,137332,224
Gwendolyn,122582,112
Gwendolyn,133974,303
Gwendolyn,113953,857
Gwendolyn,140982,962
Gwendolyn,135217,628
Gwendolyn,120867,515
Gwendolyn,113246,831
Gwendolyn,124304,959
Gwendolyn,112041,56
Gwendolyn,183854,395
Gwendolyn,170767,616
Gwendolyn,117582,118
Gwendolyn,194956,550
Gwendolyn,186445,504
Gwendolyn,104989,363
Gwendolyn,165255,693
Gwendolyn,163379,451
Gwendolyn,161361,297
Gwendolyn,110601,636
Gwendolyn,170406,278
Gwendolyn,193581,960
Gwendolyn,164632,426
Gwendolyn,104320,424
Gwendolyn,148471,787
Gwendolyn,138016,295
Gwendolyn,128914,316
Gwendolyn,141751,717
Gwendolyn,114519,889
Gwendolyn,120658,148
Gwendolyn,129170,13
Gwendolyn,107031,360
Gwendolyn,150677,407
Gwendolyn,138901,7
Gwendolyn,179254,899
Gwendolyn,151826,57
Gwendolyn,166135,751
Gwendolyn,143445,676
Gwendolyn,130282,976
Gwendolyn,111423,849
Gwendolyn,112333,752
Gwendolyn,170437,753
Gwendolyn,180365,440
Gwendolyn,121852,174
Gwendolyn,184061,212
Gwendolyn,148347,280
Gwendolyn,129488,839
Gwendolyn,117927,573
Gwendolyn,131450,788
Gwendolyn,156917,432
Gwendolyn,122997,526
Gwendolyn,104380,961
Gwendolyn,117665,161
Gwendolyn,132095,896
Gwendolyn,109458,350
Gwendolyn,135250,986
Gwendolyn,139415,838
Gwendolyn,175900,708
Gwendolyn,155439,62
Gwendolyn,180020,528
Gwendolyn,112881,209
Gwendolyn,120580,990
Gwendolyn,185742,883
Gwendolyn,134938,587
Gwendolyn,135046,15
Gwendolyn,149121,113
Gwendolyn,100548,167
Gwendolyn,115620,567
Gwendolyn,124967,191
Gwendolyn,109520,749
Gwendolyn,101062,700
Gwendolyn,171086,779
Gwendolyn,134722,535
Gwendolyn,129146,386
Gwendolyn,135780,678
Gwendolyn,188387,678
Gwendolyn,146368,924
Gwendolyn,155956,803
Gwendolyn,105175,570
Gwendolyn,192154,781
Gwendolyn,105619,927
Gwendolyn,148913,754
Gwendolyn,147681,2
Gwendolyn,124259,86
Gwendolyn,133657,925
Gwendolyn,195300,205
Gwendolyn,131785,148
Gwendolyn,120692,46
Gwendolyn,150128,779
Gwendolyn,179535,770
Gwendolyn,190554,11
Gwendolyn,147357,882
Gwendolyn,171807,562
Gwendolyn,137276,238
Gwendolyn,140116,263
Gwendolyn,185359,991
Gwendolyn,178515,25
Gwendolyn,156949,882
Gwendolyn,184242,375
Gwendolyn,197144,695
Gwendolyn,112452,261
Gwendolyn,155496,510
Gwendolyn,168069,495
Gwendolyn,112357,946
Gwendolyn,190981,156
Gwendolyn,131656,237
Gwendolyn,151828,439
Gwendolyn,174704,654
Gwendolyn,174689,827
Gwendolyn,154580,452
Gwendolyn,172109,329
Gwendolyn,115907,675
Gwendolyn,160196,764
Gwendolyn,114320,228
Gwendolyn,148272,533
Gwendolyn,196780,232
Gwendolyn,172927,939
Gwendolyn,148797,10
Gwendolyn,137997,630
Gwendolyn,146357,197
Gwendolyn,128048,635
Gwendolyn,184131,542
Gwendolyn,172842,730
Gwendolyn,114975,753
Gwendolyn,198814,507
Gwendolyn,199057,60
Gwendolyn,130206,100
Gwendolyn,107860,511
Gwendolyn,128291,730
Gwendolyn,108758,254
Gwendolyn,182350,180
Gwendolyn,195723,370
Gwendolyn,131461,901
Gwendolyn,157701,551
Gwendolyn,121739,846
Gwendolyn,167883,480
Gwendolyn,148596,361
Gwendolyn,154215,136
Gwendolyn,119205,364
Gwendolyn,112846,827
Gwendolyn,194164,584
Gwendolyn,149834,344
Gwendolyn,109214,836
Gwendolyn,160200,821
Gwendolyn,130921,696
Gwendolyn,171343,746
Gwendolyn,131023,848
Gwendolyn,179864,764
Gwendolyn,111120,458
Gwendolyn,179332,14
Gwendolyn,125400,286
Gwendolyn,139378,43
Gwendolyn,119013,551
Gwendolyn,147424,794
Gwendolyn,153379,429
Gwendolyn,111472,899
Gwendolyn,142044,33
Gwendolyn,165258,138
Gwendolyn,199681,837
Gwendolyn,105601,514
Gwendolyn,155271,65
Gwendolyn,175457,843
Gwendolyn,112294,623
Gwendolyn,191509,864
Gwendolyn,128249,141
Gwendolyn,176525,407
Gwendolyn,196901,211
Gwendolyn,184216,931
Gwendolyn,156635,62
Gwendolyn,171919,650
Gwendolyn,175000,410
Gwendolyn,185353,584
Gwendolyn,161079,578
Gwendolyn,119629,561
Gwendolyn,151207,386
Gwendolyn,146229,235
Gwendolyn,183280,781
Gwendolyn,187974,486
Gwendolyn,149755,620
Gwendolyn,122713,747
Gwendolyn,105943,381
Gwendolyn,143723,433
Gwendolyn,178280,46
Gwendolyn,156789,515
Gwendolyn,194468,18
Gwendolyn,147939,771
Gwendolyn,146671,766
Gwendolyn,131013,387
Gwendolyn,125995,509
Gwendolyn,157894,801
Gwendolyn,141855,809
Gwendolyn,189145,373
Gwendolyn,182201,580
Gwendolyn,146018,443
Gwendolyn,126306,311
Gwendolyn,120239,279
Gwendolyn,184876,708
Gwendolyn,169319,572
Gwendolyn,138555,741
Gwendolyn,111410,99
Gwendolyn,151619,909
Gwendolyn,187409,125
Gwendolyn,106884,864
Gwendolyn,182541,197
Gwendolyn,141404,401
Gwendolyn,149569,636
Gwendolyn,104299,515
Gwendolyn,104329,693
Gwendolyn,120636,711
Gwendolyn,163742,964
Gwendolyn,176637,219
Gwendolyn,196167,208
Gwendolyn,109587,615
Gwendolyn,192621,477
Gwendolyn,140486,632
Gwendolyn,111500,115
Gwendolyn,166729,819
Gwendolyn,187470,567
Gwendolyn,155260,849
Gwendolyn,179222,143
Gwendolyn,130139,202
Gwendolyn,108666,9
Gwendolyn,178287,885
Gwendolyn,183841,55
Gwendolyn,100002,22
Gwendolyn,126620,795
Gwendolyn,164105,536
Gwendolyn,119354,169
Gwendolyn,132505,658
Gwendolyn,138804,369
Gwendolyn,153923,679
Gwendolyn,198844,810
Gwendolyn,117628,880
Gwendolyn,183892,105
Gwendolyn,115294,910
Gwendolyn,194448,391
Gwendolyn,143855,544
Gwendolyn,169158,891
Gwendolyn,117066,598
Gwendolyn,112827,903
Gwendolyn,168840,566
Gwendolyn,151315,201
Gwendolyn,160984,853
Gwendolyn,115331,825
Gwendolyn,160879,124
Gwendolyn,184262,295
Gwendolyn,151495,928
Gwendolyn,179623,826
Gwendolyn,198423,93
Gwendolyn,168200,129
Gwendolyn,102185,851
Gwendolyn,188163,654
Gwendolyn,136819,844
Gwendolyn,123203,258
Gwendolyn,143164,296
Gwendolyn,184610,786
Gwendolyn,105326,846
Gwendolyn,161088,708
Gwendolyn,155989,740
Gwendolyn,177738,639
Gwendolyn,192062,393
Gwendolyn,187767,522
Gwendolyn,147314,765
Gwendolyn,170492,287
Gwendolyn,145823,367
Gwendolyn,147901,177
Gwendolyn,162007,649
Gwendolyn,124866,680
Gwendolyn,113400,541
Gwendolyn,121608,669
Gwendolyn,186356,242
Gwendolyn,165003,278
Gwendolyn,158071,74
Gwendolyn,121256,52
Gwendolyn,155379,3
Gwendolyn,169025,902
Gwendolyn,153362,975
Gwendolyn,157030,984
Gwendolyn,154695,987
Gwendolyn,197887,754
Gwendolyn,120870,840
Gwendolyn,141741,665
Gwendolyn,183920,958
Gwendolyn,152321,748
Gwendolyn,111736,118
Gwendolyn,162467,153
Gwendolyn,180488,243
Gwendolyn,189068,323
Gwendolyn,177314,937
Gwendolyn,168775,40
Gwendolyn,169949,389
Gwendolyn,155287,443
Gwendolyn,121569,502
Gwendolyn,132786,50
Gwendolyn,126042,180
Gwendolyn,189214,596
Gwendolyn,191809,880
Gwendolyn,187436,889
Gwendolyn,117650,276
Gwendolyn,164083,336
Gwendolyn,174087,126
Gwendolyn,128362,805
Gwendolyn,120714,108
Gwendolyn,197245,800
Gwendolyn,157354,1000
Gwendolyn,134083,972
Gwendolyn,177224,876
Gwendolyn,126788,204
Gwendolyn,134462,411
Gwendolyn,144440,414
Gwendolyn,148397,974
Gwendolyn,193033,503
Gwendolyn,193368,773
Gwendolyn,183071,502
Lydia,154167,649
Lydia,183133,149
Lydia,131070,582
Lydia,106857,993
Lydia,176414,166
Lydia,124698,321
Lydia,121419,859
Lydia,122637,133
Lydia,197805,911
Lydia,190486,998
Lydia,143560,881
Lydia,136695,259
Lydia,164986,482
Lydia,155475,258
Lydia,151770,651
Lydia,187198,244
Lydia,172560,840
Lydia,167018,845
Lydia,184698,627
Lydia,104529,356
Lydia,125751,508
Lydia,168016,130
Lydia,163408,783
Lydia,114186,650
Lydia,181079,274
Lydia,162815,258
Lydia,132768,852
Lydia,113557,331
Lydia,124155,460
Lydia,195308,478
Lydia,194928,442
Lydia,161401,362
Lydia,165196,996
Lydia,197180,615
Lydia,195599,307
Lydia,139206,572
Lydia,191884,454
Lydia,156656,384
Lydia,191692,28
Lydia,144661,215
Lydia,178506,734
Lydia,122856,527
Lydia,162136,6
Lydia,193604,595
Lydia,136115,531
Lydia,180130,455
Lydia,141135,723
Lydia,164640,602
Lydia,107364,376
Lydia,137518,806
Lydia,134593,743
Lydia,120717,541
Lydia,196638,287
Lydia,171105,934
Lydia,135968,993
Lydia,129302,153
Lydia,137298,491
Lydia,173764,553
Lydia,149785,597
Lydia,171935,201
Lydia,136344,941
Lydia,152981,828
Lydia,134686,193
Lydia,148084,13
Lydia,184340,159
Lydia,166379,507
Lydia,172323,423
Lydia,108050,882
Lydia,123300,791
Lydia,147781,569
Lydia,143140,800
Lydia,129298,711
Lydia,165010,714
Lydia,134763,565
Lydia,178714,378
Lydia,195064,499
Lydia,136548,775
Lydia,112999,691
Lydia,113805,631
Lydia,198463,546
Lydia,105907,618
Lydia,105591,978
Lydia,107399,797
Lydia,196838,426
Lydia,155588,439
Lydia,172747,361
Lydia,116767,176
Lydia,121589,437
Lydia,161330,716
Lydia,137342,869
Lydia,162840,34
Lydia,182922,760
Lydia,140867,81
Lydia,161766,60
Lydia,164596,52
Lydia,124002,455
Lydia,114981,706
Lydia,156330,656
Lydia,111438,809
Lydia,106631,935
Lydia,159639,430
Lydia,153876,862
Lydia,122782,790
Lydia,146528,257
Lydia,100564,171
Lydia,138943,397
Lydia,133781,676
Lydia,160117,317
Lydia,158315,598
Lydia,167539,40
Lydia,108885,951
Lydia,173430,368
Lydia,195263,230
Lydia,177762,624
Lydia,139463,202
Lydia,193371,203
Lydia,151994,444
Lydia,109102,874
Lydia,113546,185
Lydia,151394,254
Lydia,160374,485
Lydia,149852,720
Lydia,117579,757
Lydia,190095,241
Lydia,183422,27
Lydia,111018,802
Lydia,108450,760
Lydia,108476,16
Lydia,147649,15
Lydia,161501,778
Lydia,152215,431
Lydia,121787,750
Lydia,199842,292
Lydia,121218,245
Lydia,120349,81
Lydia,138476,838
Lydia,172565,491
Lydia,135899,643
Lydia,109001,6
Lydia,182476,449
Lydia,176303,826
Lydia,145517,205
Lydia,146339,142
Lydia,197435,492
Lydia,186755,402
Lydia,146212,503
Lydia,183259,492
Lydia,141542,768
Lydia,127800,39
Lydia,152580,728
Lydia,115185,293
Lydia,170913,288
Lydia,108563,560
Lydia,124243,722
Lydia,129619,553
Lydia,128327,86
Lydia,146517,884
Lydia,189927,220
Lydia,196850,109
Lydia,129609,306
Lydia,138085,599
Lydia,105679,507
Lydia,108523,552
Lydia,104935,763
Lydia,108048,884
Lydia,169811,350
Lydia,114752,198
Lydia,104623,306
Lydia,101549,516
Lydia,142393,146
Lydia,188544,664
Lydia,171328,247
Lydia,140829,760
Lydia,163685,933
Lydia,146174,542
Lydia,195372,634
Lydia,127676,861
Lydia,172287,819
Lydia,186429,519
Lydia,170153,978
Lydia,145754,78
Lydia,178724,986
Lydia,104310,418
Lydia,186630,287
Lydia,128131,881
Lydia,123634,643
Lydia,147888,451
Lydia,175986,143
Lydia,145627,975
Lydia,187345,920
Lydia,115350,49
Lydia,161130,357
Lydia,103853,258
Lydia,109375,973
Lydia,137666,335
Lydia,168544,902
Lydia,169432,691
Lydia,109254,176
Lydia,192214,964
Lydia,126425,387
Lydia,151224,541
Lydia,178811,213
Lydia,122954,46
Lydia,193345,747
Lydia,152824,80
Lydia,170588,875
Lydia,109117,368
Lydia,168450,982
Lydia,147066,762
Lydia,182774,108
Lydia,150346,526
Lydia,166631,678
Lydia,132402,489
Lydia,107184,920
Lydia,132404,749
Lydia,197888,162
Lydia,167074,184
Lydia,129578,215
Lydia,133764,814
Lydia,100597,486
Lydia,141882,574
Lydia,111480,15
Lydia,127565,12
Lydia,189317,691
Lydia,124060,148
Lydia,181272,215
Lydia,136768,166
Lydia,151061,254
Lydia,161223,124
Lydia,198313,742
Lydia,169276,303
Lydia,196288,877
Lydia,199409,119
Lydia,172102,65
Lydia,150468,535
Lydia,167948,636
Lydia,136920,414
Lydia,115874,906
Lydia,147244,305
Lydia,106525,107
Lydia,192288,771
Lydia,174770,731
Lydia,166200,942
Lydia,131431,745
Lydia,152967,524
Lydia,154807,133
Lydia,158800,152
Lydia,161619,979
Lydia,161642,991
Lydia,132168,797
Lydia,133634,274
Lydia,185037,476
Lydia,157259,406
Lydia,128771,480
Lydia,117054,744
Lydia,137405,124
Lydia,196430,998
Lydia,159684,845
Lydia,179467,791
Lydia,144771,133
Lydia,175896,309
Lydia,162834,121
Lydia,118033,524
Lydia,163560,886
Lydia,161554,463
Lydia,183021,99
Lydia,114593,744
Lydia,170679,691
Lydia,177665,66
Lydia,152911,278
Lydia,197853,185
Lydia,170645,631
Lydia,145550,576
Lydia,175535,58
Lydia,105022,513
Lydia,143938,641
Lydia,180924,174
Lydia,187768,47
Lydia,189160,359
Lydia,107290,736
Lydia,163107,668
Lydia,138141,49
Lydia,109559,841
Lydia,152125,305
Lydia,103510,148
Lydia,142338,758
Lydia,140115,607
Lydia,150994,20
Lydia,195041,123
Lydia,151913,593
Lydia,171977,768
Lydia,154429,463
Lydia,134411,565
Lydia,101500,976
Lydia,113527,820
Lydia,140055,192
Lydia,154099,73
Lydia,141653,163
Lydia,143649,834
Lydia,106037,345
Lydia,105576,789
Lydia,174306,34
Lydia,180513,101
Lydia,167755,663
Lydia,117166,65
Lydia,127290,237
Lydia,189716,923
Lydia,195930,18
Lydia,168696,616
Lydia,171573,25
Lydia,131570,192
Lydia,160925,139
Lydia,198366,263
Lydia,125008,17
Lydia,151864,980
Lydia,162636,259
Lydia,166401,557
Lydia,170450,796
Lydia,111629,3
Lydia,164945,44
Lydia,171895,477
Lydia,189326,459
Lydia,163704,366
Lydia,130009,869
Lydia,110593,795
Lydia,151477,171
Lydia,162215,702
Lydia,187612,866
Lydia,192837,606
Lydia,151124,740
Lydia,154052,232
Lydia,145164,452
Lydia,147455,978
Lydia,127879,709
Lydia,133157,163
Lydia,149631,390
Lydia,156252,618
Lydia,130186,942
Lydia,196628,617
Lydia,188513,34
Lydia,190459,518
Lydia,160159,852
Lydia,170046,729
Lydia,123940,629
Lydia,192371,435
Lydia,130450,799
Lydia,144891,582
Lydia,154478,16
Lydia,112078,261
Lydia,165033,317
Lydia,174823,195
Lydia,106521,879
Lydia,196988,996
Lydia,112862,494
Lydia,167491,867
Lydia,186177,723
Lydia,141518,813
Lydia,168633,250
Lydia,152301,617
Lydia,142986,1000
Lydia,107350,743
Lydia,164225,725
Lydia,110190,602
Lydia,127177,295
Lydia,161920,462
Lydia,131544,905
Lydia,132111,945
Lydia,142327,360
Lydia,159046,915
Lydia,123973,70
Lydia,195880,338
Lydia,133029,981
Lydia,164864,859
Lydia,152071,682
Lydia,180544,58
Lydia,100212,102
Lydia,198274,291
Lydia,189957,671
Lydia,153349,794
Lydia,141431,618
Lydia,135824,448
Lydia,121855,638
Lydia,116392,615
Lydia,106872,504
Lydia,186653,401
Lydia,184189,22
Lydia,175957,90
Lydia,106046,56
Lydia,115576,96
Lydia,111516,341
Lydia,194629,350
Lydia,113040,707
Lydia,176292,255
Lydia,122859,947
Lydia,153717,401
Lydia,197063,561
Lydia,135983,648
Lydia,111839,853
Lydia,163841,339
Lydia,188730,32
Lydia,169468,985
Lydia,116219,136
Lydia,105724,992
Lydia,148707,819
Lydia,181542,838
Lydia,161054,228
Lydia,134060,92
Lydia,121239,374
Lydia,156095,769
Lydia,101685,578
Lydia,179725,689
Lydia,116721,408
Lydia,187350,67
Lydia,124712,590
Lydia,120613,562
Lydia,119450,831
Lydia,115406,445
Lydia,181930,547
Lydia,166848,671
Lydia,194961,952
Lydia,167701,740
Lydia,154420,330
Lydia,192134,513
Lydia,119129,530
Lydia,192889,609
Lydia,165088,235
Lydia,141725,947
Lydia,142537,19
Lydia,143954,757
Lydia,155641,945
Lydia,170954,128
Lydia,179232,462
Lydia,198138,563
Lydia,176422,991
Lydia,189777,582
Lydia,166854,420
Lydia,161626,150
Lydia,175410,948
Lydia,149214,355
Lydia,127767,720
Lydia,100128,456
Lydia,157964,418
Lydia,147879,278
Lydia,186318,926
Lydia,188199,283
Lydia,101707,838
Lydia,112805,288
Lydia,166558,161
Lydia,174883,625
Lydia,153621,786
Lydia,120963,35
Lydia,151874,751
Lydia,104358,509
Lydia,146101,164
Lydia,112538,366
Lydia,160397,54
Lydia,161504,361
Lydia,190936,268
Lydia,106359,626
Lydia,122392,673
Lydia,130426,481
Lydia,145955,124
Lydia,143323,904
Lydia,136771,895
Lydia,185612,476
Lydia,101425,302
Lydia,198494,496
Lydia,177328,181
Lydia,158034,552
Lydia,113577,842
Lydia,173323,585
Lydia,109438,328
Lydia,159859,205
Lydia,101499,876
Lydia,111368,820
Lydia,108311,55
Lydia,132914,572
Lydia,105985,834
Lydia,149099,555
Lydia,138112,733
Lydia,191488,652
Lydia,123922,684
Lydia,117786,329
Lydia,112033,816
Lydia,143799,58
Lydia,123450,622
Lydia,164908,709
Lydia,156760,901
Lydia,144674,877
Lydia,123734,868
Lydia,165884,916
Lydia,173050,151
Lydia,170388,763
Lydia,188018,203
Lydia,127299,743
Lydia,186195,280
Lydia,133862,601
Lydia,165939,259
Lydia,154002,861
Lydia,113480,107
Lydia,106251,238
Lydia,131949,390
Lydia,145707,309
Lydia,177627,574
Lydia,149699,128
Lydia,126087,980
Lydia,157635,555
Lydia,121757,607
Lydia,133268,180
Lydia,138347,642
Lydia,184661,636
Lydia,139788,449
Lydia,189072,268
Lydia,139303,893
Lydia,123116,143
Lydia,196920,0
Lydia,125858,677
Lydia,108544,830
Lydia,139836,446
Lydia,163962,282
Lydia,160316,115
Lydia,181141,980
Lydia,111893,693
Lydia,171207,221
Lydia,199327,991
Lydia,151168,651
Lydia,174167,443
Lydia,157136,5
Lydia,177011,772
Lydia,104130,189
Lydia,197831,126
Lydia,151833,3
Lydia,133886,150
Lydia,178746,676
Lydia,172628,206
Lydia,144572,707
Lydia,127672,15
Lydia,107318,89
Lydia,192138,780
Lydia,179538,233
Lydia,183439,801
Lydia,176377,152
Lydia,116255,609
Lydia,191311,493
Lydia,140779,88
Lydia,147501,778
Lydia,199032,5
Lydia,192368,733
Lydia,181334,226
Lydia,153397,886
Lydia,147073,311
Lydia,164791,129
Lydia,162897,508
Lydia,113943,95
Lydia,109352,363
Lydia,168439,875
Lydia,117709,637
Lydia,116426,354
Lydia,183164,143
Lydia,180262,900
Lydia,188374,606
Lydia,163876,446
Lydia,197099,571
Lydia,142360,70
Lydia,104110,839
Lydia,171357,2
Lydia,103612,73
Lydia,161573,955
Lydia,180949,930
Lydia,121867,21
Lydia,103698,854
Lydia,174627,264
Lydia,199802,377
Lydia,141605,310
Lydia,139459,286
Lydia,111269,155
Lydia,163439,16
Lydia,168222,115
Lydia,198286,163
Lydia,197761,135
Lydia,122667,475
Lydia,199819,360
Lydia,137771,133
Lydia,177972,260
Lydia,102216,921
Lydia,196231,739
Lydia,192598,281
Lydia,170665,750
Lydia,120201,384
Lydia,172814,137
Lydia,163371,820
Lydia,102688,650
Lydia,103524,770
Lydia,165098,249
Lydia,195790,557
Lydia,178794,965
Lydia,143261,890
Lydia,139180,258
Lydia,149373,573
Lydia,126162,796
Lydia,113834,442
Lydia,113429,515
Lydia,168240,555
Lydia,128569,931
Lydia,183485,574
Lydia,123631,301
Lydia,191687,315
Lydia,158551,569
Lydia,144613,910
Lydia,198500,317
Lydia,145534,641
Lydia,111169,969
Lydia,106179,765
Lydia,102821,395
Lydia,128814,784
Lydia,118305,533
Lydia,185172,448
Lydia,190433,142
Lydia,110863,49
Lydia,157395,766
Lydia,152667,696
Lydia,190037,178
Lydia,127079,619
Lydia,152867,364
Lydia,189715,934
Lydia,123147,909
Lydia,121042,980
Lydia,159540,994
Lydia,140391,950
Lydia,119124,384
Lydia,138987,255
Lydia,128799,495
Lydia,130892,491
Lydia,160668,173
Lydia,136496,197
Lydia,183212,809
Lydia,166417,596
Lydia,131288,467
Lydia,148013,425
Lydia,154992,144
Lydia,172959,383
Lydia,105813,147
Lydia,176478,826
Lydia,173455,402
Lydia,197791,294
Lydia,181853,958
Lydia,188256,257
Lydia,182701,700
Lydia,101721,786
Lydia,166390,819
Lydia,119797,97
Lydia,144112,922
Lydia,124803,173
Lydia,107974,542
Lydia,106589,975
Lydia,191454,883
Lydia,197136,84
Lydia,127661,152
Lydia,191822,628
Lydia,176413,138
Lydia,173020,76
Lydia,143712,109
Lydia,172578,46
Lydia,147980,699
Lydia,104858,284
Lydia,199644,169
Lydia,175100,84
Lydia,161146,341
Lydia,174625,266
Lydia,108488,804
Lydia,152473,501
Lydia,195050,501
Lydia,125534,371
Lydia,182137,395
Lydia,104144,52
Lydia,167265,738
Lydia,116703,675
Lydia,112094,879
Lydia,155107,453
Lydia,141549,350
Lydia,137600,988
Lydia,107339,764
Lydia,125639,151
Lydia,189990,475
Lydia,167708,519
Lydia,149878,519
Lydia,105123,48
Lydia,164978,291
Lydia,102584,538
Lydia,152146,114
Lydia,184640,478
Lydia,161900,991
Lydia,104295,205
Lydia,136364,215
Lydia,111366,245
Lydia,137252,944
Lydia,160366,677
Lydia,102569,25
Lydia,198839,16
Lydia,172775,553
Lydia,131168,142
Lydia,108061,833
Lydia,165927,981
Lydia,102503,659
Lydia,129283,387
Lydia,104677,202
Lydia,175530,722
Lydia,193126,586
Lydia,123383,933
Lydia,141835,819
Lydia,146133,980
Lydia,119065,18
Lydia,130523,943
Lydia,108409,209
Lydia,195015,427
Lydia,119404,700
Lydia,127198,214
Lydia,182146,956
Lydia,117810,262
Lydia,178496,303
Lydia,119709,657
Lydia,197430,570
Lydia,181083,847
Lydia,180201,68
Lydia,124646,505
Lydia,147496,928
Lydia,118219,32
Lydia,102472,678
Lydia,161105,1
Lydia,189825,77
Lydia,183885,276
Lydia,178737,33
Lydia,172849,581
Lydia,114682,813
Lydia,116961,353
Lydia,102645,648
Lydia,128377,404
Lydia,106860,680
Lydia,101338,625
Lydia,106779,230
Lydia,177320,395
Lydia,168835,821
Lydia,111392,118
Lydia,151714,538
Lydia,170961,747
Lydia,155507,1
Lydia,162165,12
Lydia,136664,871
Lydia,161416,341
Lydia,155963,486
Lydia,192923,737
Lydia,142164,208
Lydia,125788,140
Lydia,172233,321
Lydia,171319,948
Lydia,122055,130
Lydia,140737,933
Lydia,135427,504
Lydia,179934,312
Lydia,149190,108
Lydia,184488,481
Lydia,172839,685
Lydia,176847,253
Lydia,149344,673
Lydia,157922,746
Lydia,117576,934
Lydia,135010,830
Lydia,156119,898
Lydia,192350,536
Lydia,197651,860
Lydia,157680,720
Lydia,118631,59
Lydia,102856,457
Lydia,139008,792
Lydia,119825,82
Lydia,109792,51
Lydia,139037,727
Lydia,186938,118
Lydia,151902,966
Lydia,140466,127
Lydia,111557,103
Lydia,159413,667
Lydia,143625,561
Lydia,197163,748
Lydia,145336,671
Lydia,106954,59
Lydia,119130,545
Lydia,100805,718
Lydia,142790,535
Lydia,156591,805
Lydia,143800,196
Lydia,192535,947
Lydia,187572,677
Lydia,158205,131
Lydia,111915,837
Lydia,165015,665
Lydia,132481,807
Lydia,148088,244
Lydia,126602,675
Lydia,181188,413
Lydia,172089,140
Lydia,152149,764
Lydia,121896,720
Lydia,122747,330
Lydia,151278,648
Lydia,147190,138
Lydia,115694,337
Lydia,176826,874
Lydia,115244,690
Lydia,131739,196
Lydia,198301,811
Lydia,143494,744
Lydia,176152,190
Lydia,170912,667
Lydia,185378,221
Lydia,167697,253
Lydia,161389,865
Lydia,154400,219
Lydia,116030,513
Lydia,166169,42
Lydia,106209,43
Lydia,134289,674
Lydia,198968,609
Lydia,112772,667
Lydia,171038,920
Lydia,134740,33
Lydia,129494,39
Lydia,153736,502
Lydia,126247,686
Lydia,128229,533
Lydia,148697,545
Lydia,103455,562
Lydia,109845,115
Lydia,137114,597
Lydia,191462,432
Lydia,143068,816
Lydia,133418,120
Lydia,168115,339
Lydia,173706,158
Lydia,184565,260
Lydia,154326,851
Lydia,197918,961
Lydia,182049,184
Lydia,142545,16
Lydia,196647,745
Lydia,196477,43
Lydia,199190,132
Lydia,131442,937
Lydia,198688,317
Lydia,165726,539
Lydia,131562,920
Lydia,106823,372
Lydia,156295,594
Lydia,178911,330
Lydia,180782,860
Lydia,145303,512
Lydia,192423,412
Lydia,135395,688
Lydia,199563,685
Lydia,123129,652
Lydia,135833,564
Lydia,112070,300
Lydia,144774,205
Lydia,118948,852
Lydia,137667,884
Lydia,118018,636
Lydia,144296,620
Lydia,117555,273
Lydia,135945,21
Lydia,103867,808
Lydia,146849,603
Lydia,174311,754
Lydia,148209,594
Lydia,147744,515
Lydia,135176,690
Lydia,110371,983
Lydia,166176,963
Lydia,157899,556
Lydia,104963,712
Lydia,150161,319
Lydia,101823,652
Lydia,161570,881
Lydia,193663,566
Lydia,120477,152
Lydia,172249,165
Lydia,165291,518
Lydia,170796,102
Lydia,140732,118
Lydia,111570,402
Lydia,154963,323
Lydia,180975,84
Lydia,141726,158
Lydia,190753,2
Lydia,164882,631
Lydia,117794,313
Lydia,161964,560
Lydia,156057,325
Lydia,179497,559
Lydia,191099,579
Lydia,190982,271
Lydia,105815,697
Lydia,149670,89
Lydia,183733,345
Lydia,107273,260
Lydia,150141,879
Lydia,140111,799
Lydia,115064,479
Lydia,151941,191
Lydia,116343,971
Lydia,128281,693
Lydia,143502,735
Lydia,120230,16
Lydia,156814,472
Lydia,133026,187
Lydia,100963,780
Lydia,143947,898
Lydia,141555,35
Lydia,138751,616
Lydia,123075,965
Lydia,185282,902
Lydia,180164,579
Lydia,168519,255
Lydia,189863,165
Lydia,198405,267
Lydia,132187,664
Lydia,143661,84
Lydia,163093,262
Lydia,156364,620
Lydia,196635,338
Lydia,192873,610
Lydia,117228,461
Lydia,191376,268
Lydia,133742,576
Lydia,168536,460
Lydia,116575,419
Lydia,174504,344
Lydia,143470,738
Lydia,187125,946
Lydia,173303,987
Lydia,151762,200
Lydia,162806,265
Lydia,129871,823
Lydia,127647,114
Lydia,163373,222
Lydia,136261,306
Lydia,183135,624
Lydia,126330,938
Lydia,145124,245
Lydia,184619,173
Lydia,123611,555
Lydia,187583,463
Lydia,148883,678
Lydia,160869,358
Lydia,153141,109
Lydia,185098,402
Lydia,102261,670
Lydia,197027,268
Lydia,161028,165
Lydia,169833,836
Lydia,173450,252
Lydia,122643,811
Lydia,108190,982
Lydia,100047,561
Lydia,103307,60
Lydia,148265,788
Lydia,145493,322
Lydia,178390,454
Lavinia,126456,92
Lavinia,183763,912
Lavinia,198890,493
Lavinia,110551,624
Lavinia,138340,285
Lavinia,141259,773
Lavinia,105929,249
Lavinia,198459,221
Lavinia,116717,473
Lavinia,168208,367
Lavinia,194950,662
Lavinia,129787,914
Lavinia,100790,265
Lavinia,144732,949
Lavinia,173292,694
Lavinia,170673,139
Lavinia,161877,74
Lavinia,112166,608
Lavinia,110795,430
Lavinia,143146,976
Lavinia,126637,461
Lavinia,181747,364
Lavinia,160076,284
Lavinia,123464,180
Lavinia,198414,670
Lavinia,120427,659
Lavinia,153231,681
Lavinia,195927,612
Lavinia,135322,896
Lavinia,122427,796
Lavinia,154368,803
Lavinia,133460,438
Lavinia,114365,95
Lavinia,157837,629
Lavinia,141098,581
Lavinia,166048,130
Lavinia,194648,583
Lavinia,148052,260
Lavinia,118467,816
Lavinia,160104,190
Lavinia,177525,215
Lavinia,153346,315
Lavinia,185678,906
Lavinia,124768,660
Lavinia,178716,756
Lavinia,184960,898
Lavinia,180731,991
Lavinia,199958,190
Lavinia,183298,567
Lavinia,178336,82
Lavinia,127042,656
Lavinia,155436,134
Lavinia,117264,295
Lavinia,198625,311
Lavinia,103097,726
Lavinia,194280,679
Lavinia,169738,299
Lavinia,132598,31
Lavinia,195751,953
Lavinia,184188,708
Lavinia,126746,66
Lavinia,194313,300
Lavinia,151441,709
Lavinia,157009,669
Lavinia,114919,198
Lavinia,185399,399
Lavinia,143843,653
Lavinia,145779,472
Lavinia,186894,278
Lavinia,138262,972
Lavinia,150222,759
Lavinia,124538,526
Lavinia,153647,316
Lavinia,190405,383
Lavinia,104460,762
Lavinia,195706,493
Lavinia,143421,744
Lavinia,176301,164
Lavinia,157157,954
Lavinia,144655,18
Lavinia,186706,638
Lavinia,163814,282
Lavinia,179546,169
Lavinia,194327,847
Lavinia,118199,146
Lavinia,122033,697
Lavinia,109715,838
Lavinia,188784,205
Lavinia,194553,333
Lavinia,121174,866
Lavinia,176605,460
Lavinia,190911,528
Lavinia,119002,851
Lavinia,169881,414
Lavinia,106377,733
Lavinia,163217,52
Lavinia,132035,600
Lavinia,154146,819
Lavinia,157872,343
Lavinia,144143,607
Lavinia,132808,670
Lavinia,132024,217
Lavinia,152087,562
Lavinia,105614,981
Lavinia,166211,542
Lavinia,130476,949
Lavinia,173998,485
Lavinia,187244,224
Lavinia,136484,646
Lavinia,145593,421
Lavinia,182632,285
Lavinia,109688,736
Lavinia,177879,555
Lavinia,128443,268
Lavinia,100553,235
Lavinia,178408,788
Lavinia,141580,139
Lavinia,193412,722
Lavinia,124916,488
Lavinia,150499,429
Lavinia,167295,903
Lavinia,154379,939
Lavinia,101956,479
Lavinia,108393,563
Lavinia,126048,836
Lavinia,150953,641
Lavinia,139676,124
Lavinia,188722,549
Lavinia,109998,599
Lavinia,115116,821
Lavinia,160368,742
Lavinia,181997,600
Lavinia,157279,349
Lavinia,176354,559
Lavinia,157729,719
Lavinia,173120,701
Lavinia,189165,506
Lavinia,164424,327
Lavinia,101676,28
Lavinia,104234,994
Lavinia,188607,762
Lavinia,178992,638
Lavinia,131218,718
Lavinia,189117,860
Lavinia,141797,581
Lavinia,139158,936
Lavinia,122223,280
Lavinia,183811,47
Lavinia,161813,565
Lavinia,154620,399
Lavinia,103757,763
Lavinia,147219,705
Lavinia,112809,381
Lavinia,102516,821
Lavinia,145351,649
Lavinia,165042,427
Lavinia,104879,213
Lavinia,196735,517
Lavinia,122928,633
Lavinia,198170,604
Lavinia,131582,199
Lavinia,137695,21
Lavinia,194587,621
Lavinia,174269,847
Lavinia,116605,975
Lavinia,167929,645
Lavinia,126062,914
Lavinia,194794,587
Lavinia,164211,383
Lavinia,133997,155
Lavinia,193968,625
Lavinia,129786,534
Lavinia,164406,740
Lavinia,116736,666
Lavinia,138618,717
Lavinia,126089,186
Lavinia,116962,209
Lavinia,127622,68
Lavinia,130374,707
Lavinia,158753,336
Lavinia,131187,768
Lavinia,195301,326
Lavinia,173546,350
Lavinia,114037,499
Lavinia,136170,514
Lavinia,172510,508
Lavinia,194715,439
Lavinia,197898,293
Lavinia,185761,673
Lavinia,115557,596
Lavinia,177367,778
Lavinia,123299,819
Lavinia,170147,604
Lavinia,180840,204
Lavinia,182033,774
Lavinia,185541,459
Lavinia,184103,55
Lavinia,123358,5
Lavinia,180246,536
Lavinia,178512,619
Lavinia,186564,573
Lavinia,154735,214
Lavinia,187663,603
Lavinia,175690,194
Lavinia,147830,785
Lavinia,145869,583
Lavinia,105335,934
Lavinia,198989,942
Lavinia,103161,412
Lavinia,139928,971
Lavinia,104504,248
Lavinia,161575,507
Lavinia,105217,965
Lavinia,123591,777
Lavinia,139344,782
Lavinia,132466,135
Lavinia,123216,554
Lavinia,198794,336
Lavinia,172934,539
Lavinia,116304,424
Lavinia,152830,626
Lavinia,115117,495
Lavinia,115037,653
Lavinia,107777,322
Lavinia,114381,824
Lavinia,185161,998
Lavinia,179979,553
Lavinia,134139,212
Lavinia,176623,932
Lavinia,105314,438
Lavinia,185112,13
Lavinia,168639,437
Lavinia,196633,50
Lavinia,194720,654
Lavinia,168703,550
Lavinia,125875,646
Lavinia,150518,232
Lavinia,151943,152
Lavinia,153220,483
Lavinia,138835,633
Lavinia,150825,722
Lavinia,126482,832
Lavinia,142328,417
Lavinia,141199,962
Lavinia,190751,242
Lavinia,126887,753
Lavinia,142355,716
Lavinia,122477,24
Lavinia,144453,629
Lavinia,114771,503
Lavinia,195997,774
Lavinia,146057,931
Lavinia,165502,778
Lavinia,181139,460
Lavinia,143442,663
Lavinia,148698,783
Lavinia,125855,458
Lavinia,192357,844
Lavinia,136699,847
Lavinia,107528,769
Lavinia,182647,232
Lavinia,120176,618
Lavinia,169794,887
Lavinia,108406,959
Lavinia,136480,553
Lavinia,102658,210
Lavinia,188799,995
Lavinia,112184,907
Lavinia,141609,494
Lavinia,160176,967
Lavinia,189954,318
Lavinia,184991,529
Lavinia,100605,897
Lavinia,170034,404
Lavinia,163779,270
Lavinia,176323,515
Lavinia,160807,606
Lavinia,189804,4
Lavinia,116038,348
Lavinia,192484,40
Lavinia,186426,57
Lavinia,161080,549
Lavinia,159368,850
Lavinia,172736,376
Lavinia,195669,577
Lavinia,195281,157
Lavinia,102870,692
Lavinia,101143,830
Lavinia,101358,300
Lavinia,107824,598
Lavinia,181236,651
Lavinia,146802,805
Lavinia,138698,477
Lavinia,103807,646
Lavinia,120428,134
Lavinia,108577,282
Lavinia,117260,152
Lavinia,113623,617
Lavinia,160979,244
Lavinia,146896,349
Lavinia,178915,65
Lavinia,119251,276
Lavinia,112804,193
Lavinia,188541,673
Lavinia,193532,129
Lavinia,138946,402
Lavinia,170173,221
Lavinia,116398,746
Lavinia,103289,32
Lavinia,118312,881
Lavinia,104979,739
Lavinia,141733,797
Lavinia,160243,863
Lavinia,167134,304
Lavinia,180187,669
Lavinia,147758,321
Lavinia,153456,347
Lavinia,163534,870
Lavinia,156098,943
Lavinia,117984,935
Lavinia,168644,478
Lavinia,159931,530
Lavinia,114521,474
Lavinia,102995,925
Lavinia,116874,751
Lavinia,120217,501
Lavinia,111798,241
Lavinia,108178,894
Lavinia,160597,690
Lavinia,170101,310
Lavinia,108270,199
Lavinia,127033,565
Lavinia,176002,930
Lavinia,138059,570
Lavinia,180221,438
Lavinia,150696,783
Lavinia,113676,43
Lavinia,192322,152
Lavinia,162016,234
Lavinia,141969,727
Lavinia,197438,904
Lavinia,148044,306
Lavinia,182172,636
Lavinia,140199,971
Lavinia,117729,814
Lavinia,106509,847
Lavinia,181223,626
Lavinia,199864,852
Lavinia,146910,105
Lavinia,115980,307
Lavinia,180758,408
Lavinia,189088,175
Lavinia,178434,210
Lavinia,197909,301
Lavinia,177786,660
Lavinia,167586,302
Lavinia,177044,430
Lavinia,118027,788
Lavinia,107937,686
Lavinia,151214,349
Lavinia,174305,713
Lavinia,125974,999
Lavinia,170495,404
Lavinia,122332,483
Lavinia,137565,386
Lavinia,194252,432
Lavinia,109753,90
Lavinia,174327,190
Lavinia,137726,279
Lavinia,182421,143
Lavinia,159435,587
Lavinia,123980,826
Lavinia,147864,229
Lavinia,188474,432
Lavinia,187613,355
Lavinia,169829,59
Lavinia,156032,300
Lavinia,116778,97
Lavinia,181633,392
Lavinia,189788,856
Lavinia,185747,315
Lavinia,119699,659
Lavinia,158496,0
Lavinia,151452,739
Lavinia,117873,12
Lavinia,105903,807
Lavinia,105804,680
Lavinia,164080,760
Lavinia,131344,916
Lavinia,130095,497
Lavinia,100056,984
Lavinia,115433,228
Lavinia,154988,374
Lavinia,199179,845
Lavinia,110976,768
Lavinia,169878,831
Lavinia,199734,578
Lavinia,105004,226
Lavinia,121791,513
Lavinia,194061,282
Lavinia,159709,102
Lavinia,189932,440
Lavinia,164740,85
Lavinia,108395,794
Lavinia,167154,62
Lavinia,192671,887
Lavinia,190182,624
Lavinia,179209,697
Lavinia,154764,794
Lavinia,114723,228
Lavinia,104491,639
Lavinia,107200,788
Lavinia,154614,126
Lavinia,116422,456
Lavinia,122864,234
Lavinia,157058,583
Lavinia,184968,885
Lavinia,157657,854
Lavinia,155814,393
Lavinia,164614,919
Lavinia,113977,860
Lavinia,105219,622
Lavinia,194440,378
Lavinia,186632,233
Lavinia,169390,306
Lavinia,161018,11
Lavinia,155571,576
Lavinia,160769,278
Lavinia,154028,557
Lavinia,138211,691
Lavinia,170192,332
Lavinia,135110,703
Lavinia,109944,796
Lavinia,135280,513
Lavinia,141131,511
Lavinia,165891,315
Lavinia,181864,310
Lavinia,186401,900
Lavinia,145157,241
Lavinia,153835,821
Lavinia,125641,497
Lavinia,107629,6
Lavinia,137033,80
Lavinia,138376,806
Lavinia,190115,830
Lavinia,163493,791
Lavinia,192044,675
Lavinia,128664,410
Lavinia,197962,347
Lavinia,131089,921
Lavinia,172470,782
Lavinia,155199,708
Lavinia,156812,467
Lavinia,186255,123
Lavinia,197017,99
Lavinia,188044,831
Lavinia,130927,797
Lavinia,189270,505
Lavinia,106584,704
Lavinia,144041,269
Lavinia,124370,56
Lavinia,198386,79
Lavinia,195272,472
Lavinia,194555,446
Lavinia,178398,945
Lavinia,111541,890
Lavinia,182309,525
Lavinia,197011,172
Lavinia,169302,96
Lavinia,168271,603
Lavinia,188883,879
Lavinia,122044,406
Lavinia,145211,709
Lavinia,183180,917
Lavinia,157579,152
Lavinia,143840,472
Lavinia,130926,790
Lavinia,110351,394
Lavinia,101060,273
Lavinia,129192,718
Lavinia,194007,984
Lavinia,154943,672
Lavinia,100775,139
Lavinia,149474,784
Lavinia,199863,885
Lavinia,102095,761
Lavinia,161944,667
Lavinia,155863,510
Lavinia,127089,486
Lavinia,147487,147
Lavinia,117089,925
Lavinia,196779,147
Lavinia,172713,62
Lavinia,117904,40
Lavinia,194906,424
Lavinia,117940,610
Lavinia,119413,24
Lavinia,171197,499
Lavinia,142410,672
Lavinia,153563,401
Lavinia,132227,384
Lavinia,101494,4
Lavinia,170527,686
Lavinia,198300,980
Lavinia,163016,200
Lavinia,167453,517
Lavinia,145222,517
Lavinia,129522,534
Lavinia,146796,8
Lavinia,149715,908
Lavinia,132953,865
Lavinia,182804,904
Lavinia,143149,573
Lavinia,110400,13
Lavinia,182314,424
Lavinia,128877,665
Lavinia,198113,369
Lavinia,127793,40
Lavinia,105191,486
Lavinia,149237,890
Lavinia,143429,699
Lavinia,191864,108
Lavinia,144526,914
Lavinia,186961,163
Lavinia,122621,433
Lavinia,131727,461
Lavinia,132932,374
Lavinia,164004,731
Lavinia,132943,172
Lavinia,141563,561
Lavinia,110557,671
Lavinia,113020,220
Lavinia,147169,426
Lavinia,106167,618
Lavinia,142190,125
Lavinia,169559,469
Lavinia,130674,583
Lavinia,158873,450
Lavinia,108085,716
Lavinia,142287,123
Lavinia,184915,258
Lavinia,124324,408
Lavinia,168066,247
Lavinia,116470,379
Lavinia,129875,366
Lavinia,107227,123
Lavinia,117739,928
Lavinia,139165,252
Lavinia,183586,718
Lavinia,133537,140
Lavinia,136485,390
Lavinia,100883,469
Lavinia,127243,48
Lavinia,122764,457
Lavinia,142094,689
Lavinia,143789,62
Lavinia,127433,448
Lavinia,168296,769
Lavinia,172416,993
Lavinia,172659,295
Lavinia,111666,438
Lavinia,145698,787
Lavinia,106290,623
Lavinia,148542,392
Lavinia,116017,421
Lavinia,103180,627
Lavinia,181313,847
Lavinia,132188,776
Lavinia,118860,90
Lavinia,117959,488
Lavinia,146486,710
Lavinia,190887,587
Lavinia,182037,413
Lavinia,116958,769
Lavinia,133397,764
Lavinia,135229,224
Lavinia,121301,657
Lavinia,191391,382
Lavinia,106031,102
Lavinia,118317,213
Lavinia,194933,393
Lavinia,147122,796
Lavinia,190608,317
Lavinia,131381,570
Lavinia,115919,238
Lavinia,148269,310
Lavinia,173847,377
Lavinia,193403,644
Lavinia,194866,376
Lavinia,151453,246
Lavinia,120849,616
Lavinia,176542,736
Lavinia,118062,874
Lavinia,109100,979
Lavinia,154408,938
Lavinia,164853,478
Lavinia,184156,694
Lavinia,174524,337
Lavinia,190945,493
Lavinia,114372,528
Lavinia,120902,365
Lavinia,113947,743
Lavinia,168974,259
Lavinia,125519,693
Lavinia,160236,233
Lavinia,123411,256
Lavinia,148016,534
Lavinia,139438,292
Lavinia,121297,100
Lavinia,174573,68
Lavinia,136895,74
Lavinia,137555,285
Lavinia,164820,130
Lavinia,105084,238
Lavinia,159555,412
Lavinia,116206,956
Lavinia,177456,534
Lavinia,142371,97
Lavinia,197354,528
Lavinia,164096,88
Lavinia,105033,257
Lavinia,153236,496
Lavinia,102525,66
Lavinia,121901,854
Lavinia,130329,630
Lavinia,102919,567
Lavinia,128581,28
Lavinia,150887,809
Lavinia,113670,435
Lavinia,134006,597
Lavinia,185048,197
Lavinia,142447,120
Lavinia,151115,404
Lavinia,147615,413
Lavinia,167276,366
Lavinia,196764,382
Lavinia,195112,848
Lavinia,161593,807
Lavinia,191877,515
Lavinia,137884,97
Lavinia,143273,550
Lavinia,155076,667
Lavinia,176021,579
Lavinia,163898,228
Lavinia,191241,861
Lavinia,155659,931
Lavinia,161974,574
Lavinia,140328,418
Lavinia,101216,723
Lavinia,169138,221
Lavinia,170182,608
Lavinia,189412,673
Lavinia,101580,933
Lavinia,186292,945
Lavinia,176341,667
Lavinia,103904,721
Lavinia,159880,422
Lavinia,105569,701
Lavinia,139622,199
Lavinia,131073,431
Lavinia,189110,136
Lavinia,106299,522
Lavinia,102470,235
Lavinia,193593,330
Lavinia,146109,275
Lavinia,171966,925
Lavinia,107377,618
Lavinia,154285,4
Lavinia,199992,662
Lavinia,137530,994
Lavinia,126037,286
Lavinia,112344,803
Lavinia,152536,593
Lavinia,134993,395
Lavinia,167185,537
Lavinia,106406,172
Lavinia,188215,93
Lavinia,176305,41
Lavinia,162178,196
Lavinia,167935,615
Lavinia,148855,841
Lavinia,135908,648
Lavinia,178855,841
Lavinia,132838,690
Lavinia,182517,259
Lavinia,192895,870
Lavinia,112448,419
Lavinia,121278,966
Lavinia,178315,266
Lavinia,157254,48
Lavinia,126016,3
Lavinia,121473,482
Lavinia,145488,732
Lavinia,108242,716
Lavinia,108532,587
Lavinia,103404,334
Lavinia,143726,602
Lavinia,141602,689
Lavinia,179447,707
Lavinia,194564,353
Lavinia,110731,935
Lavinia,117391,203
Lavinia,124341,441
Lavinia,180269,948
Lavinia,160934,602
Lavinia,130816,500
Lavinia,131090,519
Lavinia,197702,149
Lavinia,189700,726
Lavinia,193212,773
Lavinia,198643,707
Lavinia,132790,199
Lavinia,126590,690
Lavinia,164512,373
Lavinia,155723,305
Lavinia,142499,974
Lavinia,177632,537
Lavinia,105344,441
Lavinia,125374,616
Lavinia,129463,556
Lavinia,152245,919
Lavinia,199910,222
Lavinia,133098,299
Lavinia,164554,83
Lavinia,148336,732
Lavinia,184056,426
Lavinia,124336,130
Lavinia,171045,296
Lavinia,126039,336
Lavinia,196905,182
Lavinia,158465,760
Lavinia,121153,97
Lavinia,182240,367
Lavinia,129667,745
Lavinia,103166,210
Lavinia,111724,250
Lavinia,121622,463
Lavinia,108845,493
Lavinia,133287,221
Lavinia,191774,253
Lavinia,176177,101
Lavinia,117881,770
Lavinia,121777,198
Lavinia,182837,110
Lavinia,152271,302
Lavinia,124274,254
Lavinia,129044,429
Lavinia,131962,385
Lavinia,115851,247
Lavinia,180832,509
Lavinia,105155,493
Lavinia,196851,760
Lavinia,132099,494
Lavinia,195779,160
Lavinia,139360,638
Lavinia,140374,996
Lavinia,134429,740
Lavinia,176805,246
Lavinia,109641,165
Lavinia,179854,457
Lavinia,112733,852
Lavinia,131007,556
Lavinia,103511,374
Lavinia,164174,189
Lavinia,145503,507
Lavinia,152725,707
Lavinia,145852,326
Lavinia,152326,695
Lavinia,102807,17
Lavinia,198682,60
Lavinia,198046,543
Lavinia,116330,335
Lavinia,171112,35
Lavinia,170454,349
Lavinia,139200,147
Lavinia,161684,184
Lavinia,110169,446
Lavinia,145473,988
Lavinia,101397,496
Lavinia,140346,552
Lavinia,124612,633
Lavinia,150343,56
Lavinia,193873,723
Lavinia,186315,282
Lavinia,189504,559
Lavinia,164191,57
Lavinia,119328,364
Lavinia,197688,975
Lavinia,165006,510
Lavinia,108719,646
Lavinia,139958,172
Lavinia,153145,233
Lavinia,178829,488
Lavinia,199172,751
Lavinia,176866,451
Lavinia,179779,834
Lavinia,125979,220
Lavinia,124408,272
Lavinia,142559,148
Lavinia,135528,412
Lavinia,116238,760
Lavinia,147971,810
Lavinia,191505,759
Lavinia,190456,93
Lavinia,105768,256
Lavinia,157903,538
Lavinia,154847,578
Lavinia,114935,605
Lavinia,196299,94
Lavinia,181200,961
Lavinia,151688,672
Lavinia,169127,728
Lavinia,119283,722
Lavinia,104604,371
Lavinia,195923,836
Lavinia,124505,676
Lavinia,185535,828
Lavinia,103306,639
Lavinia,173679,648
Lavinia,178769,12
Lavinia,132164,792
Lavinia,131997,788
Lavinia,140017,400
Lavinia,117605,665
Lavinia,164507,385
Lavinia,183875,738
Lavinia,127682,928
Lavinia,153792,164
Lavinia,159501,952
Lavinia,134111,88
Lavinia,121078,81
Lavinia,187923,328
Lavinia,168411,458
Lavinia,178312,103
Lavinia,143007,721
Lavinia,174431,883
Lavinia,149625,75
Lavinia,104087,565
Lavinia,155670,573
Lavinia,188466,959
Lavinia,104239,350
Lavinia,137095,284
Lavinia,129821,140
Lavinia,113833,728
Lavinia,154220,818
Lavinia,171299,442
Lavinia,162592,871
Lavinia,178709,46
Lavinia,140571,172
Lavinia,155066,686
Lavinia,122048,884
Lavinia,147854,371
Lavinia,159963,307
Lavinia,174353,480
Lavinia,179477,782
Lavinia,107197,280
Lavinia,192376,546
Lavinia,161644,906
Lavinia,124950,643
Lavinia,197827,158
Lavinia,105821,654
Lavinia,178613,67
Lavinia,128656,644
Lavinia,191364,205
Lavinia,195889,440
Lavinia,175011,306
Lavinia,127781,206
Lavinia,183690,704
Lavinia,100654,939
Lavinia,145326,757
Lavinia,139807,128
Lavinia,120270,517
Lavinia,163506,845
Lavinia,102671,909
Lavinia,105635,886
Lavinia,136906,968
Lavinia,135214,8
Lavinia,198362,750
Lavinia,149633,241
Lavinia,105604,761
Lavinia,144698,427
Lavinia,174536,27
Lavinia,197160,814
Lavinia,110039,327
Lavinia,141962,189
Lavinia,114367,835
Lavinia,154773,453
Lavinia,127180,640
Lavinia,160150,862
Lavinia,163812,856
Lavinia,176061,946
Lavinia,135788,580
Lavinia,107950,490
Lavinia,130398,532
Lavinia,130966,438
Lavinia,159198,780
Lavinia,173408,653
Lavinia,196940,825
Lavinia,130606,0
Lavinia,146762,415
Lavinia,142097,930
Lavinia,198742,956
Lavinia,148999,596
Lavinia,178877,962
Lavinia,112685,741
Lavinia,101936,362
Lavinia,182845,715
Lavinia,119177,437
Lavinia,177405,237
Lavinia,199695,666
Lavinia,140682,995
Lavinia,148466,178
Lavinia,125062,773
Lavinia,180863,472
Lavinia,182483,234
Lavinia,170068,536
Lavinia,188433,872
Lavinia,102605,558
Lavinia,158246,94
Lavinia,142463,26
Lavinia,159244,761
Lavinia,163257,430
Lavinia,113137,310
Lavinia,131526,205
Lavinia,186237,864
Lavinia,182259,290
Lavinia,158376,747
Lavinia,100979,838
Lavinia,136641,662
Lavinia,114386,472
Lavinia,169666,208
Lavinia,182051,805
Lavinia,137027,374
Lavinia,157965,668
Lavinia,114959,655
Lavinia,199491,862
Lavinia,181458,373
Lavinia,195984,335
Lavinia,189250,583
Lavinia,148414,105
Lavinia,161466,460
Lavinia,116927,491
Lavinia,114846,75
Lavinia,127256,811
Lavinia,148680,990
Lavinia,189661,212
Lavinia,138103,304
Lavinia,181455,820
Lavinia,140263,109
Lavinia,191185,654
Lavinia,146598,907
Lavinia,103917,739
Lavinia,109578,126
Lavinia,167623,438
Lavinia,176347,969
Lavinia,112700,509
Lavinia,131783,229
Lavinia,199366,105
Lavinia,101889,455
Lavinia,110678,408
Lavinia,190624,205
Lavinia,175229,502
Lavinia,154727,924
Lavinia,108194,857
Lavinia,142827,834
Lavinia,124532,43
Lavinia,176259,859
Lavinia,132723,771
Lavinia,115990,385
Lavinia,154000,77
Lavinia,128728,27
Lavinia,194925,926
Lavinia,127440,404
Lavinia,139870,493
Lavinia,137992,118
Lavinia,180095,935
Lavinia,105362,302
Lavinia,147554,405
Lavinia,197003,562
Lavinia,192951,836
Lavinia,177633,872
Lavinia,124992,862
Lavinia,137489,614
Lavinia,171550,908
Lavinia,101171,937
Lavinia,121598,749
Lavinia,156543,668
Lavinia,192253,215
Lavinia,114429,256
Lavinia,144301,455
Lavinia,164232,604
Lavinia,192090,490
Lavinia,173939,510
Lavinia,145936,626
Lavinia,107521,862
Lavinia,168550,554
Lavinia,115176,849
Lavinia,144230,861
Lavinia,123399,356
Lavinia,157181,900
Lavinia,111092,750
Lavinia,104337,392
Lavinia,119428,905
Lavinia,170184,983
Lavinia,166311,581
Lavinia,131932,40
Lavinia,146613,615
Lavinia,168693,76
Lavinia,147614,39
Lavinia,186498,122
Lavinia,197921,519
Lavinia,139737,211
Lavinia,187363,170
Lavinia,127306,807
Lavinia,157096,870
Lavinia,109892,646
Lavinia,121845,30
Lavinia,112987,714
Lavinia,197696,19
Lavinia,156825,615
Lavinia,149936,383
Laurel,171548,952
Laurel,196221,575
Laurel,156811,400
Laurel,113180,317
Laurel,157500,878
Laurel,156840,30
Laurel,196306,842
Laurel,103219,808
Laurel,171284,39
Laurel,112664,273
Laurel,117887,312
Laurel,188338,393
Laurel,129469,209
Laurel,142636,951
Laurel,147672,521
Laurel,148051,588
Laurel,103403,83
Laurel,153653,443
Laurel,117030,866
Laurel,131392,543
Laurel,109655,419
Laurel,155015,103
Laurel,191280,718
Laurel,130007,164
Laurel,129444,736
Laurel,163564,723
Laurel,152683,946
Laurel,196145,122
Laurel,189579,16
Laurel,153776,115
Laurel,193765,924
Laurel,189981,361
Laurel,127553,111
Laurel,197922,271
Laurel,178124,759
Laurel,134608,981
Laurel,121962,913
Laurel,111306,112
Laurel,183161,907
Laurel,108830,844
Laurel,175346,155
Laurel,114780,376
Laurel,135192,208
Laurel,115940,216
Laurel,161027,333
Laurel,165260,187
Laurel,145969,624
Laurel,120915,784
Laurel,139646,20
Laurel,168098,569
Laurel,168124,508
Laurel,109904,538
Laurel,122211,754
Laurel,186679,113
Laurel,164389,620
Laurel,130604,523
Laurel,109397,173
Laurel,151424,109
Laurel,118671,855
Laurel,179778,932
Laurel,143316,522
Laurel,186967,488
Laurel,145199,357
Laurel,133523,5
Laurel,103597,246
Laurel,178394,172
Laurel,194196,411
Laurel,143106,25
Laurel,175973,429
Laurel,117884,263
Laurel,115047,558
Laurel,131545,546
Laurel,109409,789
Laurel,177669,739
Laurel,104815,333
Laurel,159487,891
Laurel,109233,617
Laurel,148611,516
Laurel,107479,702
Laurel,136629,245
Laurel,189606,675
Laurel,137867,241
Laurel,141009,147
Laurel,187609,41
Laurel,105763,68
Laurel,178806,359
Laurel,196190,312
Laurel,152630,57
Laurel,120215,512
Laurel,173338,661
Laurel,163356,926
Laurel,151503,307
Laurel,114549,322
Laurel,199136,820
Laurel,142409,498
Laurel,181113,965
Laurel,181014,767
Laurel,150085,562
Laurel,198281,888
Laurel,167362,827
Laurel,112418,872
Laurel,164071,197
Laurel,179129,336
Laurel,170788,988
Laurel,124539,437
Laurel,141521,164
Laurel,130773,888
Laurel,139639,891
Laurel,132054,497
Laurel,108039,116
Laurel,140879,999
Laurel,170770,600
Laurel,108597,924
Laurel,111503,771
Laurel,118602,513
Laurel,169874,418
Laurel,145471,869
Laurel,143183,716
Laurel,166837,675
Laurel,160472,58
Laurel,182619,466
Laurel,189362,728
Laurel,166098,594
Laurel,129439,109
Laurel,185445,881
Laurel,161508,602
Laurel,188240,870
Laurel,166313,744
Laurel,196837,73
Laurel,152816,82
Laurel,174084,772
Laurel,199144,423
Laurel,188260,858
Laurel,159710,501
Laurel,130785,786
Laurel,151805,586
Laurel,192618,488
Laurel,175695,270
Laurel,151431,742
Laurel,125293,85
Laurel,146772,278
Laurel,106698,435
Laurel,197758,574
Laurel,163707,249
Laurel,178218,654
Laurel,125640,674
Laurel,114012,586
Laurel,153581,465
Laurel,168946,667
Laurel,131008,852
Laurel,117856,713
Laurel,193554,798
Laurel,128073,748
Laurel,134102,615
Laurel,188312,417
Laurel,107246,976
Laurel,176689,420
Laurel,142368,641
Laurel,154327,603
Laurel,135816,174
Laurel,184010,101
Laurel,170578,13
Laurel,141110,765
Laurel,123177,790
Laurel,138038,147
Laurel,173852,76
Laurel,167027,270
Laurel,111664,186
Laurel,186337,19
Laurel,159170,569
Laurel,109577,800
Laurel,110963,800
Laurel,189839,803
Laurel,151758,492
Laurel,157514,428
Laurel,194797,641
Laurel,178777,267
Laurel,161040,704
Laurel,164780,128
Laurel,107414,783
Laurel,154563,381
Laurel,182282,971
Laurel,175266,168
Laurel,166225,972
Laurel,175335,139
Laurel,103711,46
Laurel,139486,784
Laurel,143925,314
Laurel,107773,800
Laurel,103661,597
Laurel,182651,151
Laurel,135708,867
Laurel,193666,334
Laurel,153273,894
Laurel,119531,787
Laurel,174134,417
Laurel,121964,731
Laurel,193874,110
Laurel,127448,234
Laurel,107460,454
Laurel,142773,579
Laurel,140706,293
Laurel,109078,549
Laurel,157202,202
Laurel,151905,754
Laurel,148404,250
Laurel,137572,4
Laurel,194090,257
Laurel,159406,830
Laurel,132176,120
Laurel,160437,144
Laurel,198258,15
Laurel,178062,674
Laurel,128831,473
Laurel,188574,5
Laurel,134902,454
Laurel,101850,593
Laurel,175435,1000
Laurel,123768,511
Laurel,145202,28
Laurel,153285,511
Laurel,121049,713
Laurel,131173,664
Laurel,179963,110
Laurel,171073,472
Laurel,146701,774
Laurel,151583,524
Laurel,164404,497
Laurel,153348,841
Laurel,104377,426
Laurel,165872,491
Laurel,172877,121
Laurel,120809,953
Laurel,104948,878
Laurel,174574,364
Laurel,125211,158
Laurel,167968,335
Laurel,161845,807
Laurel,134893,975
Laurel,113666,543
Laurel,155795,104
Laurel,125740,71
Laurel,160313,586
Laurel,148895,690
Laurel,137100,583
Laurel,123454,789
Laurel,109515,708
Laurel,172324,970
Laurel,139134,455
Laurel,172280,5
Laurel,159066,515
Laurel,121600,412
Laurel,184665,64
Laurel,131878,789
Laurel,178924,593
Laurel,128236,512
Laurel,100543,213
Laurel,115930,767
Laurel,199835,186
Laurel,172339,388
Laurel,126542,526
Laurel,197567,703
Laurel,128482,745
Laurel,123391,216
Laurel,102577,822
Laurel,141406,690
Laurel,155793,552
Laurel,121192,127
Laurel,160647,290
Laurel,147361,911
Laurel,144520,70
Laurel,134456,613
Laurel,139369,764
Laurel,122041,29
Laurel,165351,63
Laurel,110623,146
Laurel,173464,407
Laurel,103437,741
Laurel,169543,256
Laurel,150622,323
Laurel,179388,227
Laurel,198412,220
Laurel,118996,188
Laurel,130014,179
Laurel,196052,796
Laurel,173091,130
Laurel,108804,172
Laurel,164398,834
Laurel,120406,197
Laurel,175809,979
Laurel,194768,88
Laurel,155281,423
Laurel,185183,695
Laurel,190510,572
Laurel,163941,319
Laurel,186101,716
Laurel,100811,239
Laurel,117326,673
Laurel,191149,287
Laurel,133125,584
Laurel,149762,150
Laurel,101399,939
Laurel,109677,49
Laurel,181746,921
Laurel,156001,679
Laurel,133190,276
Laurel,199139,92
Laurel,109610,265
Laurel,192045,472
Laurel,186537,644
Laurel,133956,104
Laurel,174503,736
Laurel,188001,65
Laurel,188792,698
Laurel,195661,835
Laurel,129037,903
Laurel,154244,438
Laurel,190318,40
Laurel,181340,468
Laurel,186729,758
Laurel,136156,937
Laurel,197091,519
Laurel,150055,274
Laurel,106021,682
Laurel,113018,155
Laurel,116815,775
Laurel,137166,115
Laurel,171641,603
Laurel,120254,958
Laurel,128966,585
Laurel,100271,676
Laurel,186135,368
Laurel,199844,22
Laurel,171460,673
Laurel,150387,215
Laurel,111984,362
Laurel,169779,357
Laurel,160980,843
Laurel,157226,864
Laurel,170864,328
Laurel,110464,840
Laurel,108177,183
Laurel,108130,620
Laurel,191090,605
Laurel,127799,835
Laurel,151673,695
Laurel,154578,243
Laurel,115841,737
Laurel,160631,396
Laurel,129191,594
Laurel,117561,711
Laurel,133206,746
Laurel,120966,597
Laurel,164220,939
Laurel,162657,724
Laurel,128465,721
Laurel,115482,811
Laurel,167305,253
Laurel,106227,1000
Laurel,170439,990
Laurel,112525,916
Laurel,188047,237
Laurel,126809,214
Laurel,120469,21
Laurel,111790,516
Laurel,137579,78
Laurel,126323,194
Laurel,172580,721
Laurel,152358,832
Laurel,126194,741
Laurel,177548,391
Laurel,189680,736
Laurel,167060,668
Laurel,183148,664
Laurel,116267,649
Laurel,121396,238
Laurel,134924,933
Laurel,121140,763
Laurel,192744,265
Laurel,189122,113
Laurel,153331,774
Laurel,160581,410
Laurel,191377,686
Laurel,171910,954
Laurel,176248,322
Laurel,178735,311
Laurel,105730,364
Laurel,111525,324
Laurel,141325,515
Laurel,198540,948
Laurel,126001,333
Laurel,181776,541
Laurel,110762,444
Laurel,188073,202
Laurel,114956,417
Laurel,188606,789
Laurel,138927,928
Laurel,155995,34
Laurel,154072,234
Laurel,101275,605
Laurel,154349,785
Laurel,133901,92
Laurel,122841,472
Laurel,110665,727
Laurel,116136,785
Laurel,180950,499
Laurel,147967,473
Laurel,127071,183
Laurel,170111,212
Laurel,125165,43
Laurel,121965,782
Laurel,199412,607
Laurel,138425,686
Laurel,131105,729
Laurel,164154,736
Laurel,150711,370
Laurel,134670,817
Laurel,129633,830
Laurel,104489,929
Laurel,124497,426
Laurel,188030,307
Laurel,146179,954
Laurel,151265,935
Laurel,164637,470
Laurel,126756,316
Laurel,196974,244
Laurel,174702,919
Laurel,117547,75
Laurel,171739,571
Laurel,194386,505
Laurel,148918,235
Laurel,169205,751
Laurel,101715,527
Laurel,153137,982
Laurel,102341,194
Laurel,125929,563
Laurel,153203,482
Laurel,145062,546
Laurel,189711,511
Laurel,115955,630
Laurel,183805,926
Laurel,188723,915
Laurel,123445,405
Laurel,101689,915
Laurel,195684,783
Laurel,195760,800
Laurel,148182,849
Laurel,138930,554
Laurel,199283,610
Laurel,113958,983
Laurel,195212,860
Laurel,192064,441
Laurel,103818,812
Laurel,151266,518
Laurel,106476,805
Laurel,157626,772
Laurel,127353,627
Laurel,165830,645
Laurel,101196,696
Laurel,154527,435
Laurel,103734,3
Laurel,122735,376
Laurel,183692,697
Laurel,162428,982
Laurel,128672,774
Laurel,110781,89
Laurel,193510,307
Laurel,168669,488
Laurel,153482,20
Laurel,164218,575
Laurel,183049,502
Laurel,161341,274
Laurel,189305,264
Laurel,122981,266
Laurel,183160,823
Laurel,132960,184
Laurel,112513,430
Laurel,158672,848
Laurel,179317,404
Laurel,188774,50
Laurel,114560,726
Laurel,164202,885
Laurel,188768,15
Laurel,167903,960
Laurel,149897,803
Laurel,120643,709
Laurel,109961,990
Laurel,181922,634
Laurel,148565,68
Laurel,132523,670
Laurel,159647,841
Laurel,158817,865
Laurel,129752,81
Laurel,187038,985
Laurel,192235,104
Laurel,197478,770
Laurel,108246,311
Laurel,166491,607
Laurel,111553,372
Laurel,166166,233
Laurel,168692,622
Laurel,115544,649
Laurel,116786,246
Laurel,141075,99
Laurel,179124,765
Laurel,162094,388
Laurel,162268,131
Laurel,183322,177
Laurel,100456,760
Laurel,175747,585
Laurel,114635,714
Laurel,167686,407
Laurel,104892,672
Laurel,140992,465
Laurel,156437,720
Laurel,175044,692
Laurel,120544,867
Laurel,115351,609
Laurel,170977,699
Laurel,112582,421
Laurel,197217,57
Laurel,164260,209
Laurel,141173,130
Laurel,139856,714
Laurel,107955,956
Laurel,135283,252
Laurel,173164,930
Laurel,161935,441
Laurel,120123,262
Laurel,114318,62
Laurel,184983,417
Laurel,184471,413
Laurel,142939,243
Laurel,135566,411
Laurel,175984,584
Laurel,190123,919
Laurel,146287,875
Laurel,100484,627
Laurel,184104,661
Laurel,137999,362
Laurel,138977,604
Laurel,158061,416
Laurel,198215,992
Laurel,139843,840
Laurel,197932,692
Laurel,194731,299
Laurel,104425,125
Laurel,173697,23
Laurel,125282,407
Laurel,164998,319
Laurel,179359,990
Laurel,166863,792
Laurel,108888,783
Laurel,163388,545
Laurel,155982,852
Laurel,116854,296
Laurel,113258,436
Laurel,198659,233
Laurel,145684,125
Laurel,189321,348
Laurel,188454,559
Laurel,152398,410
Laurel,155584,484
Laurel,187437,62
Laurel,142443,440
Laurel,176701,15
Laurel,159954,404
Laurel,190540,670
Laurel,106315,322
Laurel,112101,113
Laurel,105272,750
Laurel,100997,356
Laurel,195426,391
Laurel,181720,662
Laurel,128412,764
Laurel,135847,72
Laurel,188403,311
Laurel,163241,153
Laurel,149542,194
Laurel,104809,670
Laurel,101832,213
Laurel,185024,745
Laurel,197744,70
Laurel,129227,642
Laurel,191261,0
Laurel,159418,899
Laurel,125836,437
Laurel,142078,778
Laurel,191418,409
Laurel,179403,80
Laurel,177750,288
Laurel,125684,511
Laurel,197961,917
Laurel,169395,575
Laurel,145151,557
Laurel,172170,898
Laurel,145131,259
Laurel,182458,438
Laurel,179033,870
Laurel,120411,909
Laurel,132411,911
Laurel,102722,389
Laurel,194917,970
Laurel,174804,337
Laurel,160654,989
Laurel,145883,296
Laurel,174637,500
Laurel,130600,507
Laurel,186015,592
Laurel,174414,791
Laurel,190805,495
Laurel,188721,69
Laurel,163105,331
Laurel,128268,406
Laurel,169165,693
Laurel,134888,250
Laurel,129259,613
Laurel,112104,839
Laurel,111463,284
Laurel,185343,694
Laurel,159446,71
Laurel,143543,710
Laurel,158717,293
Laurel,136947,934
Laurel,163697,646
Laurel,186092,557
Laurel,109359,657
Laurel,167624,272
Laurel,142623,390
Laurel,182910,230
Laurel,126454,941
Laurel,154656,258
Laurel,184614,481
Laurel,184252,23
Laurel,170372,736
Laurel,134107,8
Laurel,118580,560
Laurel,196744,175
Laurel,167691,932
Laurel,145074,871
Laurel,138399,72
Laurel,199478,219
Laurel,144504,667
Laurel,174212,654
Laurel,155678,715
Laurel,195683,364
Laurel,146994,812
Laurel,101765,792
Laurel,129164,326
Laurel,176849,296
Laurel,124307,604
Laurel,146064,460
Laurel,160173,471
Laurel,128586,663
Laurel,195832,171
Laurel,196728,788
Laurel,154259,765
Laurel,164447,680
Laurel,197775,533
Laurel,167176,798
Laurel,189340,11
Laurel,178629,629
Laurel,166559,960
Laurel,137510,534
Laurel,105884,381
Laurel,161693,884
Laurel,114253,452
Laurel,156663,656
Laurel,114111,821
Laurel,169625,824
Laurel,117146,146
Laurel,177796,718
Laurel,130244,941
Laurel,172026,839
Laurel,194450,887
Laurel,152551,163
Laurel,149396,370
Laurel,140806,91
Laurel,175133,917
Laurel,124630,703
Laurel,193756,97
Laurel,124531,238
Laurel,123292,259
Laurel,152395,802
Laurel,154568,24
Laurel,185774,171
Laurel,140976,896
Laurel,168075,341
Laurel,140257,314
Laurel,144314,178
Laurel,103350,163
Laurel,180401,972
Laurel,112657,626
Laurel,175731,389
Laurel,184053,172
Laurel,113102,926
Laurel,100024,854
Laurel,110558,917
Laurel,140850,783
Laurel,139764,122
Laurel,191265,726
Laurel,108507,818
Laurel,126135,57
Laurel,142884,955
Laurel,159854,561
Laurel,127245,293
Laurel,141020,187
Laurel,166147,668
Laurel,177396,867
Laurel,143220,839
Laurel,144486,580
Laurel,142908,39
Laurel,170174,290
Laurel,186769,566
Laurel,101346,850
Laurel,101986,664
Laurel,121300,736
Laurel,144350,571
Laurel,187488,370
Laurel,154995,630
Laurel,198092,644
Laurel,141506,39
Laurel,117853,64
Laurel,105247,25
Laurel,149955,606
Laurel,126072,648
Laurel,109524,12
Laurel,177453,252
Laurel,144927,299
Laurel,106260,374
Laurel,133366,894
Laurel,169200,831
Laurel,173972,587
Laurel,140621,589
Laurel,135077,274
Laurel,148500,719
Laurel,187009,509
Laurel,140227,723
Laurel,131966,411
Laurel,151069,230
Laurel,144794,893
Laurel,166651,432
Laurel,159161,113
Laurel,168203,209
Laurel,153664,199
Laurel,140901,319
Laurel,168297,630
Laurel,109597,201
Laurel,198063,513
Laurel,171887,49
Laurel,192344,937
Laurel,154042,348
Laurel,150438,641
Laurel,102426,954
Laurel,171809,484
Laurel,198889,312
Laurel,179234,886
Laurel,187104,959
Laurel,180429,319
Laurel,168927,614
Laurel,112125,959
Laurel,134512,124
Laurel,131172,897
Laurel,187426,139
Laurel,108726,854
Laurel,123984,759
Laurel,126934,947
Laurel,157906,245
Laurel,145070,743
Laurel,146627,793
Laurel,194438,654
Laurel,129796,798
Laurel,167684,254
Laurel,145084,315
Laurel,136138,911
Laurel,170441,600
Laurel,108967,707
Laurel,197377,588
Laurel,155972,671
Laurel,124368,304
Laurel,155100,342
Laurel,101147,163
Laurel,125308,191
Laurel,166478,37
Laurel,129682,350
Laurel,163655,922
Laurel,143413,257
Laurel,179931,265
Laurel,100033,57
Laurel,127421,671
Laurel,153177,154
Laurel,146086,381
Laurel,178757,904
Laurel,162153,481
Laurel,180822,901
Laurel,133678,566
Laurel,122249,46
Laurel,125243,534
Laurel,106512,333
Laurel,141897,578
Laurel,169086,484
Laurel,158155,743
Laurel,109253,900
Laurel,100075,575
Laurel,112512,323
Laurel,185844,637
Laurel,175651,37
Laurel,111773,313
Laurel,129814,372
Laurel,156794,216
Laurel,151089,405
Laurel,164294,784
Laurel,180009,653
Laurel,153740,297
Laurel,174211,326
Laurel,185708,210
Laurel,136555,715
Laurel,114896,918
Laurel,125388,868
Laurel,176938,83
Laurel,169596,838
Laurel,151842,718
Laurel,180962,923
Laurel,148085,10
Laurel,185257,643
Laurel,158558,703
Laurel,176229,215
Laurel,179699,603
Laurel,144494,818
Laurel,116001,482
Laurel,107325,157
Laurel,164792,434
Laurel,152590,844
Laurel,180249,538
Laurel,102902,429
Laurel,190136,861
Laurel,140734,27
Laurel,196343,452
Laurel,123345,976
Laurel,185352,77
Laurel,195330,306
Laurel,133042,205
Laurel,111951,481
Laurel,111710,714
Laurel,123616,878
Laurel,134158,533
Laurel,128403,405
Laurel,127624,260
Laurel,181054,421
Laurel,146909,966
Laurel,153136,503
Laurel,182222,229
Laurel,139959,125
Laurel,161004,684
Laurel,139374,710
Laurel,121813,205
Laurel,155504,76
Laurel,136126,219
Laurel,109152,186
Laurel,159676,186
Laurel,102352,269
Laurel,107243,300
Laurel,186841,690
Laurel,171425,206
Laurel,168405,60
Laurel,186478,410
Laurel,113865,79
Laurel,139117,405
Laurel,134273,904
Laurel,106000,249
Laurel,199304,755
Laurel,196684,149
Laurel,104500,397
Laurel,179189,591
Laurel,120127,540
Laurel,131164,432
Laurel,179331,482
Laurel,105043,303
Laurel,145158,46
Laurel,109116,28
Laurel,178517,378
Laurel,104817,906
Laurel,129351,590
Laurel,148341,550
Laurel,179253,761
Laurel,106140,437
Laurel,174041,746
Laurel,183477,130
Laurel,197912,210
Laurel,198725,206
Laurel,107953,559
Laurel,146752,269
Laurel,198148,319
Laurel,103567,248
Laurel,143814,245
Laurel,129579,547
Laurel,142762,273
Laurel,178073,922
Laurel,117283,34
Laurel,183642,834
Laurel,163230,649
Laurel,114247,215
Laurel,170286,961
Laurel,167218,334
Laurel,113630,960
Laurel,165700,406
Laurel,117640,153
Laurel,154184,64
Laurel,126383,717
Laurel,145968,854
Laurel,120548,177
Laurel,139608,394
Laurel,105154,371
Laurel,188288,741
Laurel,197104,399
Laurel,197477,260
Laurel,199339,507
Laurel,104734,671
Laurel,134652,276
Laurel,178492,19
Laurel,128897,776
Laurel,198259,113
Laurel,136081,115
Laurel,195771,253
Laurel,191028,449
Laurel,143132,352
Laurel,145933,530
Laurel,165643,882
Laurel,195179,116
Laurel,127148,930
Laurel,195249,962
Laurel,122686,87
Laurel,108465,675
Laurel,191276,949
Laurel,137164,174
Laurel,126265,600
Laurel,113895,645
Laurel,172690,597
Laurel,114241,75
Laurel,131755,522
Laurel,199490,940
Laurel,188527,894
Laurel,127139,218
Laurel,128082,348
Laurel,154365,975
Laurel,116608,423
Laurel,195631,129
Laurel,144764,75
Laurel,159363,60
Laurel,177685,895
Laurel,114094,290
Laurel,163431,693
Laurel,107146,33
Laurel,115046,202
Laurel,155041,368
Laurel,190169,969
Laurel,113028,363
Laurel,199093,529
Laurel,136245,977
Laurel,115241,225
Laurel,110632,402
Laurel,112025,368
Laurel,129936,895
Laurel,137941,241
Laurel,183458,156
Laurel,168002,338
Laurel,136229,543
Laurel,170345,174
Laurel,165202,970
Laurel,159848,548
Laurel,178906,510
Laurel,141271,201
Laurel,172369,884
Laurel,148826,846
Laurel,155453,912
Laurel,100677,352
Laurel,157589,35
Laurel,106392,635
Laurel,110192,221
Laurel,137664,792
Laurel,106369,198
Laurel,174565,110
Laurel,124874,270
Laurel,122590,243
Laurel,133879,183
Laurel,140991,753
Laurel,189314,552
Laurel,142219,111
Laurel,128493,924
Laurel,177616,89
Laurel,124666,240
Laurel,135341,684
Laurel,140512,553
Laurel,157739,616
Laurel,195511,578
Laurel,162941,466
Laurel,151231,320
Laurel,165387,916
Laurel,131261,297
Kyra,102606,798
Kyra,160749,80
Kyra,189013,948
Kyra,106906,638
Kyra,194769,855
Kyra,182506,749
Kyra,177849,468
Kyra,184479,291
Kyra,184076,900
Kyra,147668,430
Kyra,160356,321
Kyra,137378,697
Kyra,173690,533
Kyra,123532,822
Kyra,161480,517
Kyra,186596,631
Kyra,195860,886
Kyra,154771,242
Kyra,132395,23
Kyra,115594,841
Kyra,138219,766
Kyra,107811,27
Kyra,146537,271
Kyra,196548,283
Kyra,179622,178
Kyra,181744,711
Kyra,187271,773
Kyra,131467,535
Kyra,177642,287
Kyra,148158,349
Kyra,162946,685
Kyra,181875,265
Kyra,170570,862
Kyra,161605,236
Kyra,112045,294
Kyra,146442,521
Kyra,103815,864
Kyra,162236,29
Kyra,116744,390
Kyra,135988,890
Kyra,173587,920
Kyra,111858,708
Kyra,142613,701
Kyra,192278,505
Kyra,133475,4
Kyra,127606,323
Kyra,151155,48
Kyra,165902,825
Kyra,165933,24
Kyra,188562,289
Kyra,127087,376
Kyra,162185,499
Kyra,113345,636
Kyra,163664,535
Kyra,126435,401
Kyra,153384,200
Kyra,175209,934
Kyra,115192,106
Kyra,117057,94
Kyra,113336,55
Kyra,194174,789
Kyra,143902,681
Kyra,183132,883
Kyra,180473,275
Kyra,174076,18
Kyra,169412,280
Kyra,189976,783
Kyra,195488,897
Kyra,178255,701
Kyra,186855,728
Kyra,100965,966
Kyra,190316,723
Kyra,198525,510
Kyra,156903,658
Kyra,185481,422
Kyra,185660,865
Kyra,111012,871
Kyra,144411,926
Kyra,112368,678
Kyra,149735,664
Kyra,171813,233
Kyra,143747,733
Kyra,138150,222
Kyra,174156,609
Kyra,168778,46
Kyra,182988,762
Kyra,143580,740
Kyra,168714,477
Kyra,144750,296
Kyra,102696,105
Kyra,166400,667
Kyra,173848,861
Kyra,190275,644
Kyra,127120,7
Kyra,191594,90
Kyra,146541,277
Kyra,197446,431
Kyra,187466,192
Kyra,178932,216
Kyra,110636,852
Kyra,177124,578
Kyra,123665,128
Kyra,149113,58
Kyra,116965,93
Kyra,144424,55
Kyra,134834,904
Kyra,160957,4
Kyra,118416,900
Kyra,121429,17
Kyra,145142,25
Kyra,123740,219
Kyra,110009,490
Kyra,171336,791
Kyra,113342,137
Kyra,174016,754
Kyra,144987,292
Kyra,134458,215
Kyra,182280,565
Kyra,134604,649
Kyra,110582,613
Kyra,174270,646
Kyra,164535,382
Kyra,113011,839
Kyra,197072,919
Kyra,109703,288
Kyra,195213,834
Kyra,190534,849
Kyra,129874,610
Kyra,161491,227
Kyra,100516,663
Kyra,178625,736
Kyra,126533,746
Kyra,122885,275
Kyra,166780,326
Kyra,140443,529
Kyra,151112,982
Kyra,198380,320
Kyra,184037,162
Kyra,162742,886
Kyra,119052,181
Kyra,137681,218
Kyra,188429,590
Kyra,184006,467
Kyra,155770,280
Kyra,151075,954
Kyra,137354,656
Kyra,160615,190
Kyra,184715,855
Kyra,192681,374
Kyra,106612,601
Kyra,184128,464
Kyra,171239,291
Kyra,105097,74
Kyra,151056,783
Kyra,183139,867
Kyra,115209,6
Kyra,170624,867
Kyra,128152,756
Kyra,114991,524
Kyra,195837,895
Kyra,113975,620
Kyra,137629,810
Kyra,136273,893
Kyra,143622,962
Kyra,142810,868
Kyra,156470,416
Kyra,122839,487
Kyra,100732,814
Kyra,106012,308
Kyra,121100,405
Kyra,131251,41
Kyra,183829,309
Kyra,149953,486
Kyra,166370,721
Kyra,136328,536
Kyra,107362,751
Kyra,133958,806
Kyra,197142,98
Kyra,105026,752
Kyra,174130,987
Kyra,112817,865
Kyra,157179,809
Kyra,162822,905
Kyra,172719,402
Kyra,118781,260
Kyra,175471,769
Kyra,113372,642
Kyra,101122,24
Kyra,145253,557
Kyra,119009,294
Kyra,128367,932
Kyra,142028,148
Kyra,191298,186
Kyra,182997,138
Kyra,116015,345
Kyra,103002,489
Kyra,199376,76
Kyra,184576,562
Kyra,142527,573
Kyra,114472,785
Kyra,114894,130
Kyra,133691,727
Kyra,170523,666
Kyra,132030,849
Kyra,178021,43
Kyra,184105,648
Kyra,178387,62
Kyra,113330,801
Kyra,196873,496
Kyra,140501,965
Kyra,161929,623
Kyra,132705,849
Kyra,132862,524
Kyra,141701,125
Kyra,120872,226
Kyra,160561,999
Kyra,117789,852
Kyra,143343,75
Kyra,184246,259
Kyra,140729,654
Kyra,185200,568
Kyra,130908,58
Kyra,190476,746
Kyra,146566,40
Kyra,105817,341
Kyra,170845,991
Kyra,109928,649
Kyra,103669,701
Kyra,123263,422
Kyra,128960,392
Kyra,123602,30
Kyra,117867,867
Kyra,183240,846
Kyra,139894,553
Kyra,105256,535
Kyra,198304,364
Kyra,159376,168
Kyra,144770,311
Kyra,125145,198
Kyra,121679,242
Kyra,157741,402
Kyra,183244,503
Kyra,137838,471
Kyra,198257,157
Kyra,137644,271
Kyra,157423,694
Kyra,130591,42
Kyra,172825,47
Kyra,125936,340
Kyra,194970,728
Kyra,183893,301
Kyra,135830,495
Kyra,192281,123
Kyra,174579,681
Kyra,193005,649
Kyra,111388,863
Kyra,123329,690
Kyra,174432,3
Kyra,196887,850
Kyra,147897,219
Kyra,155704,868
Kyra,160446,887
Kyra,162968,713
Kyra,188092,909
Kyra,121272,18
Kyra,162911,706
Kyra,116007,198
Kyra,139709,883
Kyra,156535,958
Kyra,107020,346
Kyra,176151,782
Kyra,111494,770
Kyra,164846,454
Kyra,103491,566
Kyra,116153,730
Kyra,109921,345
Kyra,185553,531
Kyra,133152,787
Kyra,100735,975
Kyra,179595,733
Kyra,118480,597
Kyra,137043,185
Kyra,197830,453
Kyra,167476,871
Kyra,100674,626
Kyra,116042,363
Kyra,123697,697
Kyra,155386,899
Kyra,181544,764
Kyra,166988,712
Kyra,154120,534
Kyra,104546,416
Kyra,135035,770
Kyra,113090,26
Kyra,100639,859
Kyra,124094,31
Kyra,142364,388
Kyra,130075,284
Kyra,160259,557
Kyra,108463,578
Kyra,199041,679
Kyra,183081,628
Kyra,125098,727
Kyra,164693,232
Kyra,135081,858
Kyra,182043,815
Kyra,155933,695
Kyra,104124,539
Kyra,143757,401
Kyra,115581,174
Kyra,127111,912
Kyra,173382,341
Kyra,132427,398
Kyra,164230,127
Kyra,140282,437
Kyra,114901,376
Kyra,113174,986
Kyra,137928,269
Kyra,146639,9
Kyra,138616,854
Kyra,180979,110
Kyra,126376,985
Kyra,121673,857
Kyra,114157,435
Kyra,141804,510
Kyra,129550,407
Kyra,107327,182
Kyra,175827,435
Kyra,149118,867
Kyra,113444,440
Kyra,139009,205
Kyra,159594,685
Kyra,108044,928
Kyra,177787,478
Kyra,191441,709
Kyra,115564,495
Kyra,193856,214
Kyra,184538,547
Kyra,142329,863
Kyra,169371,131
Kyra,164677,525
Kyra,120970,618
Kyra,194672,729
Kyra,195158,673
Kyra,142229,875
Kyra,193620,764
Kyra,146465,734
Kyra,158007,403
Kyra,186461,950
Kyra,166879,311
Kyra,123733,650
Kyra,150327,470
Kyra,149573,818
Kyra,108774,741
Kyra,151562,902
Kyra,108635,993
Kyra,105275,842
Kyra,166838,975
Kyra,110453,766
Kyra,148593,8
Kyra,147797,666
Kyra,190107,661
Kyra,116794,701
Kyra,192115,488
Kyra,103176,875
Kyra,104552,254
Kyra,124332,610
Kyra,164288,274
Kyra,126767,28
Kyra,174635,129
Kyra,143064,322
Kyra,136238,790
Kyra,126619,541
Kyra,134977,193
Kyra,188040,137
Kyra,110380,320
Kyra,142534,267
Kyra,102570,57
Kyra,186118,828
Kyra,103477,372
Kyra,183166,694
Kyra,114314,448
Kyra,123354,658
Kyra,114822,741
Kyra,162121,295
Kyra,135257,307
Kyra,186906,496
Kyra,171944,49
Kyra,170164,222
Kyra,159824,162
Kyra,191648,803
Kyra,172627,354
Kyra,133923,419
Kyra,120336,400
Kyra,184907,269
Kyra,179496,11
Kyra,199561,89
Kyra,191956,878
Kyra,136403,55
Kyra,159791,294
Kyra,193080,787
Kyra,124938,370
Kyra,143739,375
Kyra,157667,594
Kyra,169541,799
Kyra,148760,48
Kyra,183942,131
Kyra,114023,417
Kyra,178917,48
Kyra,195689,520
Kyra,171525,106
Kyra,199407,758
Kyra,180722,582
Kyra,165417,927
Kyra,142498,151
Kyra,137947,137
Kyra,118371,84
Kyra,126375,649
Kyra,129237,354
Kyra,158289,563
Kyra,196759,520
Kyra,184295,139
Kyra,114163,851
Kyra,162337,781
Kyra,107126,144
Kyra,172107,367
Kyra,188488,665
Kyra,143347,997
Kyra,180301,331
Kyra,193950,762
Kyra,162435,636
Kyra,145770,495
Kyra,150044,537
Kyra,146624,972
Kyra,102065,597
Kyra,179238,417
Kyra,134468,682
Kyra,118271,396
Kyra,156526,781
Kyra,136944,224
Kyra,184470,657
Kyra,148626,359
Kyra,120739,280
Kyra,129683,6
Kyra,135730,805
Kyra,155488,855
Kyra,181786,50
Kyra,121988,494
Kyra,128122,230
Kyra,150608,165
Kyra,113260,917
Kyra,173768,279
Kyra,159821,688
Kyra,129842,244
Kyra,131479,639
Kyra,142034,376
Kyra,193051,240
Kyra,196419,875
Kyra,109256,332
Kyra,138446,269
Kyra,171446,16
Kyra,167370,177
Kyra,139052,395
Kyra,168032,466
Kyra,123314,635
Kyra,108261,674
Kyra,188976,875
Kyra,187206,268
Kyra,110382,747
Kyra,114844,341
Kyra,188588,923
Kyra,169163,979
Kyra,163817,699
Kyra,124599,992
Kyra,188172,266
Kyra,179947,742
Kyra,196782,333
Kyra,150598,220
Kyra,170966,747
Kyra,193693,68
Kyra,129151,844
Kyra,138625,144
Kyra,103061,483
Kyra,195627,36
Kyra,180270,194
Kyra,174709,43
Kyra,146016,176
Kyra,124316,278
Kyra,135877,819
Kyra,152269,948
Kyra,160976,98
Kyra,131679,526
Kyra,114757,235
Kyra,120628,120
Kyra,137913,797
Kyra,130715,57
Kyra,117553,15
Kyra,192522,434
Kyra,191682,407
Kyra,166231,735
Kyra,126605,995
Kyra,136978,466
Kyra,171600,997
Kyra,176160,310
Kyra,184786,748
Kyra,112264,558
Kyra,178018,350
Kyra,109093,65
Kyra,154964,307
Kyra,196672,476
Kyra,102332,632
Kyra,138061,108
Kyra,131398,669
Kyra,123080,160
Kyra,184772,286
Kyra,110369,272
Kyra,173320,980
Kyra,132033,728
Kyra,195566,393
Kyra,176474,261
Kyra,164337,620
Kyra,100478,991
Kyra,194364,452
Kyra,102585,968
Kyra,187985,850
Kyra,148429,911
Kyra,172504,266
Kyra,188360,601
Kyra,193779,290
Kyra,169861,533
Kyra,170550,368
Kyra,197404,384
Kyra,185462,547
Kyra,122365,734
Kyra,183761,663
Kyra,157295,329
Kyra,151272,415
Kyra,167779,86
Kyra,190083,726
Kyra,186363,304
Kyra,133935,500
Kyra,105427,505
Kyra,166849,230
Kyra,156697,59
Kyra,185834,413
Kyra,174672,156
Kyra,197328,979
Kyra,178547,196
Kyra,191051,384
Kyra,126880,863
Kyra,197387,349
Kyra,147859,268
Kyra,108058,435
Kyra,198499,179
Kyra,109083,4
Kyra,160017,807
Kyra,149055,486
Kyra,165808,914
Kyra,108606,362
Kyra,127887,347
Kyra,149136,947
Kyra,120948,148
Kyra,134141,406
Kyra,110550,259
Kyra,171616,758
Kyra,113699,568
Kyra,136985,840
Kyra,153373,323
Kyra,198873,33
Kyra,196632,374
Kyra,122194,90
Kyra,106258,284
Kyra,105047,42
Kyra,192174,145
Kyra,136283,39
Kyra,110053,273
Kyra,170368,794
Kyra,137640,772
Kyra,111250,191
Kyra,163621,573
Kyra,199587,773
Kyra,198161,411
Kyra,178136,621
Kyra,151561,975
Kyra,168876,674
Kyra,131501,403
Kyra,198909,886
Kyra,125857,524
Kyra,159441,950
Kyra,168582,788
Kyra,153626,164
Kyra,100018,932
Kyra,115426,385
Kyra,101585,147
Kyra,108211,99
Kyra,135331,639
Kyra,188342,972
Kyra,133572,793
Kyra,195306,461
Kyra,114213,639
Kyra,117171,434
Kyra,113779,586
Kyra,147529,137
Kyra,163721,951
Kyra,146209,623
Kyra,172922,57
Kyra,174374,854
Kyra,105809,155
Kyra,101274,68
Kyra,178227,196
Kyra,107536,557
Kyra,198292,409
Kyra,159037,575
Kyra,198252,672
Kyra,127724,868
Kyra,186578,907
Kyra,179484,483
Kyra,178233,868
Kyra,142721,994
Kyra,143856,747
Kyra,185872,757
Kyra,137574,676
Kyra,136014,290
Kyra,182893,419
Kyra,118918,3
Kyra,142512,982
Kyra,175380,186
Kyra,142679,930
Kyra,166901,210
Kyra,165880,992
Kyra,141261,727
Kyra,126391,718
Kyra,127648,286
Kyra,125353,756
Kyra,124287,102
Kyra,156242,427
Kyra,122376,984
Kyra,126356,606
Kyra,100821,543
Kyra,177215,33
Kyra,122989,465
Kyra,137182,357
Kyra,126226,250
Kyra,103599,457
Kyra,198214,1
Kyra,132096,578
Kyra,176729,12
Kyra,161956,614
Kyra,166285,390
Kyra,174291,414
Kyra,132534,741
Kyra,195873,196
Kyra,120435,985
Kyra,147423,87
Kyra,173067,960
Kyra,136186,547
Kyra,159010,520
Kyra,134074,211
Kyra,122256,975
Kyra,163273,211
Kyra,113553,498
Kyra,176983,852
Kyra,138610,928
Kyra,104959,449
Kyra,135906,959
Kyra,104753,719
Kyra,178460,567
Kyra,181670,196
Kyra,142699,488
Kyra,103891,62
Kyra,120035,189
Kyra,184828,967
Kyra,156358,68
Kyra,108168,796
Kyra,119240,914
Kyra,129584,715
Kyra,139352,222
Kyra,189511,579
Kyra,159164,234
Kyra,141681,501
Kyra,177217,389
Kyra,167469,702
Kyra,107660,175
Kyra,151127,912
Kyra,194761,667
Kyra,102549,630
Kyra,101005,281
Kyra,102511,209
Kyra,179564,647
Kyra,104134,687
Kyra,130267,751
Kyra,101431,310
Kyra,142017,218
Kyra,165381,431
Kyra,181509,760
Kyra,121716,346
Kyra,141539,684
Kyra,137599,575
Kyra,175684,381
Kyra,118024,141
Kyra,173151,223
Kyra,125839,124
Kyra,195491,791
Kyra,171834,210
Kyra,126653,943
Kyra,108571,897
Kyra,174891,954
Kyra,128304,903
Kyra,130864,391
Kyra,140746,350
Kyra,130905,788
Kyra,109112,679
Kyra,179783,147
Kyra,181144,883
Kyra,139170,94
Kyra,139100,334
Kyra,125549,119
Kyra,157466,437
Kyra,106628,362
Kyra,160855,248
Kyra,116145,251
Kyra,139301,137
Kyra,131924,353
Kyra,187730,733
Kyra,182430,684
Kyra,162147,217
Kyra,173398,388
Kyra,170110,530
Kyra,163734,560
Kyra,140778,429
Kyra,116412,189
Kyra,170947,590
Kyra,119024,317
Kyra,160904,188
Kyra,151795,124
Kyra,191059,97
Kyra,157513,651
Kyra,107947,351
Kyra,142117,361
Kyra,166931,654
Kyra,143535,547
Kyra,129721,776
Kyra,132080,671
Kyra,109721,38
Kyra,194811,838
Kyra,120111,63
Kyra,133213,219
Kyra,189188,824
Kyra,187221,433
Kyra,180575,702
Kyra,139815,254
Kyra,183639,44
Kyra,184368,935
Kyra,167771,326
Kyra,162718,385
Kyra,129957,875
Kyra,133996,445
Kyra,111747,988
Kyra,147804,255
Kyra,110067,150
Kyra,172672,539
Kyra,167622,1
Kyra,161587,648
Kyra,165209,998
Kyra,130094,999
Kyra,165888,547
Kyra,126683,11
Kyra,135751,505
Kyra,142043,146
Kyra,104793,923
Kyra,113595,625
Kyra,105076,664
Kyra,103781,639
Kyra,180436,253
Kyra,135218,74
Kyra,188613,412
Kyra,152861,592
Kyra,103104,135
Kyra,160410,167
Kyra,131725,579
Kyra,136522,308
Kyra,146781,985
Kyra,109764,93
Kyra,175287,535
Kyra,161137,434
Kyra,151476,952
Kyra,161749,360
Kyra,160237,839
Kyra,111033,842
Kyra,187296,361
Kyra,124298,85
Kyra,177227,831
Kyra,114909,111
Kyra,109962,760
Kyra,179681,333
Kyra,114049,987
Kyra,158758,969
Kyra,115186,494
Kyra,117516,450
Kyra,114224,496
Kyra,151530,15
Kyra,146554,779
Kyra,187938,864
Kyra,184300,788
Kyra,160645,415
Kyra,184122,234
Kyra,119520,623
Kyra,129611,578
Kyra,197237,363
Kyra,188510,918
Kyra,148384,562
Kyra,178171,780
Kyra,104058,288
Kyra,143262,959
Kyra,159855,590
Kyra,184442,724
Kyra,164291,418
Kyra,123806,146
Kyra,169431,674
Kyra,116068,987
Kyra,173462,688
Kyra,180770,650
Kyra,141014,930
Kyra,188177,756
Kyra,190679,41
Kyra,156988,113
Kyra,139580,607
Kyra,127411,438
Kyra,100942,606
Kyra,118723,449
Kyra,192809,1
Kyra,137214,633
Kyra,197406,152
Kyra,187570,118
Kyra,162575,105
Kyra,115605,445
Kyra,139824,436
Kyra,102087,268
Kyra,170686,164
Kyra,114766,387
Kyra,133359,120
Kyra,113032,987
Kyra,109953,769
Kyra,133444,30
Kyra,185136,8
Kyra,199473,693
Kyra,158349,945
Kyra,101437,428
Kyra,124798,625
Kyra,132522,226
Kyra,159691,387
Kyra,180226,335
Kyra,173637,791
Kyra,197787,253
Kyra,127743,127
Kyra,115821,707
Kyra,126634,800
Kyra,194008,773
Kyra,187774,182
Kyra,169982,808
Kyra,107972,677
Kyra,113691,318
Kyra,125911,412
Kyra,187840,533
Kyra,199683,617
Kyra,117289,695
Kyra,118232,793
Kyra,135450,314
Kyra,119109,504
Kyra,149568,935
Kyra,174391,711
Kyra,124106,201
Kyra,142419,787
Kyra,194131,546
Kyra,191490,771
Kyra,178548,989
Kyra,103494,266
Kyra,167817,141
Kyra,134015,148
Kyra,139730,539
Kyra,194510,891
Kyra,173386,711
Kyra,113825,614
Kyra,163969,123
Kyra,105978,550
Kyra,119028,837
Kyra,196545,858
Kyra,173052,816
Kyra,130868,540
Kyra,171988,408
Kyra,106762,690
Kyra,176398,499
Kyra,166716,542
Kyra,108324,477
Kyra,143612,368
Kyra,176654,502
Kyra,147266,310
Kyra,151220,272
Kyra,194104,423
Kyra,186811,302
Kyra,168289,88
Kyra,185271,410
Kyra,121184,956
Kyra,158565,852
Kyra,119647,484
Kyra,176412,860
Kyra,160009,989
Kyra,194706,1000
Kyra,136343,820
Kyra,189971,446
Kyra,137626,2
Kyra,100346,53
Kyra,105361,267
Kyra,177693,569
Kyra,196723,402
Kyra,195958,387
Kyra,169470,92
Kyra,190647,828
Kyra,148669,384
Kyra,152357,329
Kyra,146267,280
Kyra,123975,836
Kyra,190991,803
Kyra,108383,515
Kyra,173979,484
Kyra,113311,1
Kyra,188984,431
Kyra,159569,74
Kyra,191036,425
Kyra,136976,829
Kyra,109005,858
Kyra,157478,96
Kyra,140127,181
Kyra,190319,713
Kyra,192070,229
Kyra,145441,787
Kyra,190881,744
Kyra,181370,132
Kyra,129941,751
Kyra,102178,219
Kyra,181466,111
Kyra,114781,704
Kyra,127249,300
Kyra,131085,186
Kyra,159584,941
Kyra,119918,232
Kyra,119171,666
Kyra,136627,378
Kyra,114142,26
Kyra,175139,681
Kyra,108348,434
Kyra,193975,389
Kyra,191824,116
Kyra,156778,865
Kyra,177268,82
Kyra,118992,789
Kyra,141053,300
Kyra,186047,571
Kyra,174366,662
Kyra,112748,40
Kyra,171143,490
Kyra,180422,976
Kyra,198299,320
Kyra,119608,293
Kyra,115194,612
Kyra,167285,952
Kyra,109810,630
Kyra,160985,741
Kyra,191293,661
Kyra,143683,284
Kyra,186065,45
Kyra,184867,838
Kyra,119930,748
Kyra,178946,240
Kyra,130498,450
Kyra,102562,341
Kyra,166924,205
Kyra,140434,596
Kyra,185179,582
Kyra,135503,585
Kyra,154482,931
Kyra,124480,322
Kyra,117775,460
Kyra,141195,628
Kyra,184513,182
Kyra,193410,472
Kyra,105425,960
Kyra,117220,972
Kyra,128683,41
Kyra,125959,670
Kyra,160118,431
Kyra,169852,729
Kyra,140177,931
Kyra,173729,825
Kyra,103996,727
Kyra,146711,742
Kyra,150566,650
Kyra,105684,915
Kyra,189016,251
Kyra,175210,540
Kyra,106130,322
Kyra,119785,978
Kyra,181944,119
Kyra,177390,464
Kyra,194662,0
Kyra,126188,279
Kyra,121937,647
Kyra,163306,570
Kyra,155250,239
Kyra,157807,579
Kyra,137481,368
Kyra,151909,22
Kyra,141590,663
Kyra,155606,461
Kyra,150802,39
Kyra,171727,851
Kyra,157316,751
Kyra,128413,43
Kyra,123157,692
Kyra,149337,264
Kyra,113998,421
Kyra,119596,648
Kyra,131792,630
Kyra,127639,699
Kyra,143403,15
Kyra,173996,857
Kyra,171577,44
Kyra,105719,801
Kyra,144953,890
Kyra,158006,558
Kyra,175235,809
Kyra,127281,424
Kyra,129219,140
Kyra,182319,349
Kyra,185915,897
Kyra,128521,687
Kyra,105761,615
Kyra,198801,714
Kyra,191984,258
Kyra,148070,977
Kyra,198417,475
Kyra,118260,701
Kyra,169001,644
Kyra,185603,662
Kyra,119522,264
Kyra,157995,237
Kyra,182187,381
Kyra,116592,517
Kyra,129757,172
Kyra,101681,350
Kyra,145930,113
Kyra,179319,756
Kyra,152660,705
Kyra,127380,796
Kyra,174059,272
Kyra,119718,377
Kyra,134360,657
Kyra,144154,7
Kyra,198331,559
Kyra,144376,404
Kyra,154946,454
Kyra,129817,794
Kyra,167884,635
Kyra,193231,796
Kyra,144167,663
Kyra,104845,342
Kyra,192135,403
Kyra,193492,463
Kyra,114739,650
Kyra,196212,918
Kyra,103910,635
Kyra,108009,984
Kyra,191339,668
Kyra,182712,106
Kyra,162019,829
Kyra,190353,805
Kyra,172579,49
Kyra,168877,818
Kyra,196809,539
Kyra,192244,841
Kyra,153078,849
Kyra,156770,70
Kyra,107288,142
Kyra,182468,621
Kyra,161313,579
Kyra,115666,22
Kyra,146801,688
Kyra,199028,23
Kyra,161925,464
Kyra,164972,805
Kyra,163459,776
Kyra,145068,548
Kyra,111934,146
Kyra,154504,735
Kyra,122260,208
Kyra,137689,340
Kyra,157199,250
Kyra,156738,726
Kyra,113401,764
Kyra,190723,238
Kyra,164335,795
Kyra,131033,549
Kyra,151486,228
Kyra,149978,743
Kyra,199943,524
Kyra,161433,598
Kyra,127518,308
Kyra,179683,515
Kyra,124571,273
Kyra,120110,799
Kyra,152200,734
Kyra,161284,454
Kyra,195510,956
Kyra,178392,374
Kyra,167596,33
Kyra,171797,390
Kyra,105336,260
Kyra,174671,226
Kyra,171259,830
Kyra,118129,162
Kyra,126345,482
Kyra,167163,422
Kyra,115129,350
Kyra,131046,183
Kyra,170922,926
Kyra,184060,617
Kyra,186825,586
Kyra,136652,485
Kyra,178272,259
Kyra,149307,139
Kyra,164752,972
Kyra,169993,544
Kyra,118427,450
Kyra,169754,763
Kyra,186702,174
Kyra,188048,705
Kyra,183297,462
Kyra,116414,868
Kyra,110218,979
Kyra,120278,894
Kyra,184585,599
Kyra,111192,616
Kyra,109379,73
Kyra,122487,23
Kyra,197414,323
Kyra,181357,713
Kyra,116813,92
Kyra,122874,988
Kyra,171124,113
Kyra,105504,349
Kyra,173601,204
Kyra,119552,917
Kyra,197646,660
Kyra,126816,140
Kyra,163012,633
Kyra,183295,6
Kyra,172751,598
Kyra,121211,880
Kyra,152387,683
Kyra,147186,813
Kyra,123240,709
Kyra,180541,996
Kyra,134969,844
Kyra,130300,848
Kyra,168130,995
Kyra,135162,913
Kyra,185071,288
Kyra,135930,994
Kyra,178053,190
Kyra,135001,52
Kyra,178550,762
Kyra,123882,11
Kyra,115451,580
Kyra,185245,673
Kyra,146033,611
Kyra,176627,675
Kyra,115367,630
Kyra,123639,387
Kyra,113907,476
Kyra,116087,588
Kyra,148700,913
Kyra,101693,661
Kyra,130869,746
Kyra,165014,28
Kyra,142416,245
Kyra,166005,535
Kyra,199406,748
Kyra,196329,830
Kyra,176116,901
Kyra,123795,731
Kyra,143377,635
Kyra,121367,294
Kyra,170981,760
Kyra,134033,642
Kyra,101423,691
Kyra,166762,875
Kyra,175856,598
Kyra,115171,463
Kyra,182016,624
Kyra,187207,897
Kyra,199547,288
Kyra,100849,377
Kyra,111256,754
Kyra,127528,294
Kyra,144007,326
Kyra,179127,284
Kyra,197969,665
Kyra,139098,376
Kyra,103889,216
Kyra,173009,503
Kyra,108655,792
Kyra,115496,200
Kyra,145126,807
Kyra,194305,430
Kyra,185998,221
Kyra,143619,250
Kyra,166272,324
Kyra,124921,668
Kyra,150630,715
Kyra,141831,440
Kyra,180299,504
Kyra,179370,816
Kyra,151668,435
Kyra,128029,216
Kyra,122384,260
Kyra,153965,133
Kyra,188696,615
Kyra,157666,353
Kyra,164914,781
Kyra,160221,861
Kyra,151001,842
Kyra,130365,839
Kyra,121828,632
Kyra,134172,496
Kyra,157319,825
Kyra,171553,636
Kyra,124930,929
Kyra,195386,781
Kyra,106894,631
Kyra,190777,298
Kyra,127197,136
Kyra,107330,166
Kyra,116829,593
Kyra,126009,991
Kyra,157722,653
Kyra,119576,885
Kyra,165895,890
Kyra,111029,52
Kyra,166812,255
Kyra,178162,859
Kyra,116587,486
Kyra,167107,322
Kyra,108392,364
Kyra,105537,734
Kyra,186993,816
Kyra,147563,327
Kyra,103611,713
Kyra,187090,326
Kyra,164600,553
Kyra,162930,798
Kyra,140660,11
Kyra,137688,905
Kyra,108461,659
Kyra,142188,987
Kyra,119751,731
Kyra,172220,140
Kyra,157528,667
Kyra,118959,200
Kyra,123995,21
Kyra,167328,990
Kyra,150339,426
Kyra,138883,601
Kyra,178789,918
Kyra,133279,484
Kyra,115161,533
Kyra,163797,33
Kyra,123871,792
Kyra,146581,436
Kyra,113308,4
Kyra,170620,506
Kyra,128829,997
Kyra,187750,857
Kyra,132373,64
Kyra,128650,594
Kyra,174557,971
Kyra,141997,617
Kyra,165932,45
Kyra,184646,726
Kyra,160072,349
Kyra,159929,204
Kyra,108777,59
Kyra,154450,6
Kyra,137032,793
Kyra,198248,939
Kyra,113410,112
Kyra,120986,102
Kyra,163416,469
Kyra,109351,399
Kyra,163076,879
Kyra,119836,698
Kyra,181662,630
Kyra,169028,545
Kyra,129696,229
Kyra,196983,259
Kyra,122179,277
Kyra,151737,77
Kyra,174546,28
Kyra,128102,35
Kyra,163010,217
Kyra,183149,979
Kyra,140712,851
Kyra,150533,166
Kyra,127043,159
Kyra,135500,981
Kyra,100285,207
Kyra,181360,519
Kyra,135078,405
Kyra,164138,952
Kyra,121776,863
Kyra,137414,641
Kyra,191940,721
Kyra,147245,694
Kyra,129360,800
Kyra,186050,802
Kyra,127202,484
Kyra,137476,333
Kyra,159840,802
Kyra,153372,365
Kyra,161133,402
Kyra,137484,970
Kyra,118546,201
Kyra,157210,825
Kyra,110961,674
Kyra,190152,104
Kyra,146963,713
Kyra,126054,975
Kyra,111807,971
Kyra,104917,151
Kyra,150972,125
Kyra,199586,408
Kyra,140147,638
Kyra,195382,886
Kyra,192779,985
Kyra,119545,126
Kyra,119641,158
Kyra,171070,365
Kyra,138087,927
Kyra,153011,298
Kyra,168457,130
Kyra,135352,552
Kyra,116492,1
Kyra,157228,84
Kyra,107561,796
Kyra,103362,68
Kyra,130110,528
Kyra,120170,658
Kyra,152037,392
Kyra,144490,156
Kyra,168814,970
Kyra,179260,412
Kyra,110451,875
Kyra,142462,782
Kyra,119400,464
Kyra,109338,155
Kyra,155417,633
Kyra,181352,717
Kyra,124483,911
Kyra,128055,707
Kyra,154194,149
Kyra,102100,335
Kyra,118747,530
Kyra,105404,181
Kyra,156942,278
Kyra,154007,118
Kyra,192036,248
Kyra,123338,555
Kyra,114268,962
Kyra,186826,846
Kyra,116484,846
Kyra,103950,510
Kyra,116194,919
Kyra,190236,197
Kyra,176998,326
Kyra,165040,106
Kyra,144002,250
Kyra,174387,235
Kyra,138726,236
Kyra,130730,863
Kyra,108283,561
Kyra,107520,52
Kyra,174022,648
Kyra,180037,605
Kyra,173802,879
Kyra,135022,376
Kyra,158950,485
Kyra,180535,843
Kyra,156443,604
Kyra,102494,478
Kyra,110867,893
Kyra,187537,463
Kyra,168870,83
Kyra,138662,94
Kyra,119670,65
Kyra,168619,353
Kyra,189986,53
Kyra,145639,44
Kyra,188776,509
Kyra,117103,61
Kyra,165878,906
Kyra,179165,200
Kyra,142915,375
Kyra,101407,857
Kyra,163511,893
Kyra,150145,861
Kyra,181713,168
Kyra,179215,740
Kyra,160872,685
Kyra,113781,919
Kyra,139980,479
Kyra,133033,371
Kyra,105947,312
Kyra,160887,345
Kyra,186316,739
Kyra,196433,332
Kyra,155484,336
Kyra,106242,927
Kyra,115265,559
Kyra,121502,148
Kyra,140819,427
Kyra,114446,304
Kyra,166977,354
Kyra,158686,673
Kyra,121306,36
Kyra,118403,857
Kyra,114291,358
Kyra,175999,986
Kyra,145249,386
Kyra,117104,905
Kyra,104350,241
Kyra,129789,933
Kyra,150671,489
Kyra,194747,858
Kyra,142847,33
Kyra,124807,137
Kyra,195082,248
Kyra,187790,299
Kyra,140534,735
Kyra,109329,852
Kyra,107897,731
Kyra,151353,501
Kyra,143568,538
Kyra,149154,383
Kyra,165847,225
Kyra,177866,864
Kyra,124460,634
Kyra,172199,857
Kyra,162843,917
Kyra,183399,992
Kyra,137196,948
Kyra,116335,359
Kyra,183413,189
Kyra,101268,292
Kyra,116769,123
Kyra,172017,132
Kyra,121538,606
Kyra,168455,153
Kyra,154493,325
Kyra,113596,893
Kyra,180756,323
Kyra,111492,252
Kyra,192924,600
Kyra,166899,892
Kyra,113506,382
Kyra,144782,879
Kyra,154551,916
Kyra,110845,671
Kyra,115456,397
Kyra,124190,986
Kyra,107175,568
Kyra,168326,719
Kyra,164458,691
Kyra,136392,218
Kyra,155822,177
Kyra,195506,760
Kyra,152956,518
Kyra,145673,716
Kyra,180728,701
Kyra,134774,387
Kyra,128030,585
Kyra,199265,521
Kyra,164472,203
Kyra,184033,229
Kyra,172703,622
Kyra,163481,624
Kyra,198003,667
Kyra,188124,735
Kyra,193498,563
Kyra,155416,518
Kyra,180116,301
Kyra,164419,982
Kyra,194945,196
Kyra,130909,778
Kyra,126283,261
Kyra,137588,136
Kyra,142239,521
Kyra,185058,723
Kyra,163635,465
Kyra,168234,652
Kyra,171081,758
Kyra,155753,916
Kyra,107439,608
Kyra,120024,63
Kyra,122726,580
Kyra,193320,708
Kyra,182709,193
Kyra,161084,288
Kyra,129735,180
Kyra,151695,288
Kyra,115717,897
Kyra,127975,650
Kyra,139855,926
Kyra,115070,993
Kyra,104374,655
Kyra,120179,346
Kyra,192883,112
Kyra,121225,660
Kyra,181584,800
Kyra,167819,583
Kyra,122295,263
Kyra,149098,331
Kyra,186044,625
Kyra,135098,766
Kyra,181235,10
Kyra,135647,125
Kyra,176739,126
Kyra,101626,702
Kyra,117907,727
Kyra,156577,950
Kyra,156698,543
Kyra,142603,546
Kyra,185888,808
Kyra,160181,857
Kyra,181566,139
Kyra,150249,631
Kyra,162210,196
Kyra,124932,439
Kyra,171630,352
Kyra,173563,780
Kyra,103202,258
Kyra,127803,777
Kyra,137107,681
Kyra,183432,354
Kyra,147036,670
Kyra,166601,391
Kyra,174021,234
Kyra,158370,507
Kyra,102747,659
Kyra,194528,914
Kyra,135514,36
Kyra,185421,959
Kyra,157808,390
Kyra,166670,532
Kyra,167242,28
Kyra,190776,874
Kyra,110516,85
Kyra,167681,167
Kyra,126150,601
Kyra,187396,456
Kyra,121337,271
Kyra,146976,827
Kyra,155143,150
Kyra,141235,569
Kyra,114923,604
Kyra,189631,166
Kyra,125331,699
Kyra,125397,669
Kyra,108254,467
Kyra,168740,626
Kyra,160345,98
Kyra,125029,695
Kyra,148604,98
Kyra,168815,437
Kyra,141677,69
Kyra,100915,519
Kyra,174955,987
Kyra,147401,545
Kyra,101112,506
Kyra,114794,353
Kyra,119736,364
Kyra,157092,283
Kyra,195266,944
Kyra,110734,846
Kyra,127107,475
Kyra,147542,826
Kyra,147039,208
Kyra,172567,235
Kyra,153806,531
Kyra,188295,954
Kyra,169565,813
Kyra,108856,509
Kyra,180525,709
Kyra,194649,818
Kyra,185994,12
Kyra,140201,540
Kyra,131977,148
Kyra,181994,96
Kyra,108764,61
Kyra,199358,272
Kyra,199185,999
Kyra,135942,111
Kyra,122026,608
Kyra,131985,53
Kyra,131475,72
Kyra,155396,583
Kyra,111246,971
Kyra,122372,559
Kyra,147026,751
Kyra,165163,684
Kyra,126546,80
Kyra,139318,528
Kyra,162041,382
Kyra,146260,989
Kyra,113039,976
Kyra,159481,125
Kyra,148001,885
Kyra,157665,827
Kyra,130657,331
Kyra,188366,908
Kyra,133778,589
Kyra,199343,913
Kyra,161177,158
Kyra,186060,790
Kyra,170944,77
Kyra,130887,834
Kyra,116417,465
Kyra,161977,830
Kyra,132325,824
Kyra,108102,393
Kyra,140538,771
Kyra,111827,98
Kyra,143894,733
Kyra,132068,610
Kyra,153429,505
Kyra,121067,202
Kyra,160443,513
Kyra,179554,83
Kyra,115981,8
Kyra,183645,714
Kyra,183495,340
Kyra,191043,502
Kyra,145507,242
Kyra,164684,963
Kyra,171937,729
Kyra,155761,580
Kyra,116947,272
Kyra,171090,116
Kyra,198158,867
Kyra,122975,727
Kyra,185412,388
Kyra,115095,620
Kyra,164195,245
Kyra,147074,447
Kyra,186567,374
Kyra,151930,374
Kyra,131408,45
Kyra,108760,835
Kyra,121476,333
Kyra,106268,409
Kyra,111454,618
Kyra,163188,522
Kyra,127332,727
Kyra,126669,467
Kyra,136876,772
Kyra,132140,706
Kyra,126449,122
Kyra,110670,183
Kyra,136376,723
Kyra,165312,114
Kyra,108904,639
Kyra,169576,959
Kyra,149156,677
Kyra,149061,599
Kyra,195574,700
Kyra,145848,776
Kyra,186197,49
Kyra,155514,183
Kyra,132348,480
Kyra,120514,752
Kyra,193087,794
Kyra,103163,793
Kyra,193047,797
Kyra,140161,834
Kyra,125477,743
Kyra,140014,182
Kyra,169502,169
Kyra,110191,78
Kyra,123686,172
Kyra,110710,474
Kyra,157960,533
Kyra,191178,525
Kyra,156033,122
Kyra,121636,303
Kyra,141510,183
Kyra,140095,495
Kyra,111611,957
Kyra,185720,484
Kyra,108797,351
Kyra,127444,855
Kyra,136803,483
Kyra,150842,521
Kyra,186035,406
Kyra,127011,755
Kyra,127969,464
Kyra,143969,467
Kyra,189490,435
Kyra,187479,36
Kyra,129932,397
Kyra,129872,503
Kyra,142313,862
Kyra,144463,555
Kyra,155275,889
Kyra,186584,714
Kyra,172125,365
Kyra,180462,146
Kyra,100007,178
Kyra,118772,558
Kyra,180427,60
Kyra,158041,933
Kyra,182416,611
Kyra,153817,481
Kyra,135212,469
Kyra,154081,610
Kyra,132242,314
Kyra,108469,777
Kyra,179958,995
Kyra,173196,689
Kyra,125313,509
Kyra,118146,352
Kyra,160608,493
Kyra,176036,378
Kyra,165197,34
Kyra,183080,263
Kyra,145043,878
Kyra,187557,256
Kyra,127554,600
Kyra,167352,333
Kyra,133766,136
Kyra,161041,648
Kyra,143493,22
Kyra,147351,49
Kyra,121176,420
Kyra,153007,88
Kyra,123331,972
Kyra,135502,636
Kyra,198429,740
Kyra,120136,345
Kyra,195026,5
Kyra,181136,386
Kyra,133159,688
Kyra,130522,160
Kyra,180841,810
Kyra,114427,304
Kyra,119409,842
Kyra,157539,350
Kyra,111697,156
Kyra,193082,398
Kyra,110386,176
Kyra,110383,406
Kyra,127321,9
Kyra,112065,123
Kyra,113725,185
Kyra,189748,813
Kyra,148144,543
Kyra,136217,639
Kyra,117037,22
Kyra,145859,513
Kyra,163245,638
Kyra,117718,640
Kyra,167898,528
Kyra,166649,322
Kyra,170506,311
Kyra,132667,751
Kyra,143136,956
Kyra,100800,629
Kyra,194749,19
Kyra,131362,507
Kyra,190623,747
Kyra,110171,301
Kyra,104097,182
Kyra,174426,844
Kyra,136404,252
Kyra,108880,119
Kyra,120252,420
Kyra,196774,125
Kyra,140802,892
Kyra,178770,73
Kyra,150688,177
Kyra,115839,958
Kyra,197262,547
Kyra,182351,980
Kyra,180627,573
Kyra,169010,720
Kyra,143420,906
Kyra,124839,704
Kyra,168256,804
Kyra,181413,241
Kyra,101817,388
Kyra,161891,744
Kyra,155976,65
Kyra,138203,858
Kyra,115569,73
Kyra,113331,836
Kyra,116074,708
Kyra,162599,768
Kyra,177618,918
Kyra,130060,331
Kyra,135795,37
Kyra,167403,148
Kyra,168541,826
Kyra,195005,896
Kyra,127259,361
Kyra,154388,60
Kyra,118167,24
Kyra,111103,830
Kyra,146321,691
Kyra,120914,786
Kyra,194610,448
Kyra,158447,290
Kyra,116690,798
Kyra,194401,952
Kyra,158834,281
Kyra,149881,871
Kyra,185214,398
Kyra,120593,141
Kyra,124929,119
Kyra,191728,992
Kyra,151152,322
Kyra,181379,780
Kyra,197783,392
Kyra,179606,395
Kyra,122470,987
Kyra,128840,271
Kyra,122854,9
Kyra,163154,473
Kyra,190244,213
Kyra,167588,78
Kyra,105048,20
Kyra,100696,531
Kyra,183293,504
Kyra,113551,632
Kyra,172378,441
Kyra,181218,705
Kyra,113885,623
Kyra,102754,331
Kyra,191111,378
Kyra,116126,120
Kyra,127778,790
Kyra,102456,392
Kyra,181514,871
Kyra,182316,159
Kyra,108898,962
Kyra,169843,725
Kyra,187841,966
Kyra,176945,569
Kyra,100832,730
Kyra,161775,163
Kyra,188096,974
Kyra,133643,913
Kyra,192320,279
Kyra,174478,551
Kyra,162979,927
Kyra,102092,966
Kyra,147733,958
Kyra,173498,605
Kyra,163648,663
Kyra,194118,880
Kyra,184674,234
Kyra,173085,839
Kyra,184977,770
Kyra,104975,812
Kyra,132135,285
Kyra,154363,876
Kyra,184832,987
Kyra,155625,374
Kyra,193555,609
Kyra,105598,16
Kyra,100073,333
Kyra,169280,613
Kyra,160549,604
Kyra,168185,48
Kyra,114563,729
Kyra,124143,406
Kyra,107074,993
Kyra,194300,901
Kyra,105196,351
Kyra,146273,259
Kyra,164731,175
Kyra,161627,168
Kyra,137243,384
Kyra,184998,553
Kyra,190321,492
Kyra,179591,243
Kyra,171685,947
Kyra,172968,407
Kyra,171176,658
Kyra,117992,805
Kyra,148000,747
Kyra,138041,129
Kyra,145572,682
Kyra,137558,108
Kyra,105727,544
Kyra,180431,165
Kyra,143456,553
Kyra,182431,528
Kyra,190724,826
Kyra,103291,238
Kyra,140960,212
Kyra,171188,197
Kyra,115679,371
Kyra,105767,462
Kyra,198708,55
Kyra,170536,23
Kyra,116246,120
Kyra,100739,226
Kyra,151245,542
Kyra,157954,327
Kyra,115148,758
Kyra,152136,417
Kyra,153922,424
Kyra,174249,808
Kyra,188992,299
Kyra,192717,139
Kyra,166449,317
Kyra,160776,391
Kyra,177043,0
Kyra,152121,129
Kyra,138982,320
Kyra,110866,279
Kyra,102546,891
Kyra,184249,354
Kyra,167286,94
Kyra,148497,463
Kyra,199206,362
Kyra,172513,757
Kyra,192812,473
Kyra,170045,703
Kyra,195011,224
Kyra,182567,450
Kyra,142520,848
Kyra,108299,752
Kyra,118152,122
Kyra,112258,508
Kyra,126400,232
Kyra,105677,140
Kyra,125199,840
Kyra,154882,280
Kyra,165317,276
Kyra,171725,904
Kyra,109119,320
Kyra,136264,982
Kyra,198486,613
Kyra,166107,902
Kyra,186621,713
Kyra,127894,499
Kyra,192065,917
Kyra,156488,284
Kyra,103880,829
Kyra,185649,466
Kyra,117418,636
Kyra,189056,693
Kyra,183788,476
Kyra,165174,653
Kyra,107841,194
Kyra,140455,756
Kyra,176396,277
Kyra,118011,0
Kyra,109198,195
Kyra,174390,401
Kyra,188334,836
Kyra,195052,285
Kyra,180593,337
Kyra,114814,600
Kyra,146717,643
Kyra,138283,892
Kyra,121774,280
Kyra,184723,836
Kyra,111329,355
Kyra,150532,279
Kyra,100756,493
Kyra,178921,542
Kyra,140714,726
Kyra,115384,690
Kyra,105595,188
Kyra,149908,755
Kyra,143878,335
Kyra,144392,758
Kyra,100970,393
Kyra,107434,706
Kyra,183079,505
Kyra,178635,340
Kyra,163872,224
Kyra,195595,595
Kyra,162655,968
Kyra,123325,639
Kyra,194100,364
Kyra,167518,951
Kyra,186912,503
Kyra,124853,519
Kyra,149893,543
Kyra,171529,678
Kyra,147450,808
Kyra,147567,516
Kyra,109022,33
Kyra,175575,614
Kyra,196077,548
Kyra,147802,319
Kyra,181424,269
Kyra,170783,914
Kyra,104236,344
Kyra,137996,697
Kyra,123457,744
Kyra,122797,954
Kyra,189034,188
Kyra,164209,897
Kyra,162957,861
Kyra,122861,425
Kyra,161899,644
Kyra,143055,39
Kyra,198511,373
Kyra,190064,213
Kyra,140211,727
Kyra,120396,741
Kyra,114236,253
Kyra,193097,733
Kyra,167035,156
Kyra,139452,765
Kyra,189665,360
Kyra,127907,887
Kyra,149242,537
Kyra,144481,26
Kyra,128373,25
Kyra,148560,309
Kyra,121003,207
Kyra,132611,765
Kyra,185468,483
Kyra,108513,803
Kyra,167127,366
Kyra,152049,849
Kyra,109425,1
Kyra,176828,575
Kyra,118066,601
Kyra,103417,757
Kyra,107324,86
Kyra,106715,331
Kyra,158117,536
Kyra,137056,985
Kyra,179296,5
Kyra,143449,882
Kyra,172660,883
Kyra,164184,47
Kyra,165283,114
Kyra,163906,13
Kyra,198297,227
Kyra,141670,628
Kyra,161709,918
Kyra,173255,103
Kyra,123313,994
Kyra,155254,735
Kyra,149950,392
Kyra,100118,627
Kyra,125091,388
Kyra,161708,67
Kyra,112424,559
Kyra,124997,725
Kyra,127700,150
Kyra,116496,754
Kyra,168470,130
Kyra,149256,118
Kyra,165802,374
Kyra,129445,851
Kyra,169585,300
Kyra,137192,146
Kyra,148705,986
Kyra,148701,668
Kyra,193059,451
Kyra,160612,465
Kyra,141850,318
Kyra,126472,302
Kyra,187877,182
Kyra,185863,856
Kyra,150225,175
Kyra,158389,178
Kyra,127338,349
Kyra,163248,401
Kyra,117361,254
Kyra,132661,856
Kyra,104914,610
Kyra,149985,495
Kyra,199196,12
Kyra,147276,575
Kyra,186439,843
Kyra,106749,69
Kyra,169241,470
Kyra,161732,728
Kyra,149202,972
Kyra,105455,449
Kyra,109068,435
Kyra,121979,874
Kyra,184918,662
Kyra,147040,778
Kyra,160494,30
Kyra,137594,83
Kyra,109984,913
Kyra,141102,88
Kyra,107211,743
Kyra,117766,87
Kyra,147947,819
Kyra,144162,711
Kyra,174767,479
Kyra,199824,493
Kyra,196488,584
Kyra,112961,120
Kyra,132264,893
Kyra,184007,921
Kyra,191325,641
Kyra,140553,20
Kyra,168651,44
Kyra,135715,559
Kyra,163891,454
Kyra,175230,827
Kyra,169788,719
Kyra,178765,664
Kyra,159974,266
Kyra,158369,43
Kyra,141814,632
Kyra,164533,535
Kyra,118522,780
Kyra,136482,864
Kyra,107165,176
Kyra,197742,323
Kyra,137321,264
Kyra,148015,491
Kyra,164802,748
Kyra,196767,183
Kyra,162218,929
Kyra,114793,476
Kyra,111211,980
Kyra,198183,825
Kyra,187945,456
Kyra,158085,327
Kyra,185362,720
Kyra,111340,791
Kyra,186972,980
Kyra,120928,391
Kyra,176237,481
Kyra,133136,819
Kyra,162445,965
Kyra,151999,602
Kyra,140790,703
Kyra,117408,198
Kyra,188087,572
Kyra,139337,611
Kyra,114294,672
Kyra,123901,987
Kyra,156394,807
Kyra,155591,523
Kyra,197938,988
Kyra,188771,803
Kyra,179548,127
Kyra,173000,450
Kyra,167371,214
Kyra,182220,174
Kyra,101535,959
Kyra,126980,72
Kyra,172317,118
Kyra,140137,418
Kyra,125488,81
Kyra,123490,274
Kyra,192058,726
Kyra,193584,675
Kyra,166422,149
Kyra,170116,790
Kyra,139571,387
Kyra,189763,498
Kyra,108783,533
Kyra,111892,60
Kyra,168832,501
Kyra,103707,693
Kyra,198992,97
Kyra,165140,555
Kyra,186856,889
Kyra,103041,486
Kyra,182892,460
Kyra,172951,412
Kyra,130437,424
Kyra,188908,228
Kyra,190858,841
Kyra,175367,652
Kyra,104465,186
Kyra,141636,537
Kyra,101913,108
Kyra,141499,975
Kyra,191417,825
Kyra,128725,133
Kyra,179844,468
Kyra,164872,815
Kyra,195025,556
Kyra,122131,684
Kyra,184284,406
Kyra,132836,795
Kyra,147354,513
Kyra,135595,341
Kyra,105124,193
Kyra,190407,304
Kyra,111275,107
Kyra,183122,743
Kyra,160625,842
Kyra,105209,706
Kyra,168538,93
Kyra,130251,199
Kyra,153163,165
Kyra,181474,377
Kyra,177540,887
Kyra,148073,435
Kyra,176925,494
Kyra,135563,774
Kyra,186335,525
Kyra,190652,647
Kyra,176988,254
Kyra,144456,666
Kyra,195253,310
Kyra,191553,954
Kyra,159901,719
Kyra,166152,768
Kyra,153587,495
Kyra,180973,628
Kyra,182041,403
Kyra,118532,82
Kyra,193381,946
Kyra,177348,607
Kyra,133546,363
Kyra,174972,500
Kyra,159768,1000
Kyra,120847,505
Kyra,115819,190
Kyra,168421,78
Kyra,154243,707
Kyra,191196,292
Kyra,137781,974
Kyra,176439,332
Kyra,186640,526
Kyra,103279,256
Kyra,188884,122
Kyra,137431,614
Kyra,108618,455
Kyra,143313,904
Kyra,144952,516
Kyra,111766,481
Kyra,187592,753
Kyra,111233,830
Kyra,142323,932
Kyra,154321,351
Kyra,108644,95
Kyra,180899,204
Kyra,165035,826
Kyra,109355,304
Kyra,145882,723
Kyra,126315,320
Kyra,163738,207
Kyra,167500,647
Kyra,139291,928
Kyra,107640,698
Kyra,123324,740
Kyra,102443,983
Kyra,115901,954
Kyra,101224,613
Kyra,169797,180
Kyra,174342,79
Kyra,153323,330
Kyra,135248,950
Kyra,167138,413
Kyra,141331,991
Kyra,128893,982
Kyra,154631,869
Kyra,190193,876
Kyra,122624,924
Kyra,131126,844
Kyra,130755,827
Kyra,126285,900
Kyra,152897,357
Kyra,133530,931
Kyra,117593,901
Kyra,193497,57
Kyra,165156,595
Kyra,102553,252
Kyra,156632,382
Kyra,178451,140
Kyra,196870,182
Kyra,166064,557
Kyra,167614,545
Kyra,155473,125
Kyra,166174,74
Kyra,103908,34
Kyra,177359,607
Kyra,138556,355
Kyra,102727,374
Kyra,127651,224
Kyra,126755,210
Kyra,187598,396
Kyra,120075,264
Kyra,110397,577
Kyra,125031,856
Kyra,182592,930
Kyra,180053,228
Kyra,175491,294
Kyra,164486,905
Kyra,100592,343
Kyra,136547,3
Kyra,154190,652
Kyra,138185,453
Kyra,145165,54
Kyra,124654,898
Kyra,141964,749
Kyra,125059,301
Kyra,115584,729
Kyra,117222,770
Kyra,186952,577
Kyra,147840,742
Kyra,166078,678
Kyra,166329,227
Kyra,140921,249
Kyra,116046,655
Kyra,132278,921
Kyra,161003,171
Kyra,167482,9
Kyra,134114,801
Kyra,105294,260
Kyra,127275,515
Kyra,136952,20
Kyra,147699,191
Kyra,198234,728
Kyra,152052,627
Kyra,125403,211
Kyra,136592,181
Kyra,168168,9
Kyra,187307,416
Kyra,148186,459
Kyra,183014,497
Kyra,141657,614
Kyra,123366,58
Kyra,143688,727
Kyra,167677,448
Kyra,161719,900
Kyra,191779,802
Kyra,190875,543
Kyra,162895,803
Kyra,158520,532
Kyra,137048,185
Kyra,183319,94
Kyra,172867,573
Kyra,183213,727
Kyra,106504,752
Kyra,127268,879
Kyra,131868,138
Kyra,180653,93
Kyra,112026,607
Kyra,133338,577
Kyra,165284,536
Kyra,168956,72
Kyra,128203,199
Kyra,179438,963
Kyra,155535,332
Kyra,147307,763
Kyra,121405,591
Kyra,119269,818
Kyra,134614,866
Kyra,172086,965
Kyra,133930,56
Kyra,163317,856
Kyra,168951,369
Kyra,193860,609
Kyra,110118,236
Kyra,128911,431
Kyra,128832,361
Kyra,178311,196
Kyra,196821,715
Kyra,125536,776
Kyra,148820,450
Kyra,133295,632
Kyra,167799,133
Kyra,186559,330
Kyra,179563,86
Kyra,149065,396
Kyra,144653,57
Kyra,124451,181
Kyra,106575,675
Kyra,120220,159
Kyra,157073,120
Kyra,109958,915
Kyra,125940,396
Kyra,120263,800
Kyra,144672,258
Kyra,171580,294
Kyra,190645,160
Kyra,172512,962
Kyra,119336,108
Kyra,184454,311
Kyra,165206,309
Kyra,148653,391
Kyra,185630,434
Kyra,166979,695
Kyra,100467,662
Kyra,149723,552
Kyra,197622,242
Kyra,134633,763
Kyra,134310,643
Kyra,119577,359
Kyra,166531,719
Kyra,106765,443
Kyra,126394,309
Kyra,158945,894
Kyra,199236,732
Kyra,125967,83
Kyra,100445,867
Kyra,169228,598
Kyra,178793,133
Kyra,177385,830
Kyra,149140,866
Kyra,127234,278
Kyra,110145,45
Kyra,125126,218
Kyra,100969,64
Kyra,134348,471
Kyra,159715,522
Kyra,127946,885
Kyra,161064,674
Kyra,161306,572
Kyra,188311,700
Kyra,133049,413
Kyra,139472,864
Kyra,176470,667
Kyra,106843,598
Kyra,145595,806
Kyra,136298,921
Kyra,155654,719
Kyra,160220,717
Kyra,197891,415
Kyra,183960,35
Kyra,141635,27
Kyra,145786,69
Kyra,176337,756
Kyra,159160,583
Kyra,161489,797
Kyra,177663,790
Kyra,182493,914
Kyra,192790,428
Kyra,169921,747
Kyra,169912,319
Kyra,158360,327
Kyra,195486,692
Kyra,149363,615
Kyra,188238,558
Kyra,147292,272
Kyra,163348,788
Kyra,112686,793
Kyra,128151,51
Kyra,198551,691
Kyra,170557,2
Kyra,110607,408
Kyra,113750,921
Kyra,148462,906
Kyra,128009,787
Kyra,100308,510
Kyra,167190,647
Kyra,168717,79
Kyra,193559,513
Kyra,131190,941
Kyra,108208,190
Kyra,103657,718
Kyra,150114,113
Kyra,186063,907
Kyra,148610,231
Kyra,139190,265
Kyra,184760,16
Kyra,157111,827
Kyra,175316,575
Kyra,174682,253
Kyra,143881,223
Kyra,115411,674
Kyra,187649,776
Kyra,109599,604
Kyra,189407,903
Kyra,153690,615
Kyra,167223,864
Kyra,134771,491
Kyra,139769,308
Kyra,100515,626
Kyra,116907,60
Kyra,195858,605
Kyra,162860,924
Kyra,158989,919
Kyra,108795,501
Kyra,188645,624
Kyra,179073,30
Kyra,106660,545
Kyra,126917,786
Kyra,155035,872
Kyra,150206,106
Kyra,107846,61
Kyra,163126,964
Kyra,132085,48
Kyra,191657,60
Kyra,123154,478
Kyra,151601,57
Kyra,128985,482
Kyra,177209,680
Kyra,186225,442
Kyra,158618,705
Kyra,102940,861
Kyra,148348,514
Kyra,139185,204
Kyra,189189,97
Kyra,106992,665
Kyra,199783,419
Kyra,159760,697
Kyra,121953,951
Kyra,104348,61
Kyra,123201,646
Kyra,136195,332
Kyra,164578,343
Kyra,107639,521
Kyra,176843,23
Kyra,162787,874
Kyra,176024,456
Kyra,158940,646
Kyra,154096,287
Kyra,139082,557
Kyra,136718,491
Kyra,176239,171
Kyra,193469,680
Kyra,170099,93
Kyra,124338,763
Kyra,182027,893
Kyra,102713,964
Kyra,137319,628
Kyra,134483,997
Kyra,192604,127
Kyra,133665,14
Kyra,197488,431
Kyra,147353,126
Kyra,160773,247
Kyra,140076,670
Kyra,120374,227
Kyra,138499,203
Kyra,142343,475
Kyra,151481,76
Kyra,134183,872
Kyra,129482,467
Kyra,150939,886
Kyra,183647,554
Kyra,190131,355
Kyra,192137,502
Kyra,115491,866
Kyra,136732,140
Kyra,197846,60
Kyra,149257,598
Kyra,101183,458
Kyra,164349,257
Kyra,146190,417
Kyra,151760,437
Kyra,175799,74
Kyra,193520,929
Kyra,128803,931
Kyra,148364,344
Kyra,163118,497
Kyra,135122,456
Kyra,109302,780
Kyra,131833,445
Kyra,177964,86
Kyra,169013,722
Kyra,116186,273
Kyra,139413,869
Kyra,143748,319
Kyra,186918,56
Kyra,137226,469
Kyra,174604,605
Kyra,180426,630
Kyra,192853,177
Kyra,111547,910
Kyra,190902,581
Kyra,111711,333
Kyra,119186,380
Kyra,171791,470
Kyra,182297,124
Kyra,130050,888
Kyra,195140,227
Kyra,195073,304
Kyra,165478,626
Kyra,112345,752
Kyra,153890,82
Kyra,148823,497
Kyra,138545,283
Kyra,132067,82
Kyra,178880,236
Kyra,168813,918
Kyra,126059,499
Kyra,126403,98
Kyra,150882,723
Kyra,132690,194
Kyra,175015,737
Kyra,119708,837
Kyra,109651,818
Kyra,167309,561
Kyra,182828,68
Kyra,118695,346
Kyra,162948,10
Kyra,142645,843
Kyra,128313,253
Kyra,181126,983
Kyra,103226,567
Kyra,140988,979
Kyra,125390,475
Kyra,103040,462
Kyra,111310,356
Kyra,155451,612
Kyra,126804,566
Kyra,102205,816
Kyra,183275,684
Kyra,123769,661
Kyra,188639,835
Kyra,132381,668
Kyra,120774,335
Kyra,159090,702
Kyra,113569,733
Kyra,194081,986
Kyra,164676,718
Kyra,103584,587
Kyra,137325,885
Kyra,132432,526
Kyra,136708,306
Kyra,190366,211
Kyra,161453,295
Kyra,109576,366
Kyra,163539,848
Kyra,167619,937
Kyra,171144,316
Kyra,147942,958
Kyra,121257,914
Kyra,120938,523
Kyra,126494,768
Kyra,156817,161
Kyra,115130,984
Kyra,183302,529
Kyra,127356,737
Kyra,133913,0
Kyra,187745,926
Kyra,162164,381
Kyra,166682,406
Kyra,197207,813
Kyra,141551,545
Kyra,147368,839
Kyra,154301,582
Kyra,165556,230
Kyra,158398,161
Kyra,177136,505
Kyra,108982,255
Kyra,135600,738
Kyra,144509,763
Kyra,136307,188
Kyra,101569,259
Kyra,138337,528
Kyra,116362,724
Kyra,110703,710
Kyra,144238,530
Kyra,139256,833
Kyra,185368,802
Kyra,112616,963
Kyra,110398,639
Kyra,172201,762
Kyra,163318,311
Kyra,166813,16
Kyra,120338,160
Kyra,149434,230
Kyra,160621,899
Kyra,107592,930
Kyra,151978,53
Kyra,159524,629
Kyra,122753,853
Kyra,119648,93
Kyra,135523,598
Kyra,100454,613
Kyra,158507,919
Kyra,196188,939
Kyra,188482,654
Kyra,191905,930
Kyra,120140,684
Kyra,118886,313
Kyra,166170,424
Kyra,171836,337
Kyra,186619,682
Kyra,167097,645
Kyra,107174,935
Kyra,139211,438
Kyra,167738,196
Kyra,153881,53
Kyra,113840,52
Kyra,125143,503
Kyra,147485,768
Kyra,171860,564
Kyra,198433,768
Kyra,110960,924
Kyra,113897,651
Kyra,187516,811
Kyra,128697,10
Kyra,164217,109
Kyra,144369,124
Kyra,172914,849
Kyra,109084,997
Kyra,195542,987
Kyra,111002,119
Kyra,111821,866
Kyra,135146,161
Kyra,166698,312
Kyra,161418,479
Kyra,136569,506
Kyra,192311,164
Kyra,106112,739
Kyra,116710,457
Kyra,155428,788
Kyra,108317,930
Kyra,113115,583
Kyra,100699,165
Kyra,149198,82
Kyra,176084,409
Kyra,190977,655
Kyra,176220,965
Kyra,185937,49
Kyra,131509,164
Kyra,148366,422
Kyra,189053,372
Kyra,133924,194
Kyra,171737,69
Kyra,136494,625
Kyra,153663,553
Kyra,102537,523
Kyra,117731,502
Kyra,118046,326
Kyra,117683,246
Kyra,160881,969
Kyra,184615,989
Kyra,187594,304
Kyra,171295,163
Kyra,174048,378
Kyra,107986,186
Kyra,192412,117
Kyra,177712,587
Kyra,149212,395
Kyra,196059,725
Kyra,151921,413
Kyra,140042,709
Kyra,156744,89
Kyra,110679,181
Kyra,117515,947
Kyra,142311,767
Kyra,131341,401
Kyra,148976,278
Kyra,178937,14
Kyra,147674,202
Kyra,147121,538
Kyra,123269,584
Kyra,149200,677
Kyra,118980,488
Kyra,119085,294
Kyra,161802,608
Kyra,132495,879
Kyra,182604,719
Kyra,146865,175
Kyra,149245,306
Kyra,116568,948
Kyra,103759,375
Kyra,141039,614
Kyra,137464,353
Kyra,157095,375
Kyra,176775,24
Kyra,137951,302
Kyra,163719,56
Kyra,169657,155
Kyra,124471,280
Kyra,186800,653
Kyra,190888,799
Kyra,137316,551
Kyra,195708,930
Kyra,184692,748
Kyra,104245,183
Kyra,130233,212
Kyra,146257,414
Kyra,133882,553
Kyra,197928,893
Kyra,133363,54
Kyra,125807,321
Kyra,149073,240
Kyra,132137,175
Kyra,165298,317
Kyra,126293,157
Kyra,154824,825
Kyra,144237,462
Kyra,155276,123
Kyra,157536,728
Kyra,117625,213
Kyra,112836,786
Kyra,177031,891
Kyra,139765,447
Kyra,118820,267
Kyra,114423,149
Kyra,195056,346
Kyra,189867,607
Kyra,100577,598
Kyra,133369,768
Kyra,116491,964
Kyra,111814,654
Kyra,152497,927
Kyra,185279,468
Kyra,192986,718
Kyra,166685,57
Kyra,187607,46
Kyra,160833,812
Kyra,182603,377
Kyra,185533,518
Kyra,186994,334
Kyra,124774,694
Kyra,138523,556
Kyra,122338,497
Kyra,142533,164
Kyra,184604,747
Kyra,183976,319
Kyra,123946,931
Kyra,188858,620
Kyra,106666,199
Kyra,100153,83
Kyra,146047,98
Kyra,153048,895
Kyra,119267,677
Kyra,192767,698
Kyra,143892,810
Kyra,168287,728
Kyra,133585,369
Kyra,116469,772
Kyra,199323,772
Kyra,121579,656
Kyra,111470,594
Kyra,127366,102
Kyra,197956,420
Kyra,123594,182
Kyra,158255,775
Kyra,192471,290
Kyra,174461,140
Kyra,196352,114
Kyra,197864,12
Kyra,126953,522
Kyra,108387,73
Kyra,179687,178
Kyra,160388,728
Kyra,147269,122
Kyra,118657,592
Kyra,139593,562
Kyra,101181,771
Kyra,128355,783
Kyra,130207,147
Kyra,182145,764
Kyra,189945,345
Kyra,192757,893
Kyra,115843,831
Kyra,154880,559
Kyra,170683,416
Kyra,112413,486
Kyra,147082,780
Kyra,123803,938
Kyra,143664,622
Kyra,111850,478
Kyra,195166,376
Kyra,162402,678
Kyra,165327,960
Kyra,105319,281
Kyra,190664,16
Kyra,143911,989
Kyra,118592,55
Kyra,168992,394
Kyra,121827,269
Kyra,182413,70
Kyra,165067,118
Kyra,107087,841
Kyra,146569,236
Kyra,128602,988
Kyra,181168,853
Kyra,102917,962
Kyra,146470,199
Kyra,123908,554
Kyra,167180,974
Kyra,184183,907
Kyra,142556,703
Kyra,173922,969
Kyra,138018,690
Kyra,180917,244
Kyra,127135,252
Kyra,169368,410
Kyra,160251,889
Kyra,136464,637
Kyra,173230,64
Kyra,135397,682
Kyra,184426,158
Kyra,144761,688
Kyra,196083,307
Kyra,153583,380
Kyra,177432,496
Kyra,187293,382
Kyra,194179,636
Kyra,185572,24
Kyra,197665,679
Kyra,179959,634
Kyra,119742,158
Kyra,138718,537
Kyra,120863,532
Kyra,158948,595
Kyra,183392,622
Kyra,102283,656
Kyra,142125,617
Kyra,118065,945
Kyra,134789,937
Kyra,157312,577
Kyra,119926,977
Kyra,104324,118
Kyra,113228,423
Kyra,169407,7
Kyra,125994,631
Kyra,191717,440
Kyra,105262,751
Kyra,133878,661
Kyra,197444,435
Kyra,152704,502
Kyra,151724,90
Kyra,187041,745
Kyra,151860,403
Kyra,153197,880
Kyra,179827,489
Kyra,124065,311
Kyra,143526,695
Kyra,179619,535
Kyra,176645,477
Kyra,119915,1
Kyra,173855,194
Kyra,195110,460
Kyra,114940,486
Kyra,198859,349
Kyra,182913,97
Kyra,131249,305
Kyra,191955,654
Kyra,149562,423
Kyra,131523,964
Kyra,142791,983
Kyra,193149,509
Kyra,196525,95
Kyra,158416,983
Kyra,171892,714
Kyra,122255,753
Kyra,116674,211
Kyra,169452,909
Kyra,109964,482
Kyra,142411,580
Kyra,142478,60
Kyra,170335,247
Kyra,197275,131
Kyra,121038,792
Kyra,127906,708
Kyra,178165,682
Kyra,101053,460
Kyra,169330,618
Kyra,171312,704
Kyra,128035,158
Kyra,164373,84
Kyra,165356,260
Kyra,169726,940
Kyra,130041,810
Kyra,198845,156
Kyra,152276,979
Kyra,182500,206
Kyra,130368,715
Kyra,137094,62
Kyra,114621,97
Kyra,134195,913
Kyra,175117,303
Kyra,176475,642
Kyra,158515,2
Kyra,134846,871
Kyra,158659,803
Kyra,160682,611
Kyra,198485,318
Kyra,150828,933
Kyra,154474,304
Kyra,100585,301
Kyra,161592,165
Kyra,139300,245
Kyra,104053,644
Kyra,174198,622
Kyra,165876,556
Kyra,110683,403
Kyra,150697,657
Kyra,143277,53
Kyra,111857,289
Kyra,195559,676
Kyra,151229,206
Kyra,178595,855
Kyra,195132,529
Kyra,123662,51
Kyra,134909,410
Kyra,188974,169
Kyra,193886,637
Kyra,133731,188
Kyra,186201,217
Kyra,149224,58
Kyra,155762,598
Kyra,106526,915
Kyra,114415,557
Kyra,136203,569
Kyra,161016,90
Kyra,119532,524
Kyra,128090,686
Kyra,194973,301
Kyra,192354,125
Kyra,178086,733
Kyra,197919,79
Kyra,124575,105
Kyra,163889,653
Kyra,111672,550
Kyra,132194,105
Kyra,142285,611
Kyra,172312,767
Kyra,125552,664
Kyra,109331,610
Kyra,119017,482
Kyra,151366,299
Kyra,129657,682
Kyra,188623,104
Kyra,133054,567
Kyra,139604,322
Kyra,185077,490
Kyra,145818,140
Kyra,180137,54
Kyra,193964,871
Kyra,195336,403
Kyra,129258,40
Kyra,138684,80
Kyra,113826,97
Kyra,163722,315
Kyra,145577,171
Kyra,181953,373
Kyra,165851,909
Kyra,199318,304
Kyra,173169,825
Kyra,165646,850
Kyra,168044,812
Kyra,132703,224
Kyra,104590,91
Kyra,158826,422
Kyra,103633,296
Kyra,100278,220
Kyra,159221,920
Kyra,159307,734
Kyra,169775,761
Kyra,191437,997
Kyra,169649,857
Kyra,130955,812
Kyra,176573,617
Kyra,106908,549
Kyra,112842,711
Kyra,110133,937
Kyra,128050,193
Kyra,158334,589
Kyra,180239,855
Kyra,106396,299
Kyra,118936,487
Kyra,127744,711
Kyra,176385,209
Kyra,146249,120
Kyra,172759,568
Kyra,122472,493
Kyra,129339,103
Kyra,160305,323
Kyra,183236,513
Kyra,146274,699
Kyra,123046,353
Kyra,196360,118
Kyra,101308,40
Kyra,110309,136
Kyra,187389,213
Kyra,183494,725
Kyra,170562,830
Kyra,110929,567
Kyra,151774,829
Kyra,179855,186
Kyra,175125,372
Kyra,158016,632
Kyra,117825,326
Kyra,139664,345
Kyra,137031,488
Kyra,194724,451
Kyra,188898,506
Kyra,167999,635
Kyra,119581,621
Kyra,133963,645
Kyra,128486,210
Kyra,116604,435
Kyra,168919,75
Kyra,154267,910
Kyra,109225,697
Kyra,199981,719
Kyra,112161,992
Kyra,126485,424
Kyra,136971,312
Kyra,125671,918
Kyra,123501,697
Kyra,119210,717
Kyra,157296,825
Kyra,149387,227
Kyra,130061,536
Kyra,166131,674
Kyra,181473,162
Kyra,194000,371
Kyra,113346,351
Kyra,114493,546
Kyra,136165,105
Kyra,133556,566
Kyra,170287,444
Kyra,152854,498
Kyra,187325,244
Kyra,178044,500
Knox,166757,916
Knox,126704,855
Knox,124843,595
Knox,188833,552
Knox,166377,797
Knox,120197,168
Knox,107895,972
Knox,166101,47
Knox,157149,839
Knox,132685,426
Knox,185656,946
Knox,187551,367
Knox,191613,812
Knox,168174,637
Knox,199266,459
Knox,182387,730
Knox,184779,382
Knox,192189,789
Knox,146850,332
Knox,146829,886
Knox,181140,296
Knox,107066,56
Knox,102959,869
Knox,185404,115
Knox,139787,140
Knox,109919,72
Knox,155336,209
Knox,108540,299
Knox,192197,181
Knox,183097,909
Knox,112282,458
Knox,124726,166
Knox,170113,729
Knox,171338,801
Knox,154817,121
Knox,185091,537
Knox,132865,641
Knox,122628,961
Knox,163999,373
Knox,198160,242
Knox,147394,260
Knox,180453,268
Knox,130461,212
Knox,194806,134
Knox,142799,166
Knox,135933,494
Knox,133379,899
Knox,125428,667
Knox,106108,561
Knox,167198,834
Knox,110111,892
Knox,168869,141
Knox,118094,166
Knox,175855,952
Knox,197818,780
Knox,116128,247
Knox,140492,38
Knox,113555,181
Knox,104728,165
Knox,176744,912
Knox,182578,359
Knox,171084,352
Knox,130004,928
Knox,127439,511
Knox,171305,548
Knox,115598,461
Knox,122150,707
Knox,131809,713
Knox,125866,995
Knox,161928,546
Knox,107071,482
Knox,186997,77
Knox,130451,663
Knox,197227,857
Knox,113796,282
Knox,101503,527
Knox,156328,22
Knox,157173,629
Knox,167549,551
Knox,190628,484
Knox,124409,930
Knox,119061,252
Knox,183874,482
Knox,116114,712
Knox,147326,594
Knox,191721,151
Knox,132649,624
Knox,103454,148
Knox,122559,401
Knox,183394,80
Knox,157135,875
Knox,131319,682
Knox,133590,211
Knox,165978,636
Knox,170761,107
Knox,149669,679
Knox,133587,300
Knox,123380,736
Knox,170350,450
Knox,134864,153
Knox,163935,567
Knox,184218,848
Knox,129414,685
Knox,114506,235
Knox,143896,844
Knox,150574,930
Knox,158903,203
Knox,105360,67
Knox,182882,375
Knox,179818,548
Knox,192464,708
Knox,158048,145
Knox,137654,938
Knox,159949,662
Knox,101363,591
Knox,173439,993
Knox,171541,486
Knox,166763,261
Knox,198821,966
Knox,101509,116
Knox,107234,317
Knox,153029,585
Knox,150064,621
Knox,114570,279
Knox,187356,862
Knox,186519,238
Knox,163997,397
Knox,135488,839
Knox,124455,670
Knox,108731,550
Knox,121205,178
Knox,175063,801
Knox,184052,170
Knox,104542,540
Knox,132779,313
Knox,191383,137
Knox,113404,149
Knox,184910,71
Knox,189396,903
Knox,179011,798
Knox,148395,905
Knox,104365,731
Knox,100834,442
Knox,102435,157
Knox,104411,738
Knox,142486,380
Knox,146637,260
Knox,118053,52
Knox,136455,956
Knox,141158,960
Knox,151786,276
Knox,162846,90
Knox,148685,953
Knox,127766,232
Knox,102157,888
Knox,104569,734
Knox,185512,324
Knox,106588,87
Knox,108264,333
Knox,193440,653
Knox,127293,166
Knox,145778,580
Knox,118831,249
Knox,176146,114
Knox,138626,96
Knox,197310,60
Knox,194413,422
Knox,173358,49
Knox,138643,980
Knox,185230,345
Knox,125782,783
Knox,194244,132
Knox,178225,406
Knox,146577,575
Knox,129656,911
Knox,110031,501
Knox,167275,710
Knox,133146,623
Knox,159316,830
Knox,187369,801
Knox,126171,361
Knox,181341,876
Knox,112632,498
Knox,116775,396
Knox,150017,616
Knox,148693,635
Knox,164408,749
Knox,173332,186
Knox,120090,456
Knox,141821,387
Knox,115362,638
Knox,110512,442
Knox,152408,630
Knox,171617,667
Knox,113690,814
Knox,193764,803
Knox,112527,224
Knox,198028,716
Knox,118787,155
Knox,108418,434
Knox,131285,980
Knox,115510,397
Knox,156524,107
Knox,137779,317
Knox,192294,810
Knox,142574,913
Knox,149291,493
Knox,169685,28
Knox,120905,310
Knox,178414,809
Knox,130883,776
Knox,120546,336
Knox,133193,234
Knox,168810,226
Knox,196282,534
Knox,133490,233
Knox,125026,41
Knox,157334,228
Knox,135026,931
Knox,145036,20
Knox,142710,642
Knox,118261,626
Knox,164104,115
Knox,128196,940
Knox,112396,676
Knox,134966,303
Knox,144611,346
Knox,161562,733
Knox,123097,105
Knox,193050,240
Knox,135313,602
Knox,138175,517
Knox,162526,770
Knox,162352,531
Knox,146503,181
Knox,190563,859
Knox,186849,707
Knox,189624,497
Knox,158362,401
Knox,121070,322
Knox,198368,626
Knox,132593,177
Knox,197303,804
Knox,162795,411
Knox,189446,593
Knox,194150,91
Knox,168507,265
Knox,172730,890
Knox,108115,697
Knox,139313,121
Knox,171304,556
Knox,147033,495
Knox,199820,944
Knox,143405,805
Knox,111621,481
Knox,130321,892
Knox,108893,844
Knox,138248,993
Knox,177205,523
Knox,146636,256
Knox,156727,180
Knox,144371,537
Knox,110760,794
Knox,154769,321
Knox,187803,66
Knox,185497,119
Knox,125187,187
Knox,106473,846
Knox,141401,901
Knox,107219,307
Knox,149779,367
Knox,116589,659
Knox,179490,823
Knox,141648,209
Knox,146984,223
Knox,196888,550
Knox,115193,159
Knox,107523,70
Knox,118109,713
Knox,164440,5
Knox,166413,407
Knox,114938,176
Knox,120225,252
Knox,180058,462
Knox,127117,891
Knox,101957,496
Knox,195752,399
Knox,156691,325
Knox,104287,941
Knox,141936,635
Knox,151415,175
Knox,140281,376
Knox,154500,767
Knox,185687,484
Knox,127625,64
Knox,125195,555
Knox,145579,641
Knox,106517,62
Knox,187242,972
Knox,188303,666
Knox,194641,86
Knox,125226,10
Knox,176198,826
Knox,152120,886
Knox,192907,541
Knox,192816,910
Knox,175317,819
Knox,103994,401
Knox,199803,48
Knox,171344,183
Knox,101611,316
Knox,172332,438
Knox,121258,927
Knox,184638,257
Knox,178830,642
Knox,154577,428
Knox,156646,675
Knox,156221,202
Knox,109982,478
Knox,116923,273
Knox,129491,147
Knox,154802,670
Knox,103049,782
Knox,114999,106
Knox,111254,906
Knox,128350,97
Knox,111981,546
Knox,188646,883
Knox,144429,512
Knox,113638,148
Knox,147342,389
Knox,189115,727
Knox,132156,44
Knox,151886,163
Knox,175381,246
Knox,141411,647
Knox,165349,127
Knox,171185,455
Knox,137014,184
Knox,163259,456
Knox,158248,397
Knox,180643,928
Knox,189924,961
Knox,114141,284
Knox,130143,815
Knox,158167,777
Knox,111535,185
Knox,110648,967
Knox,172761,390
Knox,110628,646
Knox,168965,905
Knox,199171,184
Knox,189354,762
Knox,113862,139
Knox,185248,332
Knox,143637,283
Knox,184382,729
Knox,162956,1000
Knox,104889,117
Knox,149904,243
Knox,165796,589
Knox,160902,312
Knox,183191,237
Knox,108024,347
Knox,141729,624
Knox,190580,760
Knox,192295,692
Knox,184612,921
Knox,135984,543
Knox,185723,67
Knox,145404,608
Knox,179116,529
Knox,114430,208
Knox,166171,340
Knox,118003,53
Knox,172351,526
Knox,113320,235
Knox,162251,171
Knox,161086,934
Knox,174039,841
Knox,123194,535
Knox,186061,176
Knox,164108,957
Knox,180761,302
Knox,115616,947
Knox,155583,141
Knox,197598,361
Knox,167904,250
Knox,183335,949
Knox,198773,359
Knox,192426,377
Knox,133012,216
Knox,118666,637
Knox,132709,993
Knox,183778,666
Knox,122318,511
Knox,196066,648
Knox,145767,696
Knox,104272,467
Knox,170693,377
Knox,175638,477
Knox,133114,770
Knox,129338,397
Knox,179308,107
Knox,119225,247
Knox,160751,867
Knox,119147,769
Knox,136251,161
Knox,128617,205
Knox,156264,729
Knox,102072,580
Knox,192297,67
Knox,123772,830
Knox,165718,760
Knox,109333,852
Knox,157625,268
Knox,136479,221
Knox,171413,529
Knox,182219,261
Knox,163080,911
Knox,130364,934
Knox,165084,958
Knox,128193,46
Knox,146315,632
Knox,120392,71
Knox,112696,434
Knox,107233,92
Knox,199220,468
Knox,197281,538
Knox,175909,433
Knox,154186,407
Knox,114264,770
Knox,198924,229
Knox,129021,346
Knox,159643,203
Knox,182607,717
Knox,192619,40
Knox,175175,441
Knox,109661,579
Knox,143028,26
Knox,187600,700
Knox,121518,959
Knox,166513,70
Knox,157757,609
Knox,194267,351
Knox,157045,610
Knox,154183,991
Knox,142062,566
Knox,141935,884
Knox,138729,983
Knox,138640,338
Knox,163858,734
Knox,181264,7
Knox,193598,741
Knox,191291,907
Knox,114143,905
Knox,195609,194
Knox,173452,904
Knox,195169,995
Knox,155647,431
Knox,105788,994
Knox,140710,403
Knox,187639,849
Knox,143423,343
Knox,182947,304
Knox,123899,117
Knox,113026,719
Knox,143506,807
Knox,198672,347
Knox,126177,12
Knox,133973,346
Knox,119442,257
Knox,178026,230
Knox,113743,889
Knox,126796,299
Knox,152454,501
Knox,147965,521
Knox,101311,349
Knox,164599,952
Knox,130781,900
Knox,126349,219
Knox,192564,588
Knox,183038,921
Knox,128179,526
Knox,114492,895
Knox,164370,702
Knox,128455,905
Knox,145315,421
Knox,196105,421
Knox,153696,815
Knox,132844,263
Knox,102109,625
Knox,101804,498
Knox,143792,37
Knox,126189,2
Knox,161026,232
Knox,190716,427
Knox,130457,591
Knox,137452,614
Knox,142690,654
Knox,119232,250
Knox,100384,95
Knox,158460,27
Knox,189215,658
Knox,183056,13
Knox,174351,438
Knox,119782,444
Knox,131311,636
Knox,154810,286
Knox,152133,564
Knox,148673,675
Knox,100137,829
Knox,193023,338
Knox,145112,98
Knox,188935,92
Knox,172434,956
Knox,103243,381
Knox,189857,846
Knox,181149,714
Knox,156249,819
Knox,125704,546
Knox,108306,535
Knox,104890,287
Knox,113493,709
Knox,139538,924
Knox,145896,448
Knox,155285,210
Knox,197996,152
Knox,155994,682
Knox,115181,87
Knox,163634,190
Knox,126184,321
Knox,124530,942
Knox,155715,444
Knox,140959,930
Knox,145391,974
Knox,153022,100
Knox,138509,395
Knox,169767,39
Knox,130068,499
Knox,160355,293
Knox,135050,377
Knox,195892,879
Knox,113671,834
Knox,135474,367
Knox,165637,210
Knox,182227,494
Knox,127629,529
Knox,137163,551
Knox,141742,913
Knox,100920,859
Knox,167804,98
Knox,136409,983
Knox,140265,612
Knox,117987,767
Knox,154275,333
Knox,182613,739
Knox,129737,208
Knox,122830,527
Knox,145363,262
Knox,166966,693
Knox,108447,325
Knox,193962,188
Knox,176417,566
Knox,153723,258
Knox,171976,218
Knox,195458,172
Knox,129547,485
Knox,168618,145
Knox,122594,66
Knox,114135,60
Knox,132285,195
Knox,152247,277
Knox,125244,200
Knox,149238,708
Knox,152103,311
Knox,120518,869
Knox,127612,61
Knox,198991,830
Knox,135475,180
Knox,131152,10
Knox,160361,712
Knox,189828,48
Knox,188779,440
Knox,138678,548
Knox,119440,252
Knox,179338,415
Knox,199282,956
Knox,154733,837
Knox,144219,874
Knox,155840,257
Knox,168010,277
Knox,139417,58
Knox,126277,23
Knox,181217,829
Knox,128681,351
Knox,131014,828
Knox,167423,271
Knox,110507,501
Knox,136009,740
Knox,188423,944
Knox,126916,633
Knox,109041,823
Knox,131415,833
Knox,169009,572
Knox,193995,123
Knox,167070,805
Knox,156416,303
Knox,137892,493
Knox,182318,435
Knox,159229,465
Knox,141589,65
Knox,126359,438
Knox,108849,209
Knox,143188,378
Knox,158714,813
Knox,116047,456
Knox,189488,399
Knox,160161,328
Knox,119741,435
Knox,135350,594
Knox,159539,740
Knox,161865,828
Knox,194014,981
Knox,109575,855
Knox,169377,124
Knox,192047,264
Knox,186281,454
Knox,171953,958
Knox,187565,675
Knox,145238,481
Knox,162646,869
Knox,178951,365
Knox,111803,590
Knox,152908,851
Knox,167855,88
Knox,136517,544
Knox,173665,700
Knox,124627,874
Knox,179689,48
Knox,162190,725
Knox,131723,787
Knox,193434,828
Knox,174924,967
Knox,139600,934
Knox,160574,227
Knox,171011,490
Knox,156080,519
Knox,164216,569
Knox,137147,971
Knox,169142,927
Knox,136080,800
Knox,195764,265
Knox,165085,193
Knox,106897,496
Knox,116423,47
Knox,178427,663
Knox,118646,946
Knox,168496,581
Knox,156191,182
Knox,152833,595
Knox,137074,100
Knox,195085,93
Knox,104627,969
Knox,180352,723
Knox,162400,290
Knox,165430,445
Knox,175925,401
Knox,125485,633
Knox,180842,458
Knox,165713,906
Knox,108718,560
Knox,153770,145
Knox,112821,115
Knox,188469,818
Knox,118560,468
Knox,196841,329
Knox,140236,105
Knox,100213,780
Knox,196761,818
Knox,101055,110
Knox,176227,203
Knox,137936,894
Knox,179301,736
Knox,190505,36
Knox,170678,110
Knox,120687,471
Knox,156569,250
Knox,197769,281
Knox,124080,770
Knox,173647,12
Knox,171448,244
Knox,127401,524
Knox,150576,261
Knox,126165,429
Knox,189702,851
Knox,160619,417
Knox,148496,771
Knox,148713,693
Knox,103277,278
Knox,157401,603
Knox,133481,368
Knox,126848,774
Knox,127170,994
Knox,173308,49
Knox,184226,161
Knox,188470,42
Knox,169838,703
Knox,116134,845
Knox,133101,708
Knox,145808,630
Knox,106874,979
Knox,143154,593
Knox,198885,520
Knox,148464,137
Knox,115205,46
Knox,140676,647
Knox,174708,188
Knox,142016,642
Knox,146196,561
Knox,156761,762
Knox,131055,901
Knox,111759,228
Knox,154970,78
Knox,199766,104
Knox,180678,355
Knox,112160,0
Knox,192031,672
Knox,121355,985
Knox,182661,77
Knox,158200,89
Knox,141437,89
Knox,180922,725
Knox,103870,47
Knox,110129,92
Knox,185618,415
Knox,140845,537
Knox,116796,443
Knox,198376,79
Knox,129209,174
Knox,138272,692
Knox,171500,246
Knox,118789,202
Knox,192514,889
Knox,180313,380
Knox,106524,803
Knox,161633,613
Knox,108424,501
Knox,112319,377
Knox,187493,629
Knox,114428,746
Knox,168503,389
Knox,130742,695
Knox,185488,658
Knox,114469,47
Knox,103339,20
Knox,103318,895
Knox,130893,853
Knox,128437,717
Knox,100655,604
Knox,151160,270
Knox,115054,436
Knox,176834,635
Knox,111356,808
Knox,158527,110
Knox,127620,841
Knox,147359,40
Knox,125863,426
Knox,138492,48
Knox,151291,588
Knox,178443,464
Knox,146719,18
Knox,178103,15
Knox,171535,387
Knox,196879,884
Knox,151128,602
Knox,104990,171
Knox,194920,889
Knox,151983,712
Knox,122770,412
Knox,194646,852
Knox,141212,492
Knox,118531,352
Knox,191601,543
Knox,121657,688
Knox,199297,580
Knox,166250,154
Knox,160235,503
Knox,104194,213
Knox,109030,900
Knox,193776,249
Knox,102641,873
Knox,170224,561
Knox,149759,951
Knox,121771,667
Knox,182106,154
Knox,175614,966
Knox,175156,310
Knox,107792,804
Knox,160470,348
Knox,180038,579
Knox,131182,676
Knox,154571,964
Knox,139892,267
Knox,100131,874
Knox,160663,116
Knox,183479,107
Knox,195324,173
Knox,122357,66
Knox,165601,47
Knox,145568,125
Knox,182992,174
Knox,164575,797
Knox,156419,310
Knox,102699,174
Knox,154253,392
Knox,192037,408
Knox,183377,750
Knox,192508,66
Knox,192479,647
Knox,101301,934
Knox,112463,17
Knox,182659,694
Knox,132371,283
Knox,116439,880
Knox,138011,817
Knox,122442,255
Knox,173813,206
Knox,186091,861
Knox,174240,930
Knox,197230,651
Knox,107077,78
Knox,145284,696
Knox,145392,76
Knox,150571,580
Knox,129868,717
Knox,109203,227
Knox,146750,249
Knox,116695,625
Knox,168279,81
Knox,185076,618
Knox,192811,341
Knox,116076,469
Knox,128694,39
Knox,147569,629
Knox,115667,41
Knox,161390,15
Knox,125012,593
Knox,134674,726
Knox,150501,821
Knox,105370,832
Knox,118848,687
Knox,109613,989
Knox,195178,852
Knox,141111,366
Knox,195937,836
Knox,110177,82
Knox,139173,437
Knox,159403,575
Knox,140343,865
Knox,109130,286
Knox,108275,920
Knox,130155,451
Knox,113124,21
Knox,191522,391
Knox,122872,892
Knox,172722,545
Knox,128382,509
Knox,130381,221
Knox,119832,133
Knox,189091,384
Knox,115886,913
Knox,138473,804
Knox,109898,625
Knox,157559,809
Knox,169300,955
Knox,136831,717
Knox,199356,314
Knox,147735,71
Knox,150195,606
Knox,109596,374
Knox,102124,882
Knox,183846,146
Knox,176362,654
Knox,103141,8
Knox,172410,163
Knox,169851,671
Knox,130554,179
Knox,190445,229
Knox,104436,734
Knox,100038,858
Knox,122927,414
Knox,196038,840
Knox,107129,30
Knox,102247,675
Knox,161001,665
Knox,107379,687
Knox,177246,669
Knox,151922,855
Knox,162908,598
Knox,193911,457
Knox,110014,863
Knox,122513,914
Knox,165409,42
Knox,181827,942
Knox,189266,322
Knox,170039,628
Knox,189104,862
Knox,109376,160
Knox,162430,755
Knox,135873,213
Knox,137692,808
Knox,115096,419
Knox,195951,342
Knox,195295,944
Knox,102560,848
Knox,145413,387
Knox,143833,289
Knox,146873,857
Knox,114026,274
Knox,104695,986
Knox,136840,436
Knox,181329,701
Knox,166976,345
Knox,128922,345
Knox,141221,325
Knox,185877,290
Knox,143099,567
Knox,187489,677
Knox,162181,683
Knox,123954,228
Knox,199489,282
Knox,196824,309
Knox,166189,914
Knox,161646,989
Knox,185837,484
Knox,135447,788
Knox,120778,42
Knox,164449,507
Knox,136518,454
Knox,182194,956
Knox,179736,108
Knox,194867,529
Knox,176505,995
Knox,137080,852
Knox,133133,575
Knox,158992,97
Knox,167042,500
Knox,127237,258
Knox,176760,466
Knox,117073,251
Knox,137445,573
Knox,140532,906
Knox,193726,815
Knox,134520,895
Knox,132440,846
Knox,135524,705
Knox,136303,153
Knox,153791,742
Knox,182915,985
Knox,186784,524
Knox,100205,62
Knox,128673,545
Knox,132268,234
Knox,152500,768
Knox,191815,588
Knox,198144,41
Knox,102067,487
Knox,110068,340
Knox,105283,399
Knox,152623,354
Knox,131369,438
Knox,189565,13
Knox,165529,337
Knox,169317,442
Knox,101987,853
Knox,125738,555
Knox,110894,706
Knox,154869,431
Knox,185284,180
Knox,156703,898
Knox,112984,495
Knox,181087,913
Knox,151524,599
Knox,148942,810
Knox,151516,179
Knox,125182,978
Knox,147336,382
Knox,186211,55
Knox,159934,771
Knox,104611,736
Knox,156719,950
Knox,119078,483
Knox,119418,379
Knox,190039,3
Knox,188825,481
Knox,148195,641
Knox,128563,776
Knox,196317,369
Knox,114005,281
Knox,152834,284
Knox,128719,535
Knox,101210,136
Knox,178397,272
Knox,177597,857
Knox,102582,262
Knox,115776,236
Knox,132752,317
Knox,160199,325
Knox,154664,87
Knox,123529,553
Knox,190306,535
Knox,187971,438
Knox,128286,311
Knox,114137,79
Knox,164259,479
Knox,194529,144
Knox,153721,996
Knox,175848,720
Knox,152154,682
Knox,124707,25
Knox,150865,81
Knox,196291,324
Knox,116558,569
Knox,142846,360
Knox,113722,638
Knox,149506,884
Knox,142602,625
Knox,148874,634
Knox,198976,664
Knox,115546,54
Knox,147239,343
Knox,155946,658
Knox,196730,322
Knox,182939,457
Knox,186325,722
Knox,120765,473
Knox,125278,998
Knox,103239,913
Knox,170639,727
Knox,150198,240
Knox,193645,936
Knox,167250,293
Knox,117356,301
Knox,134222,760
Knox,159552,482
Knox,135101,334
Knox,151487,239
Knox,187893,879
Knox,154054,679
Knox,193421,313
Knox,180006,510
Knox,187051,422
Knox,144393,314
Knox,126901,313
Knox,174150,263
Knox,155934,50
Knox,185812,364
Knox,186829,380
Knox,117414,570
Knox,141247,839
Knox,113092,234
Knox,140038,754
Knox,105297,31
Knox,182733,679
Knox,191957,625
Knox,110796,752
Knox,146238,632
Knox,130735,552
Knox,168307,874
Knox,168195,288
Knox,149449,124
Knox,142067,840
Knox,181150,420
Knox,135329,990
Knox,124586,899
Knox,117162,424
Knox,143253,259
Knox,125192,235
Knox,149498,802
Knox,106937,329
Knox,134125,971
Knox,136624,351
Knox,101744,739
Knox,155498,883
Knox,137400,905
Knox,113367,394
Knox,160911,180
Knox,170726,42
Knox,138738,984
Knox,128450,514
Knox,134944,637
Knox,114567,245
Knox,187238,454
Knox,173671,738
Knox,118343,430
Knox,158768,496
Knox,105412,140
Knox,100245,238
Knox,154335,573
Knox,131951,461
Knox,137894,417
Knox,191644,182
Knox,116263,637
Knox,142485,265
Knox,114256,183
Knox,195452,215
Knox,115396,961
Knox,187000,187
Knox,120752,448
Knox,144036,780
Knox,189100,667
Knox,182405,854
Knox,164317,478
Knox,102822,59
Knox,109444,830
Knox,126050,99
Knox,128063,194
Knox,127577,326
Knox,178229,714
Knox,113772,947
Knox,123514,103
Knox,159001,796
Knox,108293,425
Knox,142913,919
Knox,120224,434
Knox,152404,866
Knox,151634,574
Knox,143924,206
Knox,171095,683
Knox,135859,578
Knox,107256,667
Knox,173351,143
Knox,104434,569
Knox,179603,388
Knox,137244,294
Knox,121430,934
Knox,123170,402
Knox,169355,203
Knox,177757,108
Knox,126688,795
Knox,134229,70
Knox,162534,207
Knox,163828,862
Knox,132110,686
Knox,166900,757
Knox,191642,981
Knox,134484,870
Knox,164888,115
Knox,124640,230
Knox,165208,613
Knox,134284,895
Knox,159733,8
Knox,182681,513
Knox,164026,769
Knox,151648,783
Knox,172058,314
Knox,121524,869
Knox,161716,182
Knox,155566,243
Knox,101309,928
Knox,184895,255
Knox,157707,600
Knox,152624,344
Knox,156089,182
Knox,125264,918
Knox,191342,818
Knox,102838,587
Knox,139104,798
Knox,188904,15
Knox,182366,78
Knox,173944,978
Knox,129147,953
Knox,163929,720
Knox,142276,738
Knox,124124,47
Knox,123139,532
Knox,167294,640
Knox,171653,907
Knox,138774,945
Knox,160184,826
Knox,126964,940
Knox,187280,863
Knox,180402,880
Knox,155985,456
Knox,128525,691
Knox,125984,271
Knox,187265,111
Knox,152332,601
Knox,167791,655
Knox,117816,480
Knox,176137,331
Knox,196606,90
Knox,109622,937
Knox,117606,547
Knox,173150,45
Knox,194544,124
Knox,150116,479
Knox,192223,223
Knox,148375,665
Knox,153038,763
Knox,112163,404
Knox,153473,870
Knox,196566,296
Knox,101890,210
Knox,147168,530
Knox,194424,138
Knox,147592,828
Knox,101352,387
Knox,130812,324
Knox,110973,249
Knox,185047,277
Knox,197002,95
Knox,196366,923
Knox,143359,92
Knox,158337,714
Knox,159761,242
Knox,158242,180
Knox,142170,428
Knox,158732,392
Knox,156423,396
Knox,118487,276
Knox,139837,709
Knox,119801,837
Knox,186700,744
Knox,103151,292
Knox,197495,596
Knox,180994,226
Knox,171536,695
Knox,119299,55
Knox,119015,21
Knox,176896,875
Knox,187660,427
Knox,195894,214
Knox,121699,99
Knox,121125,606
Knox,187827,826
Knox,197947,740
Knox,111154,593
Knox,101771,524
Knox,127834,504
Knox,170211,101
Knox,172096,757
Knox,161648,550
Knox,122661,889
Knox,190441,314
Knox,111235,985
Knox,172990,540
Knox,115252,636
Knox,130442,937
Knox,174900,336
Knox,179398,199
Knox,196756,8
Knox,101083,768
Knox,107569,59
Knox,102661,809
Knox,127337,687
Knox,134733,248
Knox,158027,305
Knox,184205,314
Knox,159983,680
Knox,104790,171
Knox,148890,13
Knox,119781,449
Knox,138761,358
Knox,144404,975
Knox,118561,882
Knox,107594,422
Knox,143987,996
Knox,111517,376
Knox,149818,109
Knox,122345,345
Knox,192679,234
Knox,193897,155
Knox,173365,305
Knox,164912,164
Knox,194063,192
Knox,181428,624
Knox,167467,759
Knox,163518,74
Knox,104994,900
Knox,106918,726
Knox,116723,582
Knox,164468,827
Knox,196356,934
Knox,141989,573
Knox,118471,41
Knox,199676,720
Knox,170276,331
Knox,161263,255
Knox,111006,670
Knox,142114,718
Knox,141042,646
Knox,115648,534
Knox,107758,506
Knox,174655,164
Knox,178338,531
Knox,192034,763
Knox,169299,569
Knox,137391,847
Knox,121106,166
Knox,178935,647
Knox,132424,71
Knox,192591,310
Knox,137896,904
Knox,168300,891
Knox,135767,146
Knox,155161,646
Knox,190993,90
Knox,183545,904
Knox,117945,333
Knox,174799,862
Knox,125104,353
Knox,168966,452
Knox,170749,205
Knox,164063,389
Knox,160730,530
Knox,116196,320
Knox,105881,791
Knox,188480,661
Knox,119030,711
Knox,176226,256
Knox,132364,529
Knox,156741,320
Knox,161286,304
Knox,131081,166
Knox,185841,411
Knox,134754,705
Knox,105556,361
Knox,162459,606
Knox,170760,475
Knox,100559,348
Knox,160347,387
Knox,138079,165
Knox,152915,238
Knox,127200,774
Knox,161409,765
Knox,197433,975
Knox,195021,942
Knox,151689,321
Knox,115214,257
Knox,132293,475
Knox,195125,553
Knox,152853,455
Knox,150725,492
Knox,143297,963
Knox,162596,316
Knox,190385,506
Knox,118759,430
Knox,187381,163
Knox,197097,897
Knox,164045,881
Knox,110565,338
Knox,117744,931
Knox,112454,303
Knox,162800,449
Knox,188055,323
Knox,107426,281
Knox,161461,49
Knox,106934,309
Knox,197682,376
Knox,108518,121
Knox,138780,494
Knox,145807,177
Knox,172183,483
Knox,177118,742
Knox,169245,900
Knox,195440,145
Knox,171490,740
Knox,109109,436
Knox,184950,200
Knox,111514,556
Knox,185241,624
Knox,164967,190
Knox,172718,496
Knox,107568,780
Knox,152538,725
Knox,155682,485
Knox,142501,678
Knox,197421,772
Knox,135040,811
Knox,130852,190
Knox,149539,260
Knox,108521,998
Knox,137467,967
Knox,165969,592
Knox,168736,663
Knox,122912,576
Knox,127644,319
Knox,181671,713
Knox,194830,783
Knox,101819,766
Knox,171477,802
Knox,176880,399
Knox,100664,692
Knox,153945,949
Knox,121917,334
Knox,117804,646
Knox,129816,278
Knox,160308,942
Knox,161173,676
Knox,106947,767
Knox,169426,639
Knox,153081,191
Knox,174147,161
Knox,123305,212
Knox,131180,351
Knox,117937,273
Knox,149873,115
Knox,191069,543
Knox,197790,624
Knox,144323,773
Knox,196700,914
Knox,178273,292
Knox,160024,134
Knox,150660,897
Knox,156339,504
Knox,101614,156
Knox,102174,824
Knox,164783,189
Knox,168429,377
Knox,113499,958
Knox,171927,681
Knox,182634,769
Knox,121047,406
Knox,197718,973
Knox,171080,913
Knox,168335,640
Knox,194119,830
Knox,174577,938
Knox,151491,687
Knox,149078,225
Knox,179524,714
Knox,187448,104
Knox,165152,836
Knox,101463,941
Knox,188333,990
Knox,109173,475
Knox,123384,750
Knox,171471,400
Knox,117406,635
Knox,182637,546
Knox,196697,474
Knox,112409,313
Knox,139042,211
Knox,192672,629
Knox,129990,327
Knox,176340,82
Knox,148305,419
Knox,142958,585
Knox,128226,640
Knox,190856,160
Knox,159728,458
Knox,148335,456
Knox,182868,983
Knox,144598,245
Knox,176646,305
Knox,184578,484
Knox,181232,20
Knox,190160,693
Knox,168154,879
Knox,153451,81
Knox,180081,461
Knox,102091,631
Knox,131267,960
Knox,181146,209
Knox,118826,150
Knox,141157,563
Knox,198971,744
Knox,163604,956
Knox,152800,784
Knox,127091,127
Knox,112691,21
Knox,136331,750
Knox,184957,313
Knox,168623,172
Knox,192636,788
Knox,158066,157
Knox,105242,806
Knox,125592,505
Knox,151097,386
Knox,161150,734
Knox,111359,20
Knox,177536,200
Knox,111551,178
Knox,115488,378
Knox,133789,860
Knox,148546,301
Knox,168006,189
Knox,163030,896
Knox,119486,771
Knox,109224,531
Knox,120767,667
Knox,103563,402
Knox,177491,100
Knox,140683,124
Knox,150082,333
Knox,106989,37
Knox,126422,737
Knox,113019,496
Knox,113150,768
Knox,113597,942
Knox,149236,951
Knox,114086,545
Knox,136931,936
Knox,124524,875
Knox,191949,585
Knox,116016,117
Knox,148846,496
Knox,149056,794
Knox,113325,84
Knox,141141,478
Knox,124511,328
Knox,138721,741
Knox,167861,132
Knox,147962,42
Knox,171294,699
Knox,185923,850
Knox,137424,464
Knox,107078,879
Knox,151529,746
Knox,117967,346
Knox,138460,187
Knox,157112,340
Knox,113898,417
Knox,119743,547
Knox,126817,289
Knox,166396,92
Knox,105017,836
Knox,189493,666
Knox,125856,395
Knox,110932,145
Knox,195866,871
Knox,114090,831
Knox,157920,888
Knox,115653,123
Knox,165707,801
Knox,196373,122
Knox,140484,233
Knox,185925,168
Knox,130724,899
Knox,173827,21
Knox,184482,310
Knox,178654,708
Knox,183304,128
Knox,110228,746
Knox,155069,0
Knox,139122,212
Knox,128882,928
Knox,112013,192
Knox,168716,300
Knox,172617,104
Knox,172500,101
Knox,183270,9
Knox,163052,92
Knox,190076,91
Knox,169365,773
Knox,142871,634
Knox,144544,954
Knox,107611,452
Knox,101824,120
Knox,132605,343
Knox,116992,516
Knox,181063,864
Knox,106788,152
Knox,188601,493
Knox,108441,733
Knox,102014,930
Knox,196925,236
Knox,130943,17
Knox,196919,824
Knox,178692,807
Knox,100584,862
Knox,103439,929
Knox,140259,292
Knox,113859,106
Knox,126787,595
Knox,195534,304
Knox,174919,82
Knox,174761,869
Knox,194486,390
Knox,148169,985
Knox,189458,400
Knox,180868,295
Knox,164519,976
Knox,149612,626
Knox,169622,542
Knox,142792,741
Knox,121266,122
Knox,126521,840
Knox,132151,923
Knox,139739,819
Knox,145379,745
Knox,113585,515
Knox,138773,723
Knox,120551,878
Knox,147238,279
Knox,137921,531
Knox,121115,334
Knox,161206,748
Knox,168049,903
Knox,171128,381
Knox,165252,36
Knox,181801,791
Knox,181541,851
Knox,157391,486
Knox,130325,629
Knox,191585,156
Knox,191698,233
Knox,106898,943
Knox,153757,88
Knox,160087,580
Knox,127173,338
Knox,189928,220
Knox,150174,261
Knox,170696,960
Knox,165800,752
Knox,148771,868
Knox,106307,863
Knox,108063,259
Knox,162735,203
Knox,189597,133
Knox,197734,521
Knox,147098,167
Knox,198396,407
Knox,137660,995
Knox,117556,338
Knox,189383,177
Knox,185516,429
Knox,175870,393
Knox,139495,634
Knox,146171,636
Knox,178231,160
Knox,130746,585
Knox,186544,285
Knox,190461,454
Knox,139582,405
Knox,115026,856
Knox,128573,90
Knox,100053,553
Knox,183092,696
Knox,189478,53
Knox,169992,401
Knox,167933,903
Knox,186844,292
Knox,168251,621
Knox,166622,544
Knox,101279,714
Knox,109659,727
Knox,131468,72
Knox,128381,512
Knox,189434,556
Knox,100029,975
Knox,184317,7
Knox,167865,371
Knox,142862,47
Knox,169889,809
Knox,105208,260
Knox,129153,728
Knox,143061,689
Knox,108748,235
Knox,152312,888
Knox,156426,574
Knox,183303,370
Knox,138585,943
Knox,141599,954
Knox,126781,119
Knox,197664,108
Knox,108714,8
Knox,159087,822
Knox,121416,522
Knox,183352,414
Knox,175042,160
Knox,141083,57
Knox,106265,767
Knox,151657,201
Knox,171032,579
Knox,148628,193
Knox,101773,174
Knox,134162,980
Knox,155724,445
Knox,199659,197
Knox,121077,660
Knox,150779,974
Knox,183728,605
Knox,104178,767
Knox,105687,20
Knox,188286,907
Knox,124154,917
Knox,151108,128
Knox,161611,39
Knox,169413,781
Knox,133870,426
Knox,121206,833
Knox,105952,70
Knox,112176,98
Knox,166695,985
Knox,120494,858
Knox,187141,965
Knox,112016,875
Knox,125502,399
Knox,130491,343
Knox,196084,693
Knox,196892,746
Knox,159143,284
Knox,176825,132
Knox,111195,274
Knox,148185,238
Knox,191959,471
Knox,104150,221
Knox,137353,151
Knox,138416,913
Knox,136442,711
Knox,118503,969
Knox,105365,648
Knox,155827,937
Knox,191750,965
Knox,150328,78
Knox,153689,804
Knox,188572,121
Knox,129741,576
Knox,127893,393
Knox,107530,177
Knox,164450,852
Knox,142270,984
Knox,119720,161
Knox,186283,90
Knox,122061,519
Knox,157569,37
Knox,105631,857
Knox,159103,769
Knox,182534,997
Knox,105893,771
Knox,111046,961
Knox,101489,757
Knox,124700,194
Knox,185842,577
Knox,166323,660
Knox,107316,853
Knox,121643,756
Knox,138001,267
Knox,124942,105
Knox,186614,227
Knox,148530,131
Knox,181138,938
Knox,157321,385
Knox,157957,923
Knox,123936,776
Knox,186128,632
Knox,177229,440
Knox,141048,958
Knox,147666,916
Knox,168148,971
Knox,171742,673
Knox,126865,564
Knox,157619,421
Knox,125437,116
Knox,176086,632
Knox,159177,570
Knox,126405,868
Knox,190028,15
Knox,112902,736
Knox,187832,279
Knox,146871,168
Knox,139085,782
Knox,148710,292
Knox,129788,226
Knox,139619,448
Knox,146489,938
Knox,178195,788
Knox,155923,807
Knox,199975,464
Knox,138554,788
Knox,186692,799
Knox,175527,533
Knox,127702,115
Knox,198440,736
Knox,176425,808
Knox,147806,847
Knox,149540,474
Knox,108942,555
Knox,137281,525
Knox,113728,9
Knox,148508,455
Knox,144078,922
Knox,199691,871
Knox,179977,120
Knox,186300,513
Knox,162500,850
Knox,168549,833
Knox,181700,581
Knox,185189,694
Knox,135260,264
Knox,194384,7
Knox,145189,848
Knox,152621,730
Knox,124986,136
Knox,154156,140
Knox,159415,241
Knox,117238,735
Knox,134134,479
Knox,189136,687
Knox,110740,75
Knox,151077,810
Knox,195375,199
Knox,115556,26
Knox,118100,39
Knox,153648,396
Knox,142272,418
Knox,179426,295
Knox,178957,124
Knox,152637,494
Knox,107094,352
Knox,187929,275
Knox,167858,499
Knox,186214,400
Knox,192127,817
Knox,151475,589
Knox,133666,276
Knox,128184,237
Knox,130982,996
Knox,185531,640
Knox,140283,933
Knox,191885,958
Knox,126586,703
Knox,135543,474
Knox,141523,652
Knox,169480,612
Knox,159399,879
Knox,107292,820
Knox,140458,558
Knox,149054,80
Knox,118333,956
Knox,151416,527
Knox,149513,913
Knox,139592,873
Knox,155156,590
Knox,118737,648
Knox,116657,479
Knox,177293,972
Knox,155012,524
Knox,159564,248
Knox,145680,68
Knox,172041,329
Knox,150594,0
Knox,134336,648
Knox,106411,224
Knox,181539,560
Knox,110508,251
Knox,119549,398
Knox,160321,115
Knox,106215,506
Knox,177971,296
Knox,118755,971
Knox,177421,895
Knox,154612,875
Knox,173571,464
Knox,138655,534
Knox,173304,525
Knox,168056,970
Knox,150650,366
Knox,175420,896
Knox,192885,518
Knox,169339,781
Knox,116615,206
Knox,185602,59
Knox,104509,912
Knox,122045,457
Knox,191513,137
Knox,197720,257
Knox,180914,634
Knox,102202,543
Knox,169116,712
Knox,151885,848
Knox,100618,466
Knox,154071,589
Knox,189194,110
Knox,189421,172
Knox,109920,16
Knox,191541,440
Knox,115013,527
Knox,120050,35
Knox,166212,728
Knox,105523,650
Knox,188392,65
Knox,105386,628
Knox,184925,638
Knox,139251,778
Knox,108397,201
Knox,102726,389
Knox,128485,160
Knox,168984,102
Knox,140329,656
Knox,163436,767
Knox,106848,538
Knox,168806,392
Knox,109645,715
Knox,116374,912
Knox,112429,255
Knox,159238,322
Knox,106310,376
Knox,109182,769
Knox,186428,364
Knox,125258,26
Knox,109878,428
Knox,154933,369
Knox,165573,993
Knox,141916,577
Knox,135345,846
Knox,160849,268
Knox,100695,816
Knox,132858,954
Knox,187403,159
Knox,135596,839
Knox,150673,941
Knox,190600,461
Knox,100761,169
Knox,103658,241
Knox,115514,87
Knox,167145,647
Knox,111230,657
Knox,195979,183
Knox,112379,393
Knox,164673,521
Knox,154815,4
Knox,113565,90
Knox,129141,812
Knox,153003,326
Knox,138237,646
Knox,190078,412
Knox,127152,458
Knox,177850,57
Knox,176135,575
Knox,174754,516
Knox,164993,216
Knox,136136,387
Knox,119978,825
Knox,122336,11
Knox,129758,988
Knox,172657,417
Knox,127831,39
Knox,171306,64
Knox,136816,165
Knox,158199,702
Knox,136603,977
Knox,196074,587
Knox,180445,746
Knox,161211,899
Knox,143428,285
Knox,129180,468
Knox,191328,771
Knox,118792,603
Knox,182544,595
Knox,182569,625
Knox,117359,500
Knox,136290,579
Knox,157901,51
Knox,146120,336
Knox,103856,321
Knox,139320,68
Knox,143191,669
Knox,101862,85
Knox,155978,470
Knox,142481,205
Knox,191156,337
Knox,150954,897
Knox,119575,913
Knox,103963,7
Knox,193667,532
Knox,151769,97
Knox,194294,248
Knox,181290,604
Knox,182066,129
Knox,142811,883
Knox,176713,891
Knox,187474,851
Knox,142771,475
Knox,150159,870
Knox,151306,805
Knox,154812,213
Knox,182046,890
Knox,131150,579
Knox,126944,473
Knox,112547,895
Knox,148411,850
Knox,104264,435
Knox,132037,568
Knox,125998,342
Knox,157197,174
Knox,181396,319
Knox,105304,732
Knox,176364,98
Knox,152101,553
Knox,129005,96
Knox,160127,93
Knox,131891,738
Knox,115627,285
Knox,162644,945
Knox,173964,206
Knox,179321,846
Knox,182685,940
Knox,129541,703
Knox,151559,961
Kitra,135398,464
Kitra,175992,465
Kitra,171861,884
Kitra,100581,639
Kitra,156855,942
Kitra,194665,715
Kitra,101241,332
Kitra,142817,700
Kitra,162950,904
Kitra,153315,668
Kitra,163727,943
Kitra,187469,12
Kitra,110809,137
Kitra,112851,42
Kitra,142637,571
Kitra,133548,833
Kitra,184712,801
Kitra,114904,830
Kitra,196810,142
Kitra,104856,728
Kitra,107926,733
Kitra,139465,744
Kitra,146228,237
Kitra,100168,912
Kitra,143903,851
Kitra,118753,260
Kitra,197383,66
Kitra,104220,242
Kitra,131156,470
Kitra,136148,734
Kitra,109235,752
Kitra,139381,823
Kitra,155755,100
Kitra,164583,700
Kitra,119178,382
Kitra,130246,968
Kitra,139745,837
Kitra,110700,123
Kitra,121530,761
Kitra,141809,16
Kitra,145187,425
Kitra,131738,761
Kitra,158801,330
Kitra,140839,921
Kitra,177821,435
Kitra,113033,883
Kitra,110230,918
Kitra,121929,664
Kitra,148499,22
Kitra,115786,56
Kitra,157129,48
Kitra,117223,76
Kitra,145325,725
Kitra,132738,35
Kitra,171880,733
Kitra,199337,326
Kitra,157482,904
Kitra,145631,774
Kitra,159248,54
Kitra,130739,423
Kitra,195039,877
Kitra,117045,737
Kitra,136093,814
Kitra,142538,700
Kitra,150052,940
Kitra,106154,446
Kitra,138819,514
Kitra,151135,87
Kitra,166577,790
Kitra,156564,930
Kitra,178477,85
Kitra,170612,56
Kitra,115073,77
Kitra,198552,48
Kitra,102539,819
Kitra,197392,348
Kitra,187228,412
Kitra,163864,818
Kitra,116035,668
Kitra,116460,115
Kitra,139090,806
Kitra,108814,619
Kitra,171111,580
Kitra,148477,742
Kitra,139880,346
Kitra,183429,297
Kitra,176383,66
Kitra,146039,967
Kitra,129856,784
Kitra,108176,167
Kitra,122929,826
Kitra,162395,874
Kitra,117060,18
Kitra,195878,777
Kitra,147621,297
Kitra,153477,821
Kitra,127336,660
Kitra,177753,443
Kitra,185759,233
Kitra,185340,43
Kitra,184223,847
Kitra,173876,632
Kitra,178040,118
Kitra,144803,84
Kitra,122445,432
Kitra,177377,673
Kitra,145553,220
Kitra,180406,243
Kitra,107578,510
Kitra,146168,744
Kitra,119869,347
Kitra,168608,812
Kitra,175412,428
Kitra,168596,332
Kitra,177272,876
Kitra,152720,434
Kitra,179637,127
Kitra,182015,203
Kitra,181651,275
Kitra,108866,291
Kitra,140705,518
Kitra,151929,232
Kitra,179351,3
Kitra,181574,362
Kitra,155913,225
Kitra,178399,742
Kitra,165361,914
Kitra,175600,223
Kitra,128187,960
Kitra,130822,818
Kitra,140100,695
Kitra,143310,287
Kitra,149283,491
Kitra,146623,584
Kitra,192586,36
Kitra,166324,385
Kitra,159018,136
Kitra,122515,641
Kitra,187833,798
Kitra,123506,726
Kitra,123472,979
Kitra,197848,460
Kitra,197116,764
Kitra,125214,976
Kitra,129168,884
Kitra,155605,149
Kitra,166426,322
Kitra,138215,656
Kitra,130141,648
Kitra,167610,968
Kitra,178876,116
Kitra,101317,670
Kitra,128423,798
Kitra,169524,677
Kitra,138588,531
Kitra,151546,646
Kitra,187848,231
Kitra,131416,179
Kitra,133209,824
Kitra,141413,266
Kitra,134094,134
Kitra,165342,320
Kitra,194049,701
Kitra,117951,763
Kitra,182967,794
Kitra,120134,119
Kitra,170806,538
Kitra,113554,93
Kitra,103568,234
Kitra,100938,261
Kitra,179696,365
Kitra,146693,737
Kitra,110436,711
Kitra,196954,219
Kitra,199045,908
Kitra,172636,961
Kitra,121628,964
Kitra,153645,261
Kitra,105808,261
Kitra,154010,810
Kitra,171888,216
Kitra,141050,900
Kitra,123884,925
Kitra,135840,845
Kitra,150639,405
Kitra,166586,815
Kitra,150043,927
Kitra,125231,766
Kitra,112854,548
Kitra,147767,915
Kitra,161078,833
Kitra,130085,434
Kitra,113233,0
Kitra,188378,403
Kitra,144245,653
Kitra,125188,623
Kitra,137116,58
Kitra,144336,784
Kitra,197423,179
Kitra,174050,738
Kitra,170376,242
Kitra,176048,572
Kitra,157939,361
Kitra,165677,65
Kitra,192128,177
Kitra,162666,397
Kitra,157982,514
Kitra,114888,777
Kitra,172123,182
Kitra,186978,21
Kitra,172826,270
Kitra,165137,40
Kitra,109057,324
Kitra,103606,672
Kitra,142502,837
Kitra,158745,745
Kitra,171257,562
Kitra,138477,219
Kitra,159430,103
Kitra,137646,7
Kitra,116547,35
Kitra,122245,260
Kitra,144094,537
Kitra,166626,706
Kitra,134577,376
Kitra,182814,235
Kitra,150684,282
Kitra,186277,500
Kitra,135025,809
Kitra,115541,9
Kitra,119098,985
Kitra,107511,429
Kitra,113391,594
Kitra,134252,619
Kitra,178059,200
Kitra,147183,798
Kitra,155941,909
Kitra,190894,278
Kitra,155518,718
Kitra,102431,796
Kitra,132304,513
Kitra,108569,574
Kitra,160843,410
Kitra,171302,673
Kitra,199985,437
Kitra,129105,881
Kitra,133044,686
Kitra,195952,510
Kitra,154730,177
Kitra,129729,180
Kitra,111469,629
Kitra,148262,459
Kitra,144256,552
Kitra,173049,828
Kitra,178093,245
Kitra,113221,6
Kitra,157298,583
Kitra,198319,409
Kitra,156086,387
Kitra,128866,717
Kitra,172223,270
Kitra,156992,884
Kitra,181529,608
Kitra,146695,469
Kitra,109298,306
Kitra,161395,204
Kitra,119658,156
Kitra,144585,9
Kitra,131079,665
Kitra,179971,841
Kitra,177691,678
Kitra,112618,863
Kitra,157723,139
Kitra,118743,285
Kitra,148204,871
Kitra,128733,898
Kitra,104418,961
Kitra,135154,984
Kitra,106423,250
Kitra,153015,180
Kitra,169174,567
Kitra,137764,562
Kitra,109841,185
Kitra,152579,139
Kitra,121417,268
Kitra,139127,680
Kitra,146555,379
Kitra,178884,529
Kitra,114776,942
Kitra,152004,512
Kitra,150783,139
Kitra,160716,855
Kitra,154981,933
Kitra,165806,763
Kitra,161239,292
Kitra,182174,214
Kitra,139553,101
Kitra,107728,459
Kitra,102677,562
Kitra,173467,236
Kitra,173808,342
Kitra,184081,394
Kitra,158973,399
Kitra,109431,344
Kitra,176430,619
Kitra,123024,588
Kitra,127119,757
Kitra,183983,799
Kitra,154434,320
Kitra,120323,104
Kitra,147832,815
Kitra,129393,322
Kitra,164761,647
Kitra,167754,7
Kitra,166263,62
Kitra,132894,348
Kitra,137459,136
Kitra,177356,891
Kitra,145749,89
Kitra,186294,613
Kitra,144394,673
Kitra,175865,176
Kitra,178764,999
Kitra,197554,658
Kitra,105072,490
Kitra,175408,824
Kitra,125020,733
Kitra,184547,83
Kitra,131768,703
Kitra,104802,977
Kitra,173203,211
Kitra,129659,813
Kitra,180070,509
Kitra,184708,718
Kitra,153289,938
Kitra,150760,642
Kitra,181951,461
Kitra,149297,512
Kitra,103667,271
Kitra,196357,776
Kitra,133242,99
Kitra,153841,311
Kitra,163940,544
Kitra,161776,133
Kitra,185721,12
Kitra,167756,306
Kitra,152666,353
Kitra,115994,114
Kitra,149993,334
Kitra,150925,735
Kitra,151721,357
Kitra,167716,286
Kitra,129024,405
Kitra,176582,876
Kitra,134764,152
Kitra,189540,433
Kitra,141917,420
Kitra,185784,583
Kitra,148417,842
Kitra,178656,782
Kitra,131402,749
Kitra,141492,747
Kitra,116143,953
Kitra,175972,742
Kitra,102194,216
Kitra,138823,858
Kitra,103746,1000
Kitra,112845,584
Kitra,148518,666
Kitra,182465,770
Kitra,148233,223
Kitra,175284,546
Kitra,122507,968
Kitra,150424,526
Kitra,141666,451
Kitra,193850,0
Kitra,120919,716
Kitra,166598,560
Kitra,181886,100
Kitra,141262,376
Kitra,138317,48
Kitra,100770,150
Kitra,138330,912
Kitra,178557,134
Kitra,178779,537
Kitra,170347,340
Kitra,162028,437
Kitra,120422,319
Kitra,104403,416
Kitra,101030,298
Kitra,110956,282
Kitra,153383,247
Kitra,167231,403
Kitra,111652,493
Kitra,183901,263
Kitra,176721,382
Kitra,105313,321
Kitra,104652,596
Kitra,100613,323
Kitra,178538,864
Kitra,185226,215
Kitra,102541,993
Kitra,165961,294
Kitra,180891,671
Kitra,125683,679
Kitra,107737,880
Kitra,150413,915
Kitra,134000,209
Kitra,133900,403
Kitra,187518,80
Kitra,147663,10
Kitra,137035,133
Kitra,151621,97
Kitra,132885,652
Kitra,109725,870
Kitra,151445,114
Kitra,114436,266
Kitra,158351,804
Kitra,142999,628
Kitra,146222,733
Kitra,173887,98
Kitra,185351,447
Kitra,111212,744
Kitra,143695,444
Kitra,171982,215
Kitra,130299,640
Kitra,163385,492
Kitra,173028,133
Kitra,131547,966
Kitra,126063,34
Kitra,171851,66
Kitra,163119,905
Kitra,129428,192
Kitra,120944,113
Kitra,168817,58
Kitra,140409,692
Kitra,191921,287
Kitra,163298,101
Kitra,102069,160
Kitra,158042,252
Kitra,160030,427
Kitra,161765,352
Kitra,154753,179
Kitra,151033,75
Kitra,175231,813
Kitra,101511,12
Kitra,135394,446
Kitra,147195,793
Kitra,123247,654
Kitra,129489,246
Kitra,108374,361
Kitra,139701,589
Kitra,175701,146
Kitra,183865,390
Kitra,115478,412
Kitra,138550,877
Kitra,188649,945
Kitra,131583,324
Kitra,101044,198
Kitra,164131,717
Kitra,107681,981
Kitra,107727,458
Kitra,198344,683
Kitra,128717,214
Kitra,139237,172
Kitra,126699,617
Kitra,131437,286
Kitra,166415,278
Kitra,152505,825
Kitra,148109,931
Kitra,164341,898
Kitra,176433,547
Kitra,161754,750
Kitra,136800,896
Kitra,137608,582
Kitra,180714,548
Kitra,175616,528
Kitra,107485,384
Kitra,176031,989
Kitra,101192,427
Kitra,127228,400
Kitra,134226,87
Kitra,195251,37
Kitra,141264,855
Kitra,129819,119
Kitra,134720,899
Kitra,135747,642
Kitra,145059,872
Kitra,151644,629
Kitra,164089,424
Kitra,145901,787
Kitra,163556,231
Kitra,167111,579
Kitra,181418,97
Kitra,182059,505
Kitra,185199,430
Kitra,116209,81
Kitra,151591,695
Kitra,145566,356
Kitra,199252,989
Kitra,151896,176
Kitra,113886,828
Kitra,179468,967
Kitra,150289,269
Kitra,128645,982
Kitra,187368,46
Kitra,196937,795
Kitra,181809,728
Kitra,150186,636
Kitra,139228,678
Kitra,132710,333
Kitra,195876,395
Kitra,142471,439
Kitra,190831,418
Kitra,168409,254
Kitra,126860,618
Kitra,145119,584
Kitra,139681,664
Kitra,109089,133
Kitra,114690,422
Kitra,101427,179
Kitra,187724,891
Kitra,149522,79
Kitra,160332,71
Kitra,106835,755
Kitra,169312,684
Kitra,142055,302
Kitra,175953,96
Kitra,169970,538
Kitra,189249,434
Kitra,109261,415
Kitra,134753,652
Kitra,195968,883
Kitra,168702,236
Kitra,174383,388
Kitra,117599,929
Kitra,171514,438
Kitra,146967,742
Kitra,180771,696
Kitra,142804,209
Kitra,155400,485
Kitra,171965,189
Kitra,181373,918
Kitra,175765,58
Kitra,123964,32
Kitra,107328,845
Kitra,167192,465
Kitra,185471,849
Kitra,147038,609
Kitra,157349,35
Kitra,137477,908
Kitra,111959,60
Kitra,180602,894
Kitra,189790,610
Kitra,138457,811
Kitra,169351,818
Kitra,125588,974
Kitra,122701,523
Kitra,189166,217
Kitra,195996,263
Kitra,176571,785
Kitra,164940,466
Kitra,128369,947
Kitra,103819,334
Kitra,126663,107
Kitra,154791,379
Kitra,161782,129
Kitra,101458,886
Kitra,145748,296
Kitra,128422,855
Kitra,118440,799
Kitra,111277,956
Kitra,123369,376
Kitra,101202,570
Kitra,184481,389
Kitra,145752,939
Kitra,178521,291
Kitra,129275,710
Kitra,154796,492
Kitra,157326,126
Kitra,194835,591
Kitra,182057,57
Kitra,153133,758
Kitra,126687,371
Kitra,146390,246
Kitra,112660,526
Kitra,137387,243
Kitra,182485,365
Kitra,164710,202
Kitra,187992,750
Kitra,121398,439
Kitra,167950,813
Kitra,149561,540
Kitra,126611,791
Kitra,197798,981
Kitra,116419,862
Kitra,186480,34
Kitra,169935,949
Kitra,113001,755
Kitra,151799,230
Kitra,148679,810
Kitra,158597,627
Kitra,152518,958
Kitra,107700,186
Kitra,143037,280
Kitra,198628,660
Kitra,181291,47
Kitra,139385,452
Kitra,180293,843
Kitra,132516,711
Kitra,180506,116
Kitra,197263,125
Kitra,166284,428
Kitra,170795,20
Kitra,190876,947
Kitra,184798,698
Kitra,183828,379
Kitra,191785,815
Kitra,188029,762
Kitra,180667,440
Kitra,101981,563
Kitra,184878,574
Kitra,197672,338
Kitra,148103,419
Kitra,128107,77
Kitra,158742,748
Kitra,177754,281
Kitra,187140,711
Kitra,112706,451
Kitra,119668,242
Kitra,139653,51
Kitra,164620,145
Kitra,175439,217
Kitra,150062,601
Kitra,162133,272
Kitra,154976,643
Kitra,122364,166
Kitra,154555,645
Kitra,135144,743
Kitra,185494,210
Kitra,144093,212
Kitra,165781,270
Kitra,181452,77
Kitra,175572,414
Kitra,132923,928
Kitra,180332,124
Kitra,144386,457
Kitra,128994,274
Kitra,100524,243
Kitra,120604,266
Kitra,127601,697
Kitra,141348,168
Kitra,105726,145
Kitra,191598,823
Kitra,186810,87
Kitra,149150,864
Kitra,132139,94
Kitra,116654,856
Kitra,162138,478
Kitra,162377,579
Kitra,101164,83
Kitra,124555,998
Kitra,113727,409
Kitra,164903,555
Kitra,170591,72
Kitra,177133,643
Kitra,123632,793
Kitra,152950,929
Kitra,166105,702
Kitra,127291,887
Kitra,191413,671
Kitra,169087,18
Kitra,190437,552
Kitra,112741,458
Kitra,193810,291
Kitra,124782,77
Kitra,101041,984
Kitra,129890,365
Kitra,170768,580
Kitra,134228,391
Kitra,119679,992
Kitra,164570,280
Kitra,157002,139
Kitra,159652,546
Kitra,179982,467
Kitra,119907,95
Kitra,165001,535
Kitra,128418,750
Kitra,195567,514
Kitra,176738,208
Kitra,147259,525
Kitra,137824,936
Kitra,158849,814
Kitra,169230,42
Kitra,185614,325
Kitra,104074,349
Kitra,113529,174
Kitra,129853,161
Kitra,149205,939
Kitra,106979,347
Kitra,142562,649
Kitra,153541,289
Kitra,101375,923
Kitra,172399,819
Kitra,158180,61
Kitra,172674,880
Kitra,197012,283
Kitra,186191,43
Kitra,119239,577
Kitra,129260,141
Kitra,140323,389
Kitra,119711,663
Kitra,169858,272
Kitra,150358,991
Kitra,157984,122
Kitra,109133,650
Kitra,125236,663
Kitra,180936,470
Kitra,135950,249
Kitra,156853,94
Kitra,118784,951
Kitra,106822,443
Kitra,105402,676
Kitra,125417,590
Kitra,121775,896
Kitra,144249,16
Kitra,108074,369
Kitra,135593,928
Kitra,178122,257
Kitra,198087,185
Kitra,158344,389
Kitra,106586,666
Kitra,124935,292
Kitra,105651,77
Kitra,188182,659
Kitra,124339,607
Kitra,104303,476
Kitra,156490,93
Kitra,176440,120
Kitra,173849,171
Kitra,131383,178
Kitra,179187,826
Kitra,111878,440
Kitra,152925,256
Kitra,182199,846
Kitra,117568,353
Kitra,155820,732
Kitra,133192,253
Kitra,103827,151
Kitra,113518,337
Kitra,181112,987
Kitra,189558,30
Kitra,109230,566
Kitra,116845,585
Kitra,110247,145
Kitra,177339,992
Kitra,156957,115
Kitra,110576,304
Kitra,191566,946
Kitra,177892,908
Kitra,134807,531
Kitra,126893,62
Kitra,123937,175
Kitra,106516,521
Kitra,139022,320
Kitra,129163,707
Kitra,140984,525
Kitra,146853,802
Kitra,198245,31
Kitra,119132,951
Kitra,167966,855
Kitra,163916,451
Kitra,147656,135
Kitra,129125,57
Kitra,131146,462
Kitra,178371,871
Kitra,157462,947
Kitra,152252,185
Kitra,158408,726
Kitra,145148,363
Kitra,141071,797
Kitra,166207,293
Kitra,110135,680
Kitra,115982,143
Kitra,176235,562
Kitra,173895,713
Kitra,140481,522
Kitra,112769,914
Kitra,135140,526
Kitra,183336,422
Kitra,103507,214
Kitra,122444,34
Kitra,122011,444
Kitra,152700,649
Kitra,197122,148
Kitra,175127,667
Kitra,173930,464
Kitra,146119,783
Kitra,126827,574
Kitra,136038,782
Kitra,193435,215
Kitra,122127,121
Kitra,199665,763
Kitra,162943,949
Kitra,119828,747
Kitra,142816,834
Kitra,129490,65
Kitra,112508,922
Kitra,118558,358
Kitra,181192,993
Kitra,115453,868
Kitra,122860,252
Kitra,149860,739
Kitra,116149,365
Kitra,116902,983
Kitra,173982,525
Kitra,148327,558
Kitra,175734,297
Kitra,152413,330
Kitra,182438,464
Kitra,108952,956
Kitra,158579,200
Kitra,133486,390
Kitra,111209,749
Kitra,191279,321
Kitra,147105,142
Kitra,171274,811
Kitra,124597,402
Kitra,141294,317
Kitra,138600,552
Kitra,159374,747
Kitra,173256,763
Kitra,138006,145
Kitra,162495,211
Kitra,135183,45
Kitra,144057,173
Kitra,157618,395
Kitra,138758,595
Kitra,113162,987
Kitra,116689,151
Kitra,124325,289
Kitra,176382,693
Kitra,106964,466
Kitra,128335,638
Kitra,143708,169
Kitra,147345,947
Kitra,187268,675
Kitra,181741,854
Kitra,131696,839
Kitra,160381,615
Kitra,144806,325
Kitra,115698,269
Kitra,193420,708
Kitra,122638,838
Kitra,140849,730
Kitra,119865,671
Kitra,117379,469
Kitra,144091,101
Kitra,140260,465
Kitra,138952,223
Kitra,179179,564
Kitra,115683,877
Kitra,100260,188
Kitra,155468,689
Kitra,196001,753
Kitra,133408,106
Kitra,168212,142
Kitra,191484,909
Kitra,143446,375
Kitra,170902,322
Kitra,198177,301
Kitra,198567,816
Kitra,163500,455
Kitra,115304,294
Kitra,198568,435
Kitra,156162,471
Kitra,158230,969
Kitra,158318,986
Kitra,130717,221
Kitra,107423,474
Kitra,155554,437
Kitra,160459,849
Kitra,199999,851
Kitra,153882,932
Kitra,191647,519
Kitra,181244,767
Kitra,159362,698
Kitra,157561,959
Kitra,104738,493
Kitra,103933,984
Kitra,181764,374
Kitra,155813,577
Kitra,121481,828
Kitra,175570,270
Kitra,136846,520
Kitra,171383,459
Kitra,192381,189
Kitra,183219,979
Kitra,141644,268
Kitra,189096,322
Kitra,158269,407
Kitra,112688,792
Kitra,189980,129
Kitra,188069,247
Kitra,125465,987
Kitra,145477,833
Kitra,135676,516
Kitra,157040,811
Kitra,117064,581
Kitra,146043,543
Kitra,162992,437
Kitra,112653,860
Kitra,123620,393
Kitra,114146,680
Kitra,136772,696
Kitra,125887,594
Kitra,151350,179
Kitra,113950,312
Kitra,108798,511
Kitra,102759,8
Kitra,146594,19
Kitra,109174,165
Kitra,103181,259
Kitra,104200,86
Kitra,128608,365
Kitra,197030,762
Kitra,155939,804
Kitra,168790,336
Kitra,196989,822
Kitra,185582,515
Kitra,113368,373
Kitra,162532,134
Kitra,120331,459
Kitra,164058,784
Kitra,123507,443
Kitra,194054,665
Kitra,157546,425
Kitra,163160,687
Kitra,196908,972
Kitra,137917,568
Kitra,188938,763
Kitra,121133,158
Kitra,100748,983
Kitra,152021,556
Kitra,145438,946
Kitra,193137,510
Kitra,155854,924
Kitra,102361,164
Kitra,132127,794
Kitra,152061,916
Kitra,166781,929
Kitra,173598,3
Kitra,179077,899
Kitra,130281,275
Kitra,148807,421
Kitra,136675,503
Kitra,156246,997
Kieran,125582,71
Kieran,126948,574
Kieran,183535,670
Kieran,101645,233
Kieran,153006,557
Kieran,159007,336
Kieran,156670,989
Kieran,138561,976
Kieran,147714,4
Kieran,180644,486
Kieran,105540,610
Kieran,167728,942
Kieran,112470,327
Kieran,124631,286
Kieran,103779,425
Kieran,194180,128
Kieran,112692,71
Kieran,104629,221
Kieran,166011,407
Kieran,168529,265
Kieran,139970,634
Kieran,128275,99
Kieran,111075,465
Kieran,134045,791
Kieran,121970,78
Kieran,179532,715
Kieran,128784,46
Kieran,120154,848
Kieran,168545,829
Kieran,178032,972
Kieran,111882,575
Kieran,188554,770
Kieran,151301,60
Kieran,128972,747
Kieran,159771,459
Kieran,124308,646
Kieran,127068,225
Kieran,155238,755
Kieran,169375,368
Kieran,101948,995
Kieran,112627,669
Kieran,186768,493
Kieran,167449,578
Kieran,115703,391
Kieran,164885,66
Kieran,117834,881
Kieran,113961,47
Kieran,143520,642
Kieran,148368,661
Kieran,107023,760
Kieran,155231,314
Kieran,102697,453
Kieran,130552,350
Kieran,161233,646
Kieran,159533,445
Kieran,177070,907
Kieran,138530,422
Kieran,196178,181
Kieran,155631,143
Kieran,149290,816
Kieran,150334,714
Kieran,155633,417
Kieran,135043,843
Kieran,162884,5
Kieran,132416,279
Kieran,131279,103
Kieran,133103,280
Kieran,132249,17
Kieran,130769,868
Kieran,185081,864
Kieran,166761,140
Kieran,152894,607
Kieran,105783,713
Kieran,113763,222
Kieran,120246,27
Kieran,190468,760
Kieran,158610,700
Kieran,101307,986
Kieran,117857,350
Kieran,106204,31
Kieran,160725,929
Kieran,138308,192
Kieran,174331,11
Kieran,172322,671
Kieran,195913,162
Kieran,127214,984
Kieran,176961,190
Kieran,126705,960
Kieran,180330,998
Kieran,143633,894
Kieran,160267,780
Kieran,193405,118
Kieran,194433,442
Kieran,181511,791
Kieran,103005,42
Kieran,105197,523
Kieran,107341,443
Kieran,148157,129
Kieran,165096,896
Kieran,127456,124
Kieran,138159,160
Kieran,104964,137
Kieran,193313,281
Kieran,128600,474
Kieran,132581,876
Kieran,199423,556
Kieran,151166,693
Kieran,116451,387
Kieran,146185,800
Kieran,198604,998
Kieran,170404,384
Kieran,103628,968
Kieran,147111,729
Kieran,169095,422
Kieran,159274,280
Kieran,160216,155
Kieran,181516,949
Kieran,154537,501
Kieran,143067,45
Kieran,129904,816
Kieran,183925,475
Kieran,109191,493
Kieran,123935,677
Kieran,166687,801
Kieran,150858,251
Kieran,139702,332
Kieran,147910,311
Kieran,149255,499
Kieran,133741,409
Kieran,162167,994
Kieran,175778,820
Kieran,174256,590
Kieran,156049,389
Kieran,178622,434
Kieran,106267,521
Kieran,171068,544
Kieran,134021,143
Kieran,179005,54
Kieran,103421,502
Kieran,160828,948
Kieran,166587,796
Kieran,166719,353
Kieran,180405,335
Kieran,142745,1000
Kieran,156085,407
Kieran,123497,163
Kieran,194235,126
Kieran,143485,5
Kieran,148076,351
Kieran,154937,207
Kieran,135079,330
Kieran,138730,652
Kieran,124951,911
Kieran,128080,119
Kieran,119863,147
Kieran,120699,329
Kieran,112994,951
Kieran,168157,524
Kieran,142784,548
Kieran,198995,264
Kieran,143558,838
Kieran,136013,470
Kieran,199324,895
Kieran,122268,41
Kieran,199510,162
Kieran,106740,204
Kieran,163971,481
Kieran,156567,793
Kieran,183256,806
Kieran,136425,576
Kieran,196098,13
Kieran,167432,890
Kieran,182406,72
Kieran,130467,96
Kieran,173539,196
Kieran,100836,765
Kieran,189231,468
Kieran,120741,597
Kieran,115772,330
Kieran,177595,549
Kieran,192680,207
Kieran,158018,277
Kieran,195313,278
Kieran,102158,284
Kieran,112430,693
Kieran,176407,328
Kieran,176607,346
Kieran,182261,982
Kieran,185913,63
Kieran,192319,979
Kieran,149437,864
Kieran,101238,946
Kieran,108924,474
Kieran,179518,559
Kieran,144501,53
Kieran,111128,563
Kieran,100936,714
Kieran,121800,42
Kieran,127812,637
Kieran,152752,230
Kieran,141574,327
Kieran,104996,369
Kieran,178679,127
Kieran,168311,216
Kieran,145573,822
Kieran,123972,956
Kieran,102820,836
Kieran,165983,470
Kieran,156502,70
Kieran,106341,825
Kieran,112198,495
Kieran,109918,819
Kieran,155321,686
Kieran,175402,893
Kieran,187411,887
Kieran,180302,379
Kieran,181989,208
Kieran,197717,234
Kieran,122018,763
Kieran,173216,169
Kieran,145496,70
Kieran,121869,772
Kieran,166082,930
Kieran,173881,397
Kieran,144903,414
Kieran,112035,961
Kieran,177882,435
Kieran,187181,443
Kieran,146446,416
Kieran,140846,301
Kieran,127636,620
Kieran,150432,846
Kieran,114816,779
Kieran,137355,926
Kieran,174892,532
Kieran,183277,742
Kieran,155543,212
Kieran,135158,735
Kieran,118618,577
Kieran,178478,49
Kieran,175261,609
Kieran,190678,962
Kieran,112030,838
Kieran,100647,33
Kieran,156154,497
Kieran,114064,612
Kieran,110183,702
Kieran,106080,631
Kieran,132589,120
Kieran,195043,395
Kieran,116954,713
Kieran,192457,579
Kieran,183978,29
Kieran,145377,522
Kieran,156797,682
Kieran,140807,351
Kieran,104127,9
Kieran,192216,430
Kieran,154871,942
Kieran,173579,788
Kieran,148196,457
Kieran,194750,351
Kieran,146269,367
Kieran,170711,716
Kieran,173436,474
Kieran,138412,63
Kieran,176764,177
Kieran,111323,336
Kieran,128618,303
Kieran,125790,549
Kieran,126583,77
Kieran,199567,221
Kieran,152761,247
Kieran,177104,283
Kieran,157627,915
Kieran,150149,350
Kieran,164367,760
Kieran,157034,573
Kieran,197983,868
Kieran,157171,960
Kieran,131268,577
Kieran,123348,421
Kieran,166443,176
Kieran,106274,224
Kieran,177675,826
Kieran,149603,295
Kieran,115633,280
Kieran,145485,762
Kieran,167979,754
Kieran,114853,869
Kieran,195150,484
Kieran,146507,808
Kieran,158433,620
Kieran,197212,832
Kieran,180512,701
Kieran,143000,588
Kieran,156485,308
Kieran,110027,465
Kieran,129145,618
Kieran,129564,957
Kieran,110487,321
Kieran,109434,501
Kieran,137831,414
Kieran,126459,829
Kieran,113562,162
Kieran,136305,619
Kieran,133289,983
Kieran,146728,301
Kieran,196367,104
Kieran,180745,259
Kieran,151782,761
Kieran,150293,625
Kieran,158136,12
Kieran,125583,14
Kieran,177621,977
Kieran,144846,227
Kieran,103026,538
Kieran,136536,436
Kieran,186667,515
Kieran,183383,977
Kieran,144341,753
Kieran,188424,788
Kieran,179578,431
Kieran,181934,737
Kieran,105955,260
Kieran,178251,125
Kieran,180907,309
Kieran,152719,881
Kieran,193055,283
Kieran,162107,335
Kieran,123370,319
Kieran,131094,960
Kieran,127583,404
Kieran,107859,41
Kieran,158879,773
Kieran,175593,742
Kieran,189943,913
Kieran,114167,438
Kieran,175268,988
Kieran,136604,141
Kieran,149564,974
Kieran,190879,960
Kieran,141422,244
Kieran,142732,210
Kieran,193509,963
Kieran,125539,766
Kieran,151806,522
Kieran,123405,697
Kieran,107624,492
Kieran,133051,891
Kieran,185783,754
Kieran,192250,351
Kieran,182397,943
Kieran,187691,354
Kieran,163822,534
Kieran,129361,711
Kieran,143689,33
Kieran,163801,894
Kieran,160364,525
Kieran,119476,480
Kieran,111152,335
Kieran,185413,213
Kieran,121601,962
Kieran,196046,886
Kieran,104775,92
Kieran,123544,554
Kieran,190085,47
Kieran,167075,879
Kieran,195893,203
Kieran,100734,254
Kieran,179282,487
Kieran,148074,947
Kieran,148010,864
Kieran,179377,982
Kieran,104526,0
Kieran,199940,320
Kieran,114713,393
Kieran,150235,799
Kieran,157047,881
Kieran,171016,241
Kieran,103098,69
Kieran,199728,100
Kieran,175990,145
Kieran,121104,966
Kieran,193832,149
Kieran,110587,638
Kieran,131505,725
Kieran,173238,14
Kieran,100420,333
Kieran,157642,225
Kieran,118834,95
Kieran,162248,918
Kieran,155230,198
Kieran,121664,73
Kieran,146600,991
Kieran,142653,901
Kieran,120969,51
Kieran,159507,429
Kieran,165184,708
Kieran,178039,134
Kieran,110248,767
Kieran,196018,767
Kieran,157646,767
Kieran,191151,844
Kieran,159043,750
Kieran,124049,533
Kieran,169990,14
Kieran,187077,892
Kieran,160784,125
Kieran,199540,83
Kieran,168073,173
Kieran,134951,824
Kieran,115600,241
Kieran,160950,548
Kieran,131460,789
Kieran,146676,370
Kieran,140703,532
Kieran,161022,128
Kieran,154901,61
Kieran,143125,294
Kieran,140796,654
Kieran,111689,244
Kieran,141929,600
Kieran,183858,534
Kieran,143070,962
Kieran,180587,522
Kieran,137124,91
Kieran,123356,55
Kieran,170118,762
Kieran,163865,972
Kieran,129155,466
Kieran,138324,322
Kieran,164860,698
Kieran,109408,952
Kieran,122936,227
Kieran,156117,201
Kieran,166890,994
Kieran,137837,918
Kieran,170518,770
Kieran,109517,979
Kieran,108244,914
Kieran,188550,289
Kieran,104525,65
Kieran,121665,468
Kieran,118877,49
Kieran,121860,159
Kieran,146358,329
Kieran,142210,63
Kieran,166247,597
Kieran,189617,722
Kieran,111501,633
Kieran,122486,871
Kieran,106228,77
Kieran,111635,507
Kieran,107462,333
Kieran,133824,605
Kieran,169453,867
Kieran,105185,705
Kieran,147088,989
Kieran,195971,165
Kieran,162559,393
Kieran,129182,830
Kieran,178928,672
Kieran,114736,588
Kieran,127733,88
Kieran,138143,651
Kieran,198562,122
Kieran,178346,477
Kieran,124872,250
Kieran,127389,160
Kieran,107614,678
Kieran,142403,12
Kieran,123692,333
Kieran,131752,213
Kieran,128982,153
Kieran,101782,92
Kieran,181869,416
Kieran,119831,428
Kieran,195154,650
Kieran,184627,376
Kieran,103001,412
Kieran,168198,480
Kieran,115340,813
Kieran,190266,677
Kieran,152568,463
Kieran,180168,991
Kieran,113511,154
Kieran,151392,813
Kieran,193524,690
Kieran,193549,126
Kieran,191340,862
Kieran,199146,847
Kieran,163663,26
Kieran,142137,164
Kieran,193002,801
Kieran,152615,810
Kieran,161347,36
Kieran,129137,719
Kieran,138359,933
Kieran,146052,575
Kieran,101578,789
Kieran,113968,333
Kieran,143177,589
Kieran,181439,615
Kieran,128524,391
Kieran,194121,680
Kieran,105843,676
Kieran,122608,234
Kieran,163269,321
Kieran,180697,471
Kieran,135671,282
Kieran,166653,917
Kieran,141871,743
Kieran,152980,899
Kieran,148068,365
Kieran,154208,543
Kieran,155144,682
Kieran,182577,916
Kieran,199027,991
Kieran,182377,583
Kieran,174195,1000
Kieran,139997,828
Kieran,186515,575
Kieran,150090,373
Kieran,171670,415
Kieran,148639,969
Kieran,170715,251
Kieran,158105,17
Kieran,141738,835
Kieran,125754,206
Kieran,104605,212
Kieran,106665,689
Kieran,126047,767
Kieran,121486,673
Kieran,122349,414
Kieran,154360,94
Kieran,188767,304
Kieran,125728,284
Kieran,191431,612
Kieran,174046,769
Kieran,168299,35
Kieran,197260,688
Kieran,135489,296
Kieran,137151,197
Kieran,139902,843
Kieran,186473,6
Kieran,162113,992
Kieran,184350,807
Kieran,178826,442
Kieran,107653,491
Kieran,163149,558
Kieran,122512,280
Kieran,135060,140
Kieran,168340,571
Kieran,163574,933
Kieran,146020,846
Kieran,107222,359
Kieran,122166,226
Kieran,112503,366
Kieran,105290,254
Kieran,115355,151
Kieran,160256,868
Kieran,192089,387
Kieran,163201,651
Kieran,183940,130
Kieran,163404,517
Kieran,118162,430
Kieran,125122,249
Kieran,146646,728
Kieran,179357,380
Kieran,195151,768
Kieran,124614,594
Kieran,140973,110
Kieran,161214,207
Kieran,115017,194
Kieran,107114,140
Kieran,128115,864
Kieran,172705,888
Kieran,177867,611
Kieran,142297,14
Kieran,155750,427
Kieran,183902,686
Kieran,158648,1
Kieran,184965,835
Kieran,175931,325
Kieran,149964,981
Kieran,122845,768
Kieran,183855,971
Kieran,164223,320
Kieran,114432,416
Kieran,179942,125
Kieran,140808,260
Kieran,184178,968
Kieran,118365,121
Kieran,160589,53
Kieran,198094,235
Kieran,108928,684
Kieran,171394,505
Kieran,168291,730
Kieran,115371,401
Kieran,154559,832
Kieran,153516,102
Kieran,123653,772
Kieran,117078,129
Kieran,162046,72
Kieran,184153,221
Kieran,173584,758
Kieran,136784,468
Kieran,100247,429
Kieran,141584,127
Kieran,140389,718
Kieran,100606,883
Kieran,118917,173
Kieran,158116,503
Kieran,198637,710
Kieran,107766,941
Kieran,120957,923
Kieran,194367,438
Kieran,192309,126
Kieran,146989,127
Kieran,138591,448
Kieran,170305,481
Kieran,164928,820
Kieran,155481,179
Kieran,130849,748
Kieran,184003,327
Kieran,193003,329
Kieran,180984,349
Kieran,105134,818
Kieran,113249,142
Kieran,175364,318
Kieran,123771,698
Kieran,138146,795
Kieran,167158,606
Kieran,117730,210
Kieran,140473,275
Kieran,191374,529
Kieran,126538,493
Kieran,141462,4
Kieran,109144,258
Kieran,158448,210
Kieran,198795,935
Kieran,124864,909
Kieran,100700,690
Kieran,179305,246
Kieran,134616,240
Kieran,149174,149
Kieran,189625,155
Kieran,132609,513
Kieran,116346,331
Kieran,185174,411
Kieran,141095,631
Kieran,108735,2
Kieran,186055,829
Kieran,127668,965
Kieran,163302,97
Kieran,172070,831
Kieran,124098,990
Kieran,196640,624
Kieran,176143,886
Kieran,178217,711
Kieran,131610,71
Kieran,173206,570
Kieran,125525,712
Kieran,157926,645
Kieran,176203,127
Kieran,117345,692
Kieran,174781,809
Kieran,110264,0
Kieran,134634,802
Kieran,115011,821
Kieran,178526,521
Kieran,156372,238
Kieran,105849,368
Kieran,102924,752
Kieran,170552,756
Kieran,143714,422
Kieran,185486,652
Kieran,188350,909
Kieran,129119,918
Kieran,156578,5
Kieran,118894,648
Kieran,145827,274
Kieran,197608,740
Kieran,171759,259
Kieran,154114,880
Kieran,174469,884
Kieran,176788,718
Kieran,153779,549
Kieran,107356,60
Kieran,144599,279
Kieran,165737,624
Kieran,129602,154
Kieran,160641,372
Kieran,109766,718
Kieran,191057,924
Kieran,155687,161
Kieran,116666,981
Kieran,102266,253
Kieran,140995,493
Kieran,150326,272
Kieran,158598,179
Kieran,109943,176
Kieran,173391,514
Kieran,149105,101
Kieran,135480,25
Kieran,156143,820
Kieran,112296,577
Kieran,100903,91
Kieran,162763,276
Kieran,190472,614
Kieran,186403,875
Kieran,110450,607
Kieran,194562,317
Kieran,101448,184
Kieran,126834,950
Kieran,197614,994
Kieran,182181,400
Kieran,133832,605
Kieran,163703,710
Kieran,184202,910
Kieran,168939,408
Kieran,106327,942
Kieran,150912,22
Kieran,186898,836
Kieran,132021,981
Kieran,144550,24
Kieran,182147,422
Kieran,189678,56
Kieran,166484,204
Kieran,126331,948
Kieran,151759,524
Kieran,141890,794
Kieran,151918,634
Kieran,137561,685
Kieran,180253,985
Kieran,115287,294
Kieran,114218,844
Kieran,154605,924
Kieran,143129,53
Kieran,168485,942
Kieran,129389,278
Kieran,109972,756
Kieran,169094,479
Kieran,181021,489
Kieran,120507,136
Kieran,132433,970
Kieran,183013,460
Kieran,123293,145
Kieran,149999,77
Kieran,125451,105
Kieran,110915,669
Kieran,174833,569
Kieran,173581,388
Kieran,121999,830
Kieran,117850,827
Kieran,103378,10
Kieran,158056,100
Kieran,136567,497
Kieran,105757,737
Kieran,129218,405
Kieran,108864,926
Kieran,194844,560
Kieran,119995,404
Kieran,155581,122
Kieran,139262,944
Kieran,125093,766
Kieran,139957,849
Kieran,190104,282
Kieran,150162,180
Kieran,130032,880
Kieran,193225,53
Kieran,130747,747
Kieran,127036,882
Kieran,140640,847
Kieran,102766,731
Kieran,110895,996
Kieran,157613,992
Kieran,186907,852
Kieran,156129,880
Kieran,149731,965
Kieran,190550,942
Kieran,105016,830
Kieran,121456,76
Kieran,143889,288
Kieran,162392,33
Kieran,115836,18
Kieran,128189,546
Kieran,158350,731
Kieran,195371,898
Kieran,157230,712
Kieran,181286,461
Kieran,165024,122
Kieran,197994,104
Kieran,186919,494
Kieran,147726,296
Kieran,110051,370
Kieran,194317,777
Kieran,156370,449
Kieran,196577,853
Kieran,149374,717
Kieran,127454,724
Kieran,119516,896
Kieran,135771,798
Kieran,122467,718
Kieran,179014,98
Kieran,171123,903
Kieran,135155,110
Kieran,128146,509
Kieran,147999,125
Kieran,132358,34
Kieran,174598,246
Kieran,126927,222
Kieran,182977,624
Kieran,120390,759
Kieran,129244,163
Kieran,114162,89
Kieran,197176,44
Kieran,141304,137
Kieran,130548,239
Kieran,125113,334
Kieran,126244,613
Kieran,169926,957
Kieran,164094,612
Kieran,157361,130
Kieran,117995,532
Kieran,189653,690
Kieran,135277,223
Kieran,164652,344
Kieran,166555,570
Kieran,175290,760
Kieran,180600,18
Kieran,165597,616
Kieran,125714,539
Kieran,195624,551
Kieran,107302,563
Kieran,106217,486
Kieran,107131,874
Kieran,104115,857
Kieran,124500,714
Kieran,189698,740
Kieran,127277,221
Kieran,143981,758
Kieran,113936,815
Kieran,181845,841
Kieran,133542,450
Kieran,109475,304
Kieran,167547,609
Kieran,102812,924
Kieran,116735,64
Kieran,190648,397
Kieran,102770,150
Kieran,138686,641
Kieran,120564,894
Kieran,164372,604
Kieran,160638,865
Kieran,193943,983
Kieran,133237,986
Kieran,166834,529
Kieran,104286,292
Kieran,177400,265
Kieran,156213,960
Kieran,183114,158
Kieran,106750,117
Kieran,152809,642
Kieran,133267,214
Kieran,126022,829
Kieran,111914,6
Kieran,176098,828
Kieran,108057,597
Kieran,194674,978
Kieran,162773,592
Kieran,116418,151
Kieran,199836,479
Kieran,175164,311
Kieran,170142,508
Kieran,124582,645
Kieran,167894,469
Kieran,180772,988
Kieran,172155,843
Kieran,156067,866
Kieran,100947,114
Kieran,126967,137
Kieran,191093,409
Kieran,123712,101
Kieran,137952,788
Kieran,132541,276
Kieran,120929,449
Kieran,166305,475
Kieran,184312,57
Kieran,191392,527
Kieran,138309,257
Kieran,170321,833
Kieran,196969,677
Kieran,185259,237
Kieran,105615,110
Kieran,180166,166
Kieran,176789,703
Kieran,143462,633
Kieran,106089,64
Kieran,155531,839
Kieran,139232,201
Kieran,148372,689
Kieran,119774,118
Kieran,171327,647
Kieran,153910,696
Kieran,159348,545
Kieran,135117,964
Kieran,104988,30
Kieran,123319,45
Kieran,181338,50
Kieran,111887,352
Kieran,159122,892
Kieran,122809,201
Kieran,184888,927
Kieran,159556,441
Kieran,185019,516
Kieran,133018,306
Kieran,132390,417
Kieran,161752,661
Kieran,105685,517
Kieran,175390,621
Kieran,102442,155
Kieran,126478,96
Kieran,184666,483
Kieran,129513,912
Kieran,147002,766
Kieran,123336,852
Kieran,141930,588
Kieran,192030,717
Kieran,176274,33
Kieran,182242,308
Kieran,145513,424
Kieran,136470,52
Kieran,114239,818
Kieran,194378,70
Kieran,106809,261
Kieran,121482,277
Kieran,153418,268
Kieran,117488,16
Kieran,145150,375
Kieran,148459,27
Kieran,112435,982
Kieran,196230,443
Kieran,183532,775
Kieran,193234,279
Kieran,181445,203
Kieran,128136,723
Kieran,185332,201
Kieran,152984,835
Kieran,194881,443
Kieran,188818,773
Kieran,100282,532
Kieran,153658,152
Kieran,148245,724
Kieran,113389,899
Kieran,152402,802
Kieran,107768,949
Kieran,131731,319
Kieran,157365,9
Kieran,142144,285
Kieran,116903,765
Kieran,188468,600
Kieran,176912,725
Kieran,129059,620
Kieran,127459,249
Kieran,131946,472
Kieran,180005,647
Kieran,126427,987
Kieran,119810,444
Kieran,150388,463
Kieran,146935,390
Kieran,161484,734
Kieran,124915,645
Kieran,106965,165
Kieran,178502,413
Kieran,184308,381
Kieran,153780,343
Kieran,123897,331
Kieran,161846,90
Kieran,123511,103
Kieran,168937,328
Kieran,197738,468
Kieran,108976,130
Kieran,153146,908
Kieran,176852,458
Kieran,125703,958
Kieran,194282,219
Kieran,169708,620
Kieran,152083,606
Kieran,137279,371
Kieran,144743,218
Kieran,182498,476
Kieran,185568,920
Kieran,107711,735
Kieran,111207,856
Kieran,167772,635
Kieran,124261,144
Kieran,131351,63
Kieran,166650,134
Kieran,131614,729
Kieran,102063,959
Kieran,186494,973
Kieran,152527,373
Kieran,118516,543
Kieran,167458,210
Kieran,146406,975
Kieran,176723,829
Kieran,176891,754
Kieran,196602,394
Kieran,113838,240
Kieran,149673,817
Kieran,198851,679
Kieran,162810,860
Kieran,158640,792
Kieran,119312,527
Kieran,116218,354
Kieran,163531,248
Kieran,167228,5
Kieran,171857,146
Kieran,141239,949
Kieran,127016,355
Kieran,196442,912
Kieran,138370,103
Kieran,196698,867
Kieran,139279,113
Kieran,145711,694
Kieran,155304,477
Kieran,195701,211
Kieran,108833,656
Kieran,148849,139
Kieran,158488,944
Kieran,119066,210
Kieran,148608,131
Kieran,120659,668
Kieran,144610,879
Kieran,131260,707
Kelly,164838,227
Kelly,179609,858
Kelly,120333,804
Kelly,191206,939
Kelly,151616,243
Kelly,181963,745
Kelly,108385,697
Kelly,196252,593
Kelly,152633,613
Kelly,176138,435
Kelly,187048,65
Kelly,145287,705
Kelly,171962,437
Kelly,189358,735
Kelly,109556,276
Kelly,132445,185
Kelly,177354,997
Kelly,160158,711
Kelly,101938,560
Kelly,110736,646
Kelly,132414,781
Kelly,189399,270
Kelly,132100,247
Kelly,195580,580
Kelly,182797,167
Kelly,164095,273
Kelly,153895,692
Kelly,172980,373
Kelly,150498,822
Kelly,161881,888
Kelly,177386,196
Kelly,122441,880
Kelly,147399,544
Kelly,103303,798
Kelly,190632,710
Kelly,150348,412
Kelly,110352,943
Kelly,121958,34
Kelly,155123,426
Kelly,188076,477
Kelly,133601,492
Kelly,110019,551
Kelly,135762,503
Kelly,194268,356
Kelly,122668,637
Kelly,170220,21
Kelly,104625,698
Kelly,136460,577
Kelly,167444,69
Kelly,145819,5
Kelly,109045,37
Kelly,106725,186
Kelly,111756,639
Kelly,167621,807
Kelly,116409,140
Kelly,110079,665
Kelly,130748,31
Kelly,195471,618
Kelly,167836,577
Kelly,102575,760
Kelly,190337,46
Kelly,177498,9
Kelly,182092,312
Kelly,143320,855
Kelly,168132,379
Kelly,108738,590
Kelly,131803,596
Kelly,191732,626
Kelly,140890,848
Kelly,175340,508
Kelly,141019,148
Kelly,153032,82
Kelly,101776,122
Kelly,168593,322
Kelly,178864,157
Kelly,106002,757
Kelly,153275,835
Kelly,156818,19
Kelly,185828,110
Kelly,123308,666
Kelly,159796,424
Kelly,170545,278
Kelly,113451,547
Kelly,105787,583
Kelly,112745,474
Kelly,183887,37
Kelly,135527,603
Kelly,167941,454
Kelly,189433,593
Kelly,178861,987
Kelly,139537,218
Kelly,128042,509
Kelly,136134,956
Kelly,173048,434
Kelly,108917,790
Kelly,101201,349
Kelly,137288,777
Kelly,133636,783
Kelly,127761,370
Kelly,165608,704
Kelly,184716,974
Kelly,158342,155
Kelly,177779,283
Kelly,196496,492
Kelly,171847,802
Kelly,189234,565
Kelly,106886,762
Kelly,181033,312
Kelly,104226,763
Kelly,142406,566
Kelly,194184,830
Kelly,173156,361
Kelly,137718,403
Kelly,146615,650
Kelly,112740,270
Kelly,113856,879
Kelly,161534,529
Kelly,145576,408
Kelly,175101,443
Kelly,134423,346
Kelly,111279,609
Kelly,186522,928
Kelly,101474,259
Kelly,129177,659
Kelly,137815,33
Kelly,127943,755
Kelly,121621,109
Kelly,112887,684
Kelly,156570,95
Kelly,138165,710
Kelly,168825,352
Kelly,159220,812
Kelly,132881,738
Kelly,123953,274
Kelly,189521,314
Kelly,170037,291
Kelly,105946,582
Kelly,188031,732
Kelly,170394,976
Kelly,127868,199
Kelly,143991,992
Kelly,170007,220
Kelly,189345,378
Kelly,188794,934
Kelly,105055,799
Kelly,175115,634
Kelly,184408,440
Kelly,158245,460
Kelly,181837,577
Kelly,153339,768
Kelly,174115,322
Kelly,103505,345
Kelly,147957,709
Kelly,122518,578
Kelly,125888,238
Kelly,132313,70
Kelly,199340,887
Kelly,189359,181
Kelly,139783,89
Kelly,181962,38
Kelly,180272,323
Kelly,108543,637
Kelly,155154,812
Kelly,102106,107
Kelly,116169,702
Kelly,180571,305
Kelly,128918,734
Kelly,133887,101
Kelly,199017,668
Kelly,111283,428
Kelly,144179,695
Kelly,128542,521
Kelly,170028,140
Kelly,179269,403
Kelly,179791,174
Kelly,194410,873
Kelly,189812,200
Kelly,116268,615
Kelly,149411,154
Kelly,114014,269
Kelly,159184,207
Kelly,150617,352
Kelly,128078,241
Kelly,177631,239
Kelly,134929,382
Kelly,168706,739
Kelly,187003,14
Kelly,157617,820
Kelly,101350,485
Kelly,176465,28
Kelly,127804,5
Kelly,153801,6
Kelly,177564,406
Kelly,152743,734
Kelly,189472,805
Kelly,126213,644
Kelly,121084,691
Kelly,129597,517
Kelly,185049,976
Kelly,153986,906
Kelly,179414,217
Kelly,167008,818
Kelly,183278,365
Kelly,116060,174
Kelly,197755,992
Kelly,187116,845
Kelly,191775,449
Kelly,182589,16
Kelly,116984,448
Kelly,166701,630
Kelly,107508,655
Kelly,187388,822
Kelly,140629,77
Kelly,110891,148
Kelly,135298,890
Kelly,107744,776
Kelly,136936,143
Kelly,109043,541
Kelly,189422,763
Kelly,137301,810
Kelly,127348,227
Kelly,167213,975
Kelly,114173,857
Kelly,180595,486
Kelly,101812,415
Kelly,153008,186
Kelly,171166,776
Kelly,168867,880
Kelly,114535,22
Kelly,173506,920
Kelly,179385,648
Kelly,160806,600
Kelly,165974,807
Kelly,169514,648
Kelly,106940,439
Kelly,150144,656
Kelly,130786,912
Kelly,106863,681
Kelly,139487,636
Kelly,118934,275
Kelly,126284,767
Kelly,194358,149
Kelly,145798,64
Kelly,172406,98
Kelly,156704,584
Kelly,197022,871
Kelly,198857,584
Kelly,178325,438
Kelly,148212,309
Kelly,194506,925
Kelly,115763,322
Kelly,194169,748
Kelly,115179,713
Kelly,108979,798
Kelly,162144,602
Kelly,177340,975
Kelly,155681,784
Kelly,109640,25
Kelly,121625,274
Kelly,190199,173
Kelly,189989,490
Kelly,145857,874
Kelly,167410,557
Kelly,151346,835
Kelly,135972,98
Kelly,195182,78
Kelly,192375,842
Kelly,167123,273
Kelly,135315,435
Kelly,199267,90
Kelly,162738,830
Kelly,135278,965
Kelly,108193,560
Kelly,165158,523
Kelly,137268,888
Kelly,116559,105
Kelly,171091,879
Kelly,146421,29
Kelly,113704,111
Kelly,157165,218
Kelly,177251,287
Kelly,140578,714
Kelly,119582,888
Kelly,179872,964
Kelly,192167,914
Kelly,194092,154
Kelly,184593,201
Kelly,176527,658
Kelly,126264,55
Kelly,157975,816
Kelly,138134,345
Kelly,111586,936
Kelly,184729,613
Kelly,176747,116
Kelly,176957,711
Kelly,172533,225
Kelly,127844,125
Kelly,132503,352
Kelly,115210,655
Kelly,146780,123
Kelly,173684,210
Kelly,168419,147
Kelly,115002,459
Kelly,157629,397
Kelly,113740,874
Kelly,172655,901
Kelly,150863,565
Kelly,116823,654
Kelly,187656,837
Kelly,114617,122
Kelly,134691,165
Kelly,155883,709
Kelly,125392,44
Kelly,118149,181
Kelly,147972,982
Kelly,135095,120
Kelly,187978,675
Kelly,187961,108
Kelly,166903,281
Kelly,132171,328
Kelly,151230,48
Kelly,156631,548
Kelly,122438,561
Kelly,101714,270
Kelly,167041,896
Kelly,106034,638
Kelly,127643,226
Kelly,144515,825
Kelly,195268,928
Kelly,111528,153
Kelly,149714,587
Kelly,136266,188
Kelly,147378,437
Kelly,130153,822
Kelly,117702,14
Kelly,120100,950
Kelly,134939,924
Kelly,187968,489
Kelly,175029,630
Kelly,188926,13
Kelly,199328,599
Kelly,102036,78
Kelly,164098,599
Kelly,185267,119
Kelly,119789,198
Kelly,160601,698
Kelly,107168,250
Kelly,118104,604
Kelly,179028,872
Kelly,194373,222
Kelly,187883,276
Kelly,149262,142
Kelly,126029,534
Kelly,184077,199
Kelly,155395,495
Kelly,173286,385
Kelly,174116,55
Kelly,120635,220
Kelly,103642,215
Kelly,194698,345
Kelly,144133,497
Kelly,180493,830
Kelly,126488,634
Kelly,170990,163
Kelly,182841,734
Kelly,139380,682
Kelly,113801,184
Kelly,144612,863
Kelly,142526,603
Kelly,120243,677
Kelly,160570,741
Kelly,127208,611
Kelly,132833,989
Kelly,182572,601
Kelly,179281,508
Kelly,124850,163
Kelly,168474,911
Kelly,181828,771
Kelly,115877,229
Kelly,117613,691
Kelly,131077,914
Kelly,199749,790
Kelly,188016,701
Kelly,131890,363
Kelly,143973,439
Kelly,159256,289
Kelly,163391,4
Kelly,133005,731
Kelly,142583,162
Kelly,120310,444
Kelly,144210,733
Kelly,140270,678
Kelly,162057,825
Kelly,196344,271
Kelly,115155,436
Kelly,149129,277
Kelly,138014,462
Kelly,104339,130
Kelly,198348,187
Kelly,154788,927
Kelly,143465,456
Kelly,106721,139
Kelly,174896,914
Kelly,116651,691
Kelly,180156,857
Kelly,191189,738
Kelly,125167,285
Kelly,152609,786
Kelly,198185,454
Kelly,121401,673
Kelly,138306,352
Kelly,132528,60
Kelly,146685,499
Kelly,195315,810
Kelly,142531,801
Kelly,138515,364
Kelly,154673,883
Kelly,179023,694
Kelly,161807,608
Kelly,121335,405
Kelly,112232,55
Kelly,165786,152
Kelly,120865,26
Kelly,175689,686
Kelly,125152,588
Kelly,150927,654
Kelly,198050,659
Kelly,197825,598
Kelly,118782,551
Kelly,170263,597
Kelly,165414,265
Kelly,102043,144
Kelly,176416,71
Kelly,105624,436
Kelly,170670,320
Kelly,129704,779
Kelly,157313,624
Kelly,106632,318
Kelly,180224,423
Kelly,179646,866
Kelly,178685,296
Kelly,179439,954
Kelly,176621,264
Kelly,131464,872
Kelly,167906,713
Kelly,141990,701
Kelly,108648,741
Kelly,118530,98
Kelly,123941,109
Kelly,197575,979
Kelly,131766,658
Kelly,118035,22
Kelly,173110,455
Kelly,145978,912
Kelly,141275,375
Kelly,113378,373
Kelly,160296,776
Kelly,114992,143
Kelly,188495,320
Kelly,109423,461
Kelly,107761,110
Kelly,150513,877
Kelly,103459,75
Kelly,158635,391
Kelly,100587,714
Kelly,118735,253
Kelly,163972,666
Kelly,121629,743
Kelly,111778,937
Kelly,105909,778
Kelly,101531,807
Kelly,164957,575
Kelly,159230,324
Kelly,137848,816
Kelly,192042,642
Kelly,155237,975
Kelly,114081,776
Kelly,186886,215
Kelly,166012,568
Kelly,197722,334
Kelly,134798,654
Kelly,102207,768
Kelly,154352,531
Kelly,165400,61
Kelly,122664,936
Kelly,109273,856
Kelly,127109,244
Kelly,111305,621
Kelly,199257,588
Kelly,114664,135
Kelly,153324,33
Kelly,135297,174
Kelly,174691,665
Kelly,167033,912
Kelly,141888,698
Kelly,136462,231
Kelly,150069,790
Kelly,131476,555
Kelly,136176,488
Kelly,105640,447
Kelly,174654,413
Kelly,127604,16
Kelly,124909,533
Kelly,156901,98
Kelly,132283,89
Kelly,100113,174
Kelly,151740,447
Kelly,185694,490
Kelly,173336,89
Kelly,190560,64
Kelly,193407,544
Kelly,171429,909
Kelly,130401,190
Kelly,118925,910
Kelly,189563,952
Kelly,136700,305
Kelly,145761,947
Kelly,184173,938
Kelly,123321,944
Kelly,130053,28
Kelly,160883,759
Kelly,157679,586
Kelly,109750,208
Kelly,181250,53
Kelly,136112,800
Kelly,184941,89
Kelly,192819,777
Kelly,117506,651
Kelly,154226,760
Kelly,137429,899
Kelly,149913,433
Kelly,196328,108
Kelly,172001,4
Kelly,183878,260
Kelly,173405,670
Kelly,173811,510
Kelly,129792,513
Kelly,195173,43
Kelly,192609,430
Kelly,170519,965
Kelly,135682,272
Kelly,150979,895
Kelly,152033,198
Kelly,154575,949
Kelly,125299,921
Kelly,123099,591
Kelly,112663,987
Kelly,145394,613
Kelly,122743,71
Kelly,104767,787
Kelly,163358,788
Kelly,186899,364
Kelly,130823,844
Kelly,156913,893
Kelly,137918,458
Kelly,123742,161
Kelly,135944,755
Kelly,168192,311
Kelly,181197,677
Kelly,138493,978
Kelly,164501,265
Kelly,169724,39
Kelly,105546,548
Kelly,148241,646
Kelly,141963,653
Kelly,106614,866
Kelly,111479,366
Kelly,197796,782
Kelly,148778,11
Kelly,149035,815
Kelly,123998,631
Kelly,161012,6
Kelly,133476,284
Kelly,133571,87
Kelly,182955,230
Kelly,162476,95
Kelly,192185,457
Kelly,122844,963
Kelly,162563,389
Kelly,103234,645
Kelly,197716,709
Kelly,140555,842
Kelly,177590,79
Kelly,195715,654
Kelly,186114,281
Kelly,183611,912
Kelly,108381,338
Kelly,122450,266
Kelly,169467,156
Kelly,133220,746
Kelly,188132,974
Kelly,143307,913
Kelly,142738,212
Kelly,116581,385
Kelly,112824,211
Kelly,153288,705
Kelly,169035,149
Kelly,112064,866
Kelly,105451,498
Kelly,123843,855
Kelly,181858,78
Kelly,175145,18
Kelly,173698,399
Kelly,184429,887
Kelly,196243,128
Kelly,185696,708
Kelly,111826,464
Kelly,109760,306
Kelly,170078,17
Kelly,110750,877
Kelly,142941,262
Kelly,156216,742
Kelly,176536,842
Kelly,129442,566
Kelly,118827,870
Kelly,185780,228
Kelly,115337,918
Kelly,173689,598
Kelly,116064,637
Kelly,147933,685
Kelly,172158,943
Kelly,140653,796
Kelly,194536,573
Kelly,170791,670
Kelly,103512,610
Kelly,157885,644
Kelly,157744,166
Kelly,165168,305
Kelly,177802,938
Kelly,179711,583
Kelly,156673,990
Kelly,145675,960
Kelly,153812,209
Kelly,123291,28
Kelly,115151,670
Kelly,141560,315
Kelly,188340,759
Kelly,151026,259
Kelly,129712,172
Kelly,146529,738
Kelly,181565,19
Kelly,195909,262
Kelly,141760,303
Kelly,143204,470
Kelly,105270,297
Kelly,109478,797
Kelly,129103,236
Kelly,166720,610
Kelly,119410,392
Kelly,180558,264
Kelly,138651,850
Kelly,192068,346
Kelly,169149,925
Kelly,125923,24
Kelly,148779,388
Kelly,139175,481
Kelly,115721,337
Kelly,180325,171
Kelly,175028,661
Kelly,138218,583
Kelly,193613,753
Kelly,169909,772
Kelly,168776,385
Kelly,120794,340
Kelly,119980,16
Kelly,124073,705
Kelly,108167,652
Kelly,196789,763
Kelly,119329,150
Kelly,181071,552
Kelly,119083,278
Kelly,176506,9
Kelly,126764,297
Kelly,113486,810
Kelly,197897,751
Kelly,168569,69
Kelly,187078,514
Kelly,146065,379
Kelly,121941,414
Kelly,145461,21
Kelly,121853,103
Kelly,185731,426
Kelly,158589,534
Kelly,119468,855
Kelly,150514,752
Kelly,146714,574
Kelly,110978,377
Kelly,132769,461
Kelly,190142,471
Kelly,119108,160
Kelly,132735,627
Kelly,133016,441
Kelly,174876,496
Kelly,100722,606
Kelly,105010,103
Kelly,172056,596
Kelly,144731,331
Kelly,177535,908
Kelly,160281,335
Kelly,125803,5
Kelly,194376,182
Kelly,160888,572
Kelly,109860,499
Kelly,150808,62
Kelly,191292,360
Kelly,159337,789
Kelly,186737,262
Kelly,180588,776
Kelly,154884,629
Kelly,174569,814
Kelly,163871,927
Kelly,140448,674
Kelly,185953,38
Kelly,193607,554
Kelly,193589,630
Kelly,159737,70
Kelly,111205,294
Kelly,106329,897
Kelly,141832,203
Kelly,131108,624
Kelly,113042,196
Kelly,180795,139
Kelly,184649,86
Kelly,199149,939
Kelly,175146,369
Kelly,172272,588
Kelly,124625,312
Kelly,197190,55
Kelly,133329,636
Kelly,112299,6
Kelly,120068,472
Kelly,185550,826
Kelly,194828,63
Kelly,181773,328
Kelly,164865,610
Kelly,168325,313
Kelly,159860,299
Kelly,148256,595
Kelly,186381,700
Kelly,129074,687
Kelly,100242,963
Kelly,141387,573
Kelly,192060,160
Kelly,112596,55
Kelly,146128,179
Kelly,184580,523
Kelly,188118,837
Kelly,133503,916
Kelly,171271,993
Kelly,159299,287
Kelly,182559,463
Kelly,198430,567
Kelly,196661,59
Kelly,161490,214
Kelly,105660,432
Kelly,178047,120
Kelly,197407,297
Kelly,120113,12
Kelly,137000,693
Kelly,192048,479
Kelly,149239,167
Kelly,105006,346
Kelly,157168,857
Kelly,103938,145
Kelly,194577,361
Kelly,180658,950
Kelly,151086,755
Kelly,120526,491
Kelly,129019,823
Kelly,139086,979
Kelly,130147,362
Kelly,172214,318
Kelly,171664,887
Kelly,125044,504
Kelly,114200,797
Kelly,117542,495
Kelly,101924,43
Kelly,130277,295
Kelly,163363,415
Kelly,104140,913
Kelly,114030,459
Kelly,192324,584
Kelly,165433,493
Kelly,181400,331
Kelly,148024,106
Kelly,109386,927
Kelly,112572,417
Kelly,118408,618
Kelly,184644,979
Kelly,154458,419
Kelly,147892,160
Kelly,186861,942
Kelly,162857,652
Kelly,116370,903
Kelly,128787,469
Kelly,123599,369
Kelly,117448,975
Kelly,145397,876
Kelly,118166,202
Kelly,126107,904
Kelly,193550,716
Kelly,198137,469
Kelly,184682,288
Kelly,143836,385
Kelly,122828,166
Kelly,170317,661
Kelly,125324,566
Kelly,107281,861
Kelly,122279,205
Kelly,105921,734
Kelly,195868,19
Kelly,192546,328
Kelly,199264,564
Kelly,177551,49
Kelly,136882,268
Kelly,183239,887
Kelly,146012,73
Kelly,154425,436
Kelly,163161,57
Kelly,138907,132
Kelly,196311,646
Kelly,185831,664
Kelly,118177,485
Kelly,191402,105
Kelly,143769,250
Kelly,196308,607
Kelly,116192,712
Kelly,128399,167
Kelly,103801,354
Kelly,153002,125
Kelly,176197,899
Kelly,166469,414
Kelly,109590,946
Kelly,195225,685
Kelly,165045,30
Kelly,109654,15
Kelly,164920,732
Kelly,131796,1
Kelly,174334,16
Kelly,185109,984
Kelly,150190,954
Kelly,152892,587
Kelly,160620,354
Kelly,136805,531
Kelly,162634,14
Kelly,159742,3
Kelly,126849,308
Kelly,117212,810
Kelly,127127,743
Kelly,142618,500
Kelly,138208,793
Kelly,102592,407
Kelly,176981,523
Kelly,117549,458
Kelly,115112,76
Kelly,187685,188
Kelly,122488,142
Kelly,190761,49
Kelly,109070,92
Kelly,151067,824
Kelly,164128,286
Kelly,137708,530
Kelly,154865,859
Kelly,111844,601
Kelly,129719,573
Kelly,175959,580
Kelly,188231,719
Kelly,114827,934
Kelly,191187,642
Kelly,107376,782
Kelly,182866,648
Kelly,110124,254
Kelly,142309,2
Kelly,131139,33
Kelly,127656,105
Kelly,132527,912
Kelly,150903,337
Kelly,158904,28
Kelly,197335,989
Kelly,130073,832
Kelly,114892,603
Kelly,135665,253
Kelly,107665,833
Kelly,133658,510
Kelly,144786,323
Kelly,154062,524
Kelly,165005,100
Kelly,118734,82
Kelly,126585,379
Kelly,182957,93
Kelly,149377,375
Kelly,185191,26
Kelly,122059,870
Kelly,100170,357
Kelly,133342,918
Kelly,129546,786
Kelly,132930,709
Kelly,191021,895
Kelly,160770,305
Kelly,102208,267
Kelly,144343,894
Kelly,197708,827
Kelly,131559,565
Kelly,146880,23
Kelly,135585,400
Kelly,138210,65
Kelly,123610,524
Kelly,129193,582
Kelly,187343,878
Kelly,101165,235
Kelly,199661,240
Kelly,114116,144
Kelly,149102,780
Kelly,103143,799
Kelly,168918,822
Kelly,195358,433
Kelly,189876,986
Kelly,109238,595
Kelly,123389,76
Kelly,188201,664
Kelly,192111,415
Kelly,114337,424
Kelly,102946,475
Kelly,146207,865
Kelly,156455,929
Kelly,131420,504
Kelly,140747,993
Kelly,108943,203
Kelly,100438,639
Kelly,142493,702
Kelly,117956,977
Kelly,113074,624
Kelly,146151,951
Kelly,150154,29
Kelly,129545,781
Kelly,150361,627
Kelly,117443,806
Kelly,174462,885
Kelly,194934,911
Kelly,182620,626
Kelly,124761,120
Kelly,122977,966
Kelly,145105,687
Kelly,168365,23
Kelly,164304,658
Kelly,156686,71
Kelly,199488,443
Kelly,139932,886
Kelly,197109,900
Kelly,146394,962
Kelly,114046,620
Kelly,103123,190
Kelly,124752,509
Kelly,164197,201
Kelly,109709,956
Kelly,117896,485
Kelly,188548,345
Kelly,184573,503
Kelly,121443,851
Kelly,108031,555
Kelly,164391,819
Kelly,178796,685
Kelly,189114,796
Kelly,181885,800
Kelly,161301,998
Kelly,198810,357
Kelly,191557,831
Kelly,157660,969
Kelly,192396,735
Kelly,127585,619
Kelly,157999,843
Kelly,143891,533
Kelly,192973,296
Kelly,115449,934
Kelly,132401,151
Kelly,155878,509
Kelly,125235,805
Kelly,154741,656
Kelly,106590,913
Kelly,112888,546
Kelly,140056,697
Kelly,170948,443
Kelly,159926,748
Kelly,127548,317
Kelly,127261,538
Kellie,107294,323
Kellie,184428,278
Kellie,154214,318
Kellie,130756,291
Kellie,100498,646
Kellie,119498,118
Kellie,136510,812
Kellie,131851,681
Kellie,167310,466
Kellie,118091,58
Kellie,153258,690
Kellie,121075,339
Kellie,105464,973
Kellie,121264,183
Kellie,129265,365
Kellie,183171,697
Kellie,121071,554
Kellie,127181,774
Kellie,187825,803
Kellie,199460,314
Kellie,179849,199
Kellie,136130,360
Kellie,101476,468
Kellie,142965,519
Kellie,152223,415
Kellie,176454,405
Kellie,151145,273
Kellie,108773,785
Kellie,168227,962
Kellie,187820,20
Kellie,133143,131
Kellie,132830,995
Kellie,104733,399
Kellie,139503,328
Kellie,171329,451
Kellie,110538,250
Kellie,191479,225
Kellie,126547,224
Kellie,101429,395
Kellie,107323,975
Kellie,128263,583
Kellie,155257,91
Kellie,125773,145
Kellie,110399,742
Kellie,188389,63
Kellie,117891,370
Kellie,172206,711
Kellie,145464,719
Kellie,168239,854
Kellie,125572,12
Kellie,161641,32
Kellie,111237,73
Kellie,123109,608
Kellie,174570,686
Kellie,180966,317
Kellie,155448,608
Kellie,180407,914
Kellie,138423,601
Kellie,170917,386
Kellie,119163,522
Kellie,118552,445
Kellie,192105,936
Kellie,182105,928
Kellie,189120,950
Kellie,197410,948
Kellie,178261,76
Kellie,174157,202
Kellie,178762,523
Kellie,118698,706
Kellie,187953,487
Kellie,153399,942
Kellie,122419,265
Kellie,148943,165
Kellie,106694,266
Kellie,102073,742
Kellie,157150,348
Kellie,121733,39
Kellie,138894,275
Kellie,122398,469
Kellie,154718,422
Kellie,166718,106
Kellie,192577,398
Kellie,150847,82
Kellie,154187,843
Kellie,162793,445
Kellie,196693,800
Kellie,120210,626
Kellie,116292,749
Kellie,125357,727
Kellie,125260,159
Kellie,106445,515
Kellie,129315,543
Kellie,181857,893
Kellie,112150,615
Kellie,150239,604
Kellie,164054,470
Kellie,195181,259
Kellie,183085,519
Kellie,152698,386
Kellie,166557,577
Kellie,168218,936
Kellie,196823,497
Kellie,187599,274
Kellie,198219,15
Kellie,122970,269
Kellie,196815,819
Kellie,170202,156
Kellie,143407,215
Kellie,117879,245
Kellie,161682,352
Kellie,115321,949
Kellie,149946,659
Kellie,179927,426
Kellie,116697,111
Kellie,117386,503
Kellie,154597,610
Kellie,134731,958
Kellie,122327,858
Kellie,131590,267
Kellie,162989,704
Kellie,129777,361
Kellie,139015,322
Kellie,163213,216
Kellie,110681,535
Kellie,188571,19
Kellie,190288,404
Kellie,130212,754
Kellie,173509,100
Kellie,164285,20
Kellie,144621,65
Kellie,111304,49
Kellie,172911,654
Kellie,187498,466
Kellie,194155,922
Kellie,104913,721
Kellie,108399,601
Kellie,163501,968
Kellie,140040,588
Kellie,184094,782
Kellie,170114,736
Kellie,157928,47
Kellie,185219,779
Kellie,190964,275
Kellie,132819,307
Kellie,137324,165
Kellie,174545,171
Kellie,116257,823
Kellie,173330,223
Kellie,116576,703
Kellie,185765,658
Kellie,169981,587
Kellie,135842,434
Kellie,170819,76
Kellie,195722,834
Kellie,122995,212
Kellie,101312,745
Kellie,115630,587
Kellie,110615,475
Kellie,181111,181
Kellie,142674,858
Kellie,163235,100
Kellie,131866,307
Kellie,177558,410
Kellie,116110,738
Kellie,126243,344
Kellie,199354,201
Kellie,175798,134
Kellie,118565,197
Kellie,162440,201
Kellie,170899,197
Kellie,181903,244
Kellie,173708,355
Kellie,108851,502
Kellie,185951,886
Kellie,192723,926
Kellie,175094,379
Kellie,195882,356
Kellie,143013,982
Kellie,141152,739
Kellie,180954,571
Kellie,104016,773
Kellie,157042,839
Kellie,179651,112
Kellie,100055,224
Kellie,145685,754
Kellie,195586,682
Kellie,130188,503
Kellie,177349,654
Kellie,100975,31
Kellie,115138,453
Kellie,196865,300
Kellie,128149,742
Kellie,174979,298
Kellie,190711,52
Kellie,140589,59
Kellie,121997,538
Kellie,102326,332
Kellie,122733,980
Kellie,193591,810
Kellie,193224,515
Kellie,136856,539
Kellie,110567,461
Kellie,140937,578
Kellie,150806,721
Kellie,126164,147
Kellie,160129,41
Kellie,160977,318
Kellie,179860,362
Kellie,156182,554
Kellie,186726,485
Kellie,105565,645
Kellie,153019,739
Kellie,169996,465
Kellie,111706,166
Kellie,152456,502
Kellie,194729,861
Kellie,175204,322
Kellie,168358,988
Kellie,179434,646
Kellie,101871,860
Kellie,105655,577
Kellie,190426,682
Kellie,178650,571
Kellie,112130,247
Kellie,104570,430
Kellie,162347,164
Kellie,154159,501
Kellie,134353,932
Kellie,167921,136
Kellie,148369,537
Kellie,145143,934
Kellie,195341,676
Kellie,199716,119
Kellie,151915,236
Kellie,154073,519
Kellie,141220,753
Kellie,140109,657
Kellie,135559,667
Kellie,198518,89
Kellie,166594,682
Kellie,143169,600
Kellie,197782,288
Kellie,163981,948
Kellie,175461,799
Kellie,171679,971
Kellie,188052,944
Kellie,148275,942
Kellie,129769,51
Kellie,102008,200
Kellie,124554,661
Kellie,133187,734
Kellie,152450,62
Kellie,145630,99
Kellie,187226,908
Kellie,178608,456
Kellie,187232,567
Kellie,152451,750
Kellie,179587,37
Kellie,170310,624
Kellie,178050,214
Kellie,185122,928
Kellie,191060,37
Kellie,159119,534
Kellie,184609,281
Kellie,182096,869
Kellie,178170,659
Kellie,138371,388
Kellie,157789,352
Kellie,153091,552
Kellie,163966,394
Kellie,120188,112
Kellie,155039,321
Kellie,112377,406
Kellie,105733,21
Kellie,186963,264
Kellie,147823,934
Kellie,146034,408
Kellie,176806,699
Kellie,144726,170
Kellie,102979,499
Kellie,125440,108
Kellie,157620,122
Kellie,122849,248
Kellie,198920,891
Kellie,131984,574
Kellie,156450,32
Kellie,182673,931
Kellie,111869,100
Kellie,102746,827
Kellie,160974,934
Kellie,103730,188
Kellie,189222,678
Kellie,100444,996
Kellie,103701,551
Kellie,135221,28
Kellie,198833,856
Kellie,150207,965
Kellie,172052,936
Kellie,177211,819
Kellie,122592,430
Kellie,145095,629
Kellie,133449,249
Kellie,155135,817
Kellie,122625,248
Kellie,132648,12
Kellie,118748,914
Kellie,166606,56
Kellie,149939,507
Kellie,107858,754
Kellie,169264,966
Kellie,103313,611
Kellie,145726,298
Kellie,130611,737
Kellie,125658,139
Kellie,135170,820
Kellie,179188,487
Kellie,129915,468
Kellie,194019,162
Kellie,172669,315
Kellie,153322,777
Kellie,185177,880
Kellie,162074,631
Kellie,136183,398
Kellie,180218,825
Kellie,190491,517
Kellie,159297,102
Kellie,100284,387
Kellie,175821,605
Kellie,104678,449
Kellie,100151,620
Kellie,176588,455
Kellie,151777,836
Kellie,129935,550
Kellie,146366,165
Kellie,123519,181
Kellie,172766,310
Kellie,186188,138
Kellie,146389,227
Kellie,152139,699
Kellie,130347,468
Kellie,172432,755
Kellie,187508,348
Kellie,198351,309
Kellie,180251,623
Kellie,139371,447
Kellie,141105,353
Kellie,165485,171
Kellie,152559,501
Kellie,109802,406
Kellie,188110,196
Kellie,166860,444
Kellie,128742,980
Kellie,154134,446
Kellie,174711,831
Kellie,180471,418
Kellie,151893,885
Kellie,144180,689
Kellie,168804,299
Kellie,157242,553
Kellie,145727,852
Kellie,109638,158
Kellie,111932,280
Kellie,185597,102
Kellie,168947,150
Kellie,133431,277
Kellie,159687,741
Kellie,142060,909
Kellie,174003,220
Kellie,118375,312
Kellie,105622,135
Kellie,148952,466
Kellie,160125,386
Kellie,139000,575
Kellie,172103,167
Kellie,172294,137
Kellie,165151,227
Kellie,176405,877
Kellie,159637,925
Kellie,156023,193
Kellie,168921,534
Kellie,106850,898
Kellie,104399,229
Kellie,112586,159
Kellie,173168,256
Kellie,149843,93
Kellie,129457,108
Kellie,176320,536
Kellie,195091,93
Kellie,130941,849
Kellie,163106,551
Kellie,163114,16
Kellie,190351,906
Kellie,115848,366
Kellie,112666,361
Kellie,106596,672
Kellie,135746,754
Kellie,128828,240
Kellie,135304,863
Kellie,152464,492
Kellie,178198,316
Kellie,132958,311
Kellie,154794,507
Kellie,158887,142
Kellie,158270,301
Kellie,111895,294
Kellie,142131,379
Kellie,176047,137
Kellie,161553,503
Kellie,156565,30
Kellie,177075,209
Kellie,183409,232
Kellie,124771,409
Kellie,100305,964
Kellie,183818,885
Kellie,149074,229
Kellie,106261,78
Kellie,114455,407
Kellie,191653,310
Kellie,103894,475
Kellie,163329,187
Kellie,185461,792
Kellie,178689,393
Kellie,160294,949
Kellie,122428,470
Kellie,180810,69
Kellie,144541,782
Kellie,135784,886
Kellie,149188,206
Kellie,155211,519
Kellie,132386,565
Kellie,154881,846
Kellie,109855,866
Kellie,142621,770
Kellie,149179,723
Kellie,162692,588
Kellie,144052,73
Kellie,160134,360
Kellie,102034,317
Kellie,199857,695
Kellie,190668,675
Kellie,193108,686
Kellie,190289,108
Kellie,175859,667
Kellie,104067,827
Kellie,112945,917
Kellie,123777,351
Kellie,105940,340
Kellie,186991,341
Kellie,152218,999
Kellie,193425,671
Kellie,108059,955
Kellie,177095,877
Kellie,142607,990
Kellie,164064,239
Kellie,182166,387
Kellie,198937,588
Kellie,142336,683
Kellie,105609,416
Kellie,172918,100
Kellie,177854,654
Kellie,185906,536
Kellie,113883,557
Kellie,180628,791
Kellie,174204,76
Kellie,187675,664
Kellie,130995,109
Kellie,128538,95
Kellie,103885,937
Kellie,175860,107
Kellie,156329,516
Kellie,132332,675
Kellie,133966,521
Kellie,157004,708
Kellie,186014,645
Kellie,172121,388
Kellie,195156,13
Kellie,165550,78
Kellie,141655,479
Kellie,180258,935
Kellie,195960,707
Kellie,134638,387
Kellie,173214,94
Kellie,160094,575
Kellie,168079,442
Kellie,155163,706
Kellie,103915,310
Kellie,120407,189
Kellie,131342,802
Kellie,190105,770
Kellie,102364,340
Kellie,118145,737
Kellie,159456,339
Kellie,173147,942
Kellie,118977,166
Kellie,168724,218
Kellie,136640,927
Kellie,132337,409
Kellie,152595,294
Kellie,126211,917
Kellie,140289,831
Kellie,185389,466
Kellie,100297,852
Kellie,165571,745
Kellie,155241,774
Kellie,127556,243
Kellie,114611,760
Kellie,126464,140
Kellie,183634,380
Kellie,136776,403
Kellie,128428,294
Kellie,187527,123
Kellie,196993,103
Kellie,184714,702
Kellie,142489,653
Kellie,103755,949
Kellie,134534,504
Kellie,105522,597
Kellie,122873,660
Kellie,142735,384
Kellie,167025,188
Kellie,117782,719
Kellie,151316,57
Kellie,199933,878
Kellie,138878,224
Kellie,113297,566
Kellie,189771,116
Kellie,184463,600
Kellie,110348,261
Kellie,117291,291
Kellie,158920,458
Kellie,142145,958
Kellie,124188,691
Kellie,151820,478
Kellie,119807,444
Kellie,106151,406
Kellie,195013,245
Kellie,146193,345
Kellie,144168,698
Kellie,185392,353
Kellie,115264,661
Kellie,104776,492
Kellie,190640,125
Kellie,108886,62
Kellie,179905,562
Kellie,169343,22
Kellie,107620,942
Kellie,110236,682
Kellie,104794,311
Kellie,141825,280
Kellie,178407,498
Kellie,142601,142
Kellie,182339,693
Kellie,168463,142
Kellie,181836,301
Kellie,162588,825
Kellie,146004,324
Kellie,142350,732
Kellie,167561,782
Kellie,192780,669
Kellie,193725,474
Kellie,116331,454
Kellie,100525,707
Kellie,170139,930
Kellie,134415,264
Kellie,117711,765
Kellie,124583,636
Kellie,139017,560
Kellie,184679,595
Kellie,185959,292
Kellie,189327,791
Kellie,168484,616
Kellie,171098,181
Kellie,169554,655
Kellie,133094,944
Kellie,120515,184
Kellie,149894,710
Kellie,133485,543
Kellie,103294,607
Kellie,186414,485
Kellie,191576,5
Kellie,138372,341
Kellie,147214,774
Kellie,144622,967
Kellie,139978,721
Kellie,184677,348
Kellie,176833,494
Kellie,128715,284
Kellie,176359,8
Kellie,113118,252
Kellie,191619,869
Kellie,156953,293
Kellie,137915,242
Kellie,157446,253
Kellie,123810,314
Kellie,142642,685
Kellie,127223,444
Kellie,189817,45
Kellie,183370,149
Kellie,187099,788
Kellie,135069,385
Kellie,140379,795
Kellie,117390,425
Kellie,114685,718
Kellie,101816,69
Kellie,125924,778
Kellie,140739,906
Kellie,172038,74
Kellie,143416,101
Kellie,150791,335
Kellie,102800,0
Kellie,185565,524
Kellie,162715,485
Kellie,185023,712
Kellie,133204,195
Kellie,138224,587
Kellie,147564,889
Kellie,123012,709
Kellie,101157,864
Kellie,165213,247
Kellie,144733,288
Kellie,153248,184
Kellie,154211,54
Kellie,153350,688
Kellie,107309,174
Kellie,186561,48
Kellie,150380,303
Kellie,155267,438
Kellie,163626,880
Kellie,172496,900
Kellie,109439,178
Kellie,139061,527
Kellie,111954,559
Kellie,132119,55
Kellie,141863,115
Kellie,156875,268
Kellie,195625,876
Kellie,129222,139
Kellie,114113,935
Kellie,161669,71
Kellie,192259,768
Kellie,134857,948
Kellie,183424,593
Kellie,165365,768
Kellie,138928,512
Kellie,194134,871
Kellie,100511,233
Kellie,169213,896
Kellie,173696,939
Kellie,196341,552
Kellie,147313,526
Kellie,152513,601
Kellie,151188,390
Kellie,197583,53
Kellie,147753,991
Kellie,143116,967
Kellie,121307,362
Kellie,170019,404
Kellie,104707,993
Kellie,121014,830
Kellie,116381,164
Kellie,183746,884
Kellie,195746,149
Kellie,166186,127
Kellie,109996,815
Kellie,195185,964
Kellie,143995,829
Kellie,137508,239
Kellie,128590,573
Kellie,150867,426
Kellie,131641,945
Kellie,105644,808
Kellie,111068,889
Kellie,103855,282
Kellie,189683,818
Kellie,105276,632
Kellie,158829,112
Kellie,117098,485
Kellie,151934,27
Kellie,198930,462
Kellie,186496,878
Kellie,140945,5
Kellie,161017,869
Kellie,159823,513
Kellie,137441,346
Kellie,104658,437
Kellie,105924,504
Kellie,120400,753
Kellie,191714,814
Kellie,182568,660
Kellie,148023,502
Kellie,133221,408
Kellie,141931,872
Kellie,138105,800
Kellie,119278,895
Kellie,120660,686
Kellie,173497,721
Kellie,151212,678
Kellie,114605,359
Kellie,122795,45
Kellie,190804,172
Kellie,130411,224
Kellie,171069,708
Kellie,126406,462
Kellie,146077,899
Kellie,198358,52
Kellie,119878,358
Kellie,139131,131
Kellie,152145,89
Kellie,187014,16
Kellie,102357,655
Kellie,113309,679
Kellie,173234,30
Kellie,149221,27
Kellie,109629,760
Kellie,125142,82
Kellie,158388,479
Kellie,183344,951
Kellie,114258,386
Kellie,145868,455
Kellie,166902,847
Kellie,188496,591
Kellie,120702,174
Kellie,199919,477
Kellie,107022,467
Kellie,157127,58
Kellie,107214,715
Kellie,167347,151
Kellie,158614,767
Kellie,111035,217
Kellie,143975,170
Kellie,195830,735
Kellie,167952,271
Kellie,104908,217
Kellie,146970,228
Kellie,141772,156
Kellie,196679,289
Kellie,144748,78
Kellie,161155,833
Kellie,105669,260
Kellie,186660,950
Kellie,189646,621
Kellie,126588,208
Kellie,152813,113
Kellie,181312,86
Kellie,122425,235
Kellie,173516,836
Kellie,132277,9
Kellie,178525,625
Kellie,136540,98
Kellie,121577,214
Kellie,127102,248
Kellie,150971,286
Kellie,154129,49
Kellie,136072,976
Kellie,107756,832
Kellie,147042,449
Kellie,144119,654
Kellie,172443,409
Kellie,171837,50
Kellie,108700,980
Kellie,110132,670
Kellie,193594,409
Kellie,107524,811
Kellie,179027,711
Kellie,192635,231
Kellie,164987,46
Kellie,126994,265
Kellie,173016,674
Kellie,101649,660
Kellie,126898,811
Kellie,111081,428
Kellie,165719,948
Kellie,189834,56
Kellie,149653,828
Kellie,110727,29
Kellie,182630,94
Kellie,163199,384
Kellie,122906,219
Kellie,127557,312
Kellie,105036,777
Kellie,173977,305
Kellie,189508,205
Kellie,144232,36
Kellie,106088,59
Kellie,107704,581
Kellie,163065,961
Kellie,130635,700
Kellie,162825,670
Kellie,159280,82
Kellie,117194,130
Kellie,180357,438
Kellie,154358,384
Kellie,121189,71
Kellie,144062,626
Kellie,106496,410
Kellie,113547,597
Kellie,119590,682
Kellie,180466,919
Kellie,187977,834
Kellie,163350,852
Kellie,184244,390
Kellie,186275,474
Kellie,152282,1000
Kellie,136406,872
Kellie,149654,110
Kellie,113406,606
Kellie,147602,231
Kellie,182727,519
Kellie,106960,83
Kellie,171520,990
Kellie,191320,993
Kellie,120268,104
Kellie,197083,79
Kellie,152997,279
Kellie,188070,447
Kellie,132502,564
Kellie,126342,932
Kellie,134729,665
Kellie,118535,172
Kellie,100758,314
Kellie,104910,888
Kellie,141735,430
Kellie,147075,41
Kellie,138671,79
Kellie,104388,37
Kellie,182386,865
Kellie,197813,441
Kellie,186677,442
Kellie,128577,849
Kellie,189991,776
Kellie,116050,551
Kellie,191049,453
Kellie,168690,175
Kellie,183284,6
Kellie,101840,842
Kellie,141848,261
Kellie,143998,99
Kellie,198762,23
Kellie,193462,935
Kellie,138787,7
Kellie,175808,980
Kellie,139955,869
Kellie,187955,66
Kellie,151156,387
Kellie,170927,505
Kellie,179871,178
Kellie,195666,553
Kellie,127549,19
Kellie,101806,522
Kellie,164745,341
Kellie,186787,784
Kellie,157522,643
Kellie,165874,600
Kellie,153735,832
Kellie,199068,742
Kellie,139451,468
Kellie,197690,682
Kellie,105418,801
Kellie,118174,691
Kellie,118136,604
Kellie,177672,609
Kellie,191440,729
Kellie,198623,440
Kellie,182448,750
Kellie,160346,631
Kellie,134109,875
Kellie,186549,458
Kellie,130740,629
Kellie,104577,586
Kellie,162128,951
Kellie,192450,229
Kellie,148373,329
Kellie,194258,67
Kellie,156210,301
Kellie,149134,673
Kellie,171060,792
Kellie,175830,191
Kellie,106354,975
Kellie,102317,154
Kellie,189651,126
Kellie,166144,627
Kellie,178868,466
Kellie,120034,140
Kellie,195831,770
Kellie,180865,39
Kellie,147960,912
Kellie,139661,323
Kellie,115577,963
Kellie,155461,812
Kellie,158789,788
Kellie,147041,532
Kellie,178684,774
Kellie,133280,802
Kellie,145575,489
Kellie,199572,477
Kellie,183163,97
Kellie,141607,256
Kellie,108631,58
Kellie,106490,241
Kellie,125162,393
Kellie,111575,806
Kellie,159746,988
Kellie,164715,729
Kellie,134095,163
Kellie,104410,583
Kellie,174365,350
Kellie,113710,831
Kellie,148431,673
Kellie,162612,379
Kellie,186448,200
Kellie,164135,854
Kellie,100624,447
Kellie,125597,46
Kellie,195092,672
Kellie,121460,571
Kellie,187473,253
Kellie,130572,618
Kellie,127047,960
Kellie,138228,441
Kellie,168958,678
Kellie,124352,408
Kellie,173314,116
Kellie,142668,838
Kellie,175936,154
Kellie,186104,942
Kellie,183789,605
Kellie,101105,107
Kellie,188462,111
Kellie,190760,889
Kellie,123978,993
Kellie,101120,656
Kellie,114426,489
Kellie,169198,790
Kellie,189836,149
Kellie,114652,93
Kellie,111264,684
Kellie,124418,508
Kellie,194455,603
Kellie,123165,377
Kellie,176931,246
Kellie,128686,564
Kellie,102147,485
Kellie,161099,312
Kellie,137517,100
Kellie,177822,357
Kellie,149598,658
Kellie,168711,588
Kellie,156683,592
Kellie,114957,412
Kellie,180957,527
Kellie,151982,880
Kellie,173782,398
Kellie,177378,422
Kellie,107690,329
Kellie,130904,798
Kellie,124230,12
Kellie,129076,65
Kellie,194975,217
Kellie,113730,457
Kellie,178800,592
Kellie,158178,47
Kellie,107329,469
Kellie,102788,744
Kellie,120429,548
Kellie,167312,930
Kellie,173056,387
Kellie,145052,929
Kellie,162981,638
Kellie,155931,765
Kellie,176353,970
Kellie,182254,97
Kellie,177319,809
Kellie,122869,565
Kato,185126,19
Kato,109942,613
Kato,150695,464
Kato,116881,675
Kato,121381,1000
Kato,103308,666
Kato,176062,229
Kato,106122,557
Kato,105721,897
Kato,148938,817
Kato,170017,487
Kato,158813,796
Kato,113082,171
Kato,197286,796
Kato,121092,285
Kato,102356,555
Kato,157205,467
Kato,149159,454
Kato,171427,874
Kato,118633,48
Kato,157064,256
Kato,133693,513
Kato,146933,798
Kato,155579,287
Kato,197492,605
Kato,172162,859
Kato,116817,423
Kato,127808,954
Kato,183016,252
Kato,184817,829
Kato,114438,759
Kato,180414,87
Kato,157485,290
Kato,150878,317
Kato,135948,875
Kato,170240,110
Kato,189435,894
Kato,154544,758
Kato,164785,16
Kato,189116,543
Kato,135951,960
Kato,146326,218
Kato,181643,529
Kato,184720,80
Kato,132548,255
Kato,189926,292
Kato,154444,627
Kato,144894,145
Kato,111281,194
Kato,156905,653
Kato,198031,352
Kato,121088,732
Kato,134486,508
Kato,154652,759
Kato,180215,314
Kato,144294,194
Kato,164030,800
Kato,189230,481
Kato,110857,612
Kato,179386,37
Kato,109977,273
Kato,125736,481
Kato,121933,774
Kato,104765,217
Kato,100181,526
Kato,158077,242
Kato,158296,804
Kato,112776,833
Kato,187076,206
Kato,110255,81
Kato,162914,1
Kato,161434,191
Kato,160283,229
Kato,164306,797
Kato,127987,2
Kato,121037,527
Kato,168831,874
Kato,195552,608
Kato,148881,168
Kato,191221,16
Kato,115104,774
Kato,184275,452
Kato,195980,336
Kato,137612,94
Kato,188139,398
Kato,114245,182
Kato,180268,257
Kato,113002,669
Kato,164453,990
Kato,175824,454
Kato,176569,487
Kato,181421,365
Kato,157094,321
Kato,112071,102
Kato,122836,521
Kato,188967,91
Kato,182258,770
Kato,150333,95
Kato,122478,504
Kato,173472,623
Kato,166986,347
Kato,182143,383
Kato,117304,376
Kato,179297,551
Kato,128510,466
Kato,189019,123
Kato,124358,892
Kato,165396,881
Kato,101215,213
Kato,186508,318
Kato,193382,646
Kato,149909,928
Kato,153304,965
Kato,107422,822
Kato,137190,13
Kato,196904,131
Kato,112239,165
Kato,116290,458
Kato,166646,475
Kato,199470,388
Kato,149182,70
Kato,177375,889
Kato,101577,919
Kato,130297,853
Kato,173229,624
Kato,123020,836
Kato,171507,691
Kato,152107,160
Kato,143640,143
Kato,126028,438
Kato,154376,342
Kato,179270,377
Kato,181189,32
Kato,178738,493
Kato,176019,524
Kato,175003,345
Kato,133895,568
Kato,166488,605
Kato,173390,417
Kato,157270,750
Kato,158915,653
Kato,151059,32
Kato,156977,356
Kato,197635,395
Kato,179264,709
Kato,154669,102
Kato,128612,431
Kato,165037,461
Kato,117110,989
Kato,183662,198
Kato,167870,879
Kato,179542,571
Kato,114833,882
Kato,127576,567
Kato,156440,421
Kato,103729,137
Kato,159448,487
Kato,187776,260
Kato,174639,398
Kato,140049,425
Kato,108859,387
Kato,146818,760
Kato,126324,375
Kato,145704,380
Kato,196959,31
Kato,150860,788
Kato,158630,733
Kato,182731,84
Kato,187210,645
Kato,138276,801
Kato,153575,220
Kato,153913,914
Kato,105883,953
Kato,114675,790
Kato,137661,143
Kato,132142,340
Kato,125608,264
Kato,179836,297
Kato,125605,166
Kato,141520,487
Kato,159614,649
Kato,173165,510
Kato,104618,734
Kato,147202,77
Kato,153829,970
Kato,166470,756
Kato,113533,651
Kato,160265,414
Kato,102609,451
Kato,156802,245
Kato,110556,715
Kato,149817,344
Kato,133652,265
Kato,136809,605
Kato,146494,155
Kato,102617,294
Kato,129784,196
Kato,138766,470
Kato,195422,176
Kato,163397,364
Kato,102752,220
Kato,114629,769
Kato,170328,985
Kato,191250,766
Kato,149436,195
Kato,142484,448
Kato,145993,176
Kato,193200,447
Kato,192685,621
Kato,190873,498
Kato,140139,246
Kato,136333,950
Kato,149523,354
Kato,118131,314
Kato,173132,551
Kato,132286,444
Kato,134682,251
Kato,122654,415
Kato,100440,202
Kato,196670,771
Kato,137932,47
Kato,133982,319
Kato,142029,33
Kato,100853,1
Kato,188824,609
Kato,134727,651
Kato,178698,252
Kato,126631,751
Kato,187964,526
Kato,100706,847
Kato,107115,765
Kato,139567,268
Kato,187050,394
Kato,113945,542
Kato,164334,107
Kato,149461,318
Kato,172457,974
Kato,127670,50
Kato,121561,415
Kato,147218,71
Kato,165244,909
Kato,122539,953
Kato,124563,485
Kato,151341,372
Kato,177413,172
Kato,128273,808
Kato,156709,385
Kato,177079,973
Kato,115842,834
Kato,112271,669
Kato,151857,732
Kato,163711,268
Kato,118435,458
Kato,172847,719
Kato,134706,450
Kato,135774,63
Kato,100259,219
Kato,166003,425
Kato,112235,819
Kato,191827,812
Kato,145085,429
Kato,114122,757
Kato,175403,450
Kato,142399,661
Kato,130533,513
Kato,197757,700
Kato,143919,854
Kato,153732,65
Kato,164879,166
Kato,110233,769
Kato,142500,515
Kato,158012,340
Kato,156153,108
Kato,142279,108
Kato,115935,548
Kato,123874,347
Kato,185839,40
Kato,100064,165
Kato,169041,599
Kato,164150,432
Kato,155902,722
Kato,101299,993
Kato,178598,447
Kato,159332,423
Kato,174608,826
Kato,118970,408
Kato,116459,82
Kato,171254,677
Kato,185307,762
Kato,157568,686
Kato,153562,714
Kato,149891,733
Kato,146376,288
Kato,155735,277
Kato,190917,853
Kato,175613,687
Kato,115811,819
Kato,110719,603
Kato,169819,764
Kato,150452,289
Kato,122464,11
Kato,179404,377
Kato,117831,275
Kato,162156,873
Kato,102415,510
Kato,131588,352
Kato,189556,274
Kato,152907,481
Kato,172902,889
Kato,123548,842
Kato,166572,405
Kato,165716,192
Kato,141826,213
Kato,156487,142
Kato,159711,956
Kato,113663,738
Kato,173337,613
Kato,137502,446
Kato,168551,897
Kato,135457,592
Kato,129110,199
Kato,163194,348
Kato,110170,934
Kato,155815,424
Kato,175438,570
Kato,147150,452
Kato,169018,325
Kato,144352,246
Kato,137850,997
Kato,111639,820
Kato,163366,835
Kato,126765,759
Kato,193568,589
Kato,101414,494
Kato,145305,496
Kato,130132,717
Kato,172309,119
Kato,142220,651
Kato,189632,891
Kato,145081,587
Kato,129847,953
Kato,102119,691
Kato,160439,252
Kato,165562,804
Kato,142157,38
Kato,158761,180
Kato,168712,375
Kato,196319,762
Kato,180289,590
Kato,121614,99
Kato,154928,498
Kato,113747,901
Kato,124023,928
Kato,149742,124
Kato,128987,381
Kato,193623,954
Kato,154242,257
Kato,159820,351
Kato,175772,784
Kato,129997,290
Kato,161861,65
Kato,116771,433
Kato,107679,12
Kato,131367,857
Kato,122474,297
Kato,113095,18
Kato,187765,252
Kato,183065,752
Kato,122585,967
Kato,149171,944
Kato,173036,982
Kato,146740,992
Kato,113205,55
Kato,113702,299
Kato,146089,337
Kato,145316,516
Kato,128140,469
Kato,185430,851
Kato,131554,675
Kato,172725,689
Kato,132266,478
Kato,179695,828
Kato,138304,394
Kato,199760,954
Kato,181263,191
Kato,102460,134
Kato,175443,204
Kato,111532,767
Kato,140608,762
Kato,115989,705
Kato,154936,589
Kato,163682,980
Kato,121760,441
Kato,149623,473
Kato,130167,843
Kato,188597,140
Kato,191158,245
Kato,124686,222
Kato,198584,217
Kato,136697,913
Kato,136926,238
Kato,128298,789
Kato,148814,99
Kato,145604,532
Kato,100822,958
Kato,138699,162
Kato,122984,766
Kato,165799,831
Kato,190621,511
Kato,126580,905
Kato,122069,322
Kato,155314,388
Kato,184834,988
Kato,151553,99
Kato,164707,467
Kato,193012,568
Kato,114266,134
Kato,109669,512
Kato,128570,113
Kato,123761,307
Kato,179156,584
Kato,133777,549
Kato,182974,892
Kato,155318,972
Kato,178971,268
Kato,141793,575
Kato,102810,851
Kato,106326,286
Kato,171089,570
Kato,171447,597
Kato,107436,536
Kato,197931,810
Kato,146522,129
Kato,144421,705
Kato,118550,332
Kato,133527,670
Kato,116700,572
Kato,160847,712
Kato,178406,695
Kato,162535,178
Kato,102392,451
Kato,103242,689
Kato,194552,787
Kato,145270,722
Kato,196331,449
Kato,124216,123
Kato,170837,284
Kato,167987,32
Kato,143624,345
Kato,162418,889
Kato,196253,519
Kato,105550,228
Kato,158392,992
Kato,133593,366
Kato,168543,690
Kato,113294,725
Kato,130977,511
Kato,124918,521
Kato,199915,35
Kato,154209,491
Kato,141978,362
Kato,176101,172
Kato,102900,409
Kato,148637,610
Kato,146809,120
Kato,162311,404
Kato,122693,320
Kato,100815,671
Kato,102781,426
Kato,166019,274
Kato,128526,152
Kato,152878,750
Kato,148994,564
Kato,153668,464
Kato,190638,690
Kato,187831,98
Kato,185927,54
Kato,197577,437
Kato,148260,415
Kato,194431,784
Kato,180518,50
Kato,143299,939
Kato,125615,609
Kato,133877,221
Kato,157653,866
Kato,161787,961
Kato,160523,483
Kato,166149,184
Kato,119961,403
Kato,173926,958
Kato,153300,781
Kato,101731,405
Kato,146066,131
Kato,105267,640
Kato,147662,270
Kato,163759,582
Kato,120087,959
Kato,181789,715
Kato,152172,565
Kato,158763,644
Kato,140788,725
Kato,178818,776
Kato,147716,328
Kato,192718,233
Kato,147647,157
Kato,158218,748
Kato,170424,993
Kato,101858,512
Kato,137820,381
Kato,127963,623
Kato,163695,200
Kato,176835,640
Kato,121893,944
Kato,162368,766
Kato,112292,585
Kato,171811,776
Kato,188740,103
Kato,137358,934
Kato,117195,188
Kato,180286,497
Kato,186148,23
Kato,182087,341
Kato,116641,1
Kato,102631,666
Kato,190676,659
Kato,196415,698
Kato,125480,126
Kato,144948,458
Kato,116905,88
Kato,192483,594
Kato,100682,76
Kato,157257,961
Kato,170888,355
Kato,199465,889
Kato,127101,975
Kato,154464,294
Kato,180634,669
Kato,105842,75
Kato,116487,185
Kato,137233,318
Kato,133637,202
Kato,179571,474
Kato,173692,848
Kato,135391,442
Kato,186348,419
Kato,177099,308
Kato,157747,413
Kato,156773,321
Kato,178417,211
Kato,197221,889
Kato,196958,316
Kato,110109,377
Kato,183194,951
Kato,129528,120
Kato,178617,896
Kato,153109,329
Kato,128414,251
Kato,161120,109
Kato,164333,295
Kato,176270,554
Kato,132109,280
Kato,162944,677
Kato,105916,192
Kato,184555,939
Kato,191746,767
Kato,101478,811
Kato,107541,302
Kato,107693,403
Kato,184981,704
Kato,153212,364
Kato,175850,972
Kato,191231,406
Kato,184961,652
Kato,124650,453
Kato,111680,937
Kato,125036,999
Kato,175424,96
Kato,174885,710
Kato,192848,900
Kato,172785,972
Kato,176216,882
Kato,131389,853
Kato,113211,881
Kato,158996,352
Kato,146320,755
Kato,122530,190
Kato,165628,596
Kato,118092,217
Kato,180857,508
Kato,179330,288
Kato,189459,112
Kato,121755,121
Kato,156594,602
Kato,160741,753
Kato,180684,297
Kato,103912,543
Kato,171013,937
Kato,112867,613
Kato,115170,422
Kato,100710,520
Kato,130200,615
Kato,123246,772
Kato,161081,985
Kato,185228,388
Kato,102150,590
Kato,147953,254
Kato,113412,555
Kato,165382,45
Kato,157055,143
Kato,169580,395
Kato,166307,71
Kato,116955,489
Kato,151209,382
Kato,134654,561
Kato,118259,697
Kato,110220,211
Kato,127815,355
Kato,157659,845
Kato,129500,38
Kato,172795,896
Kato,186046,631
Kato,194808,814
Kato,152285,786
Kato,150261,319
Kato,148515,523
Kato,147700,705
Kato,114598,229
Kato,198507,190
Kato,146342,739
Kato,195644,948
Kato,147317,657
Kato,181114,676
Kato,158820,628
Kato,155025,974
Kato,102253,38
Kato,199188,718
Kato,112067,642
Kato,135411,567
Kato,158897,265
Kato,124819,698
Kato,138814,224
Kato,187659,557
Kato,178127,912
Kato,159054,755
Kato,121744,727
Kato,184458,50
Kato,178970,365
Kato,151801,909
Kato,167507,61
Kato,119172,433
Kato,181008,87
Kato,173149,771
Kato,194255,491
Kato,137859,858
Kato,186254,854
Kato,124010,601
Kato,191641,17
Kato,192246,633
Kato,154912,82
Kato,159196,165
Kato,178446,85
Kato,162784,613
Kato,169342,486
Kato,146124,487
Kato,191330,125
Kato,188116,5
Kato,191769,155
Kato,159879,753
Kato,152753,379
Kato,134171,228
Kato,183648,928
Kato,121678,675
Kato,192490,71
Kato,123824,657
Kato,189025,154
Kato,134690,581
Kato,115730,955
Kato,196743,986
Kato,105315,347
Kato,157748,417
Kato,198118,389
Kato,121767,945
Kato,173854,424
Kato,106284,20
Kato,164712,301
Kato,184997,269
Kato,108477,162
Kato,128176,115
Kato,197239,702
Kato,186707,486
Kato,194870,694
Kato,183725,935
Kato,143593,10
Kato,186420,961
Kato,129566,560
Kato,195725,468
Kato,164253,699
Kato,102005,261
Kato,180039,784
Kato,147497,274
Kato,178281,156
Kato,145025,678
Kato,118331,635
Kato,130480,937
Kato,193386,691
Kato,186304,376
Kato,198384,32
Kato,112491,98
Kato,191814,846
Kato,179171,209
Kato,177304,171
Kato,188283,556
Kato,110774,967
Kato,147064,771
Kato,125208,646
Kato,118711,421
Kato,190030,368
Kato,178628,704
Kato,161066,143
Kato,122068,368
Kato,144349,304
Kato,169424,205
Kato,123517,5
Kato,197317,416
Kato,113861,203
Kato,165715,599
Kato,175722,925
Kato,122012,846
Kato,100964,499
Kato,172591,293
Kato,150820,678
Kato,133299,536
Kato,196930,909
Kato,104961,400
Kato,114913,567
Kato,135896,247
Kato,178403,969
Kato,199934,778
Kato,151007,781
Kato,137067,233
Kato,199437,982
Kato,100774,547
Kato,109956,191
Kato,117983,33
Kato,113917,636
Kato,128800,966
Kato,117936,350
Kato,149207,99
Kato,139684,208
Kato,122847,981
Kato,170996,242
Kato,177305,797
Kato,107152,932
Kato,118434,26
Kato,122745,715
Kato,127429,64
Kato,125230,739
Kato,144988,503
Kato,136903,556
Kato,112673,578
Kato,172171,6
Kato,190666,4
Kato,122978,956
Kato,144063,800
Kato,122463,935
Kato,171022,606
Kato,152467,77
Kato,168483,196
Kato,145931,148
Kato,163084,683
Kato,154623,312
Kato,152350,997
Kato,134316,81
Kato,171109,759
Kato,198619,227
Kato,156214,292
Kato,187937,163
Kato,111596,457
Kato,103118,463
Kato,111345,821
Kato,107646,556
Kato,144897,652
Kato,103278,756
Kato,110786,440
Kato,198988,107
Kato,118780,47
Kato,180549,995
Kato,160075,831
Kato,113814,853
Kato,179167,563
Kato,125005,119
Kato,146694,573
Kato,195023,440
Kato,107785,214
Kato,179839,940
Kato,124051,676
Kato,141150,358
Kato,115455,716
Kato,135656,875
Kato,167924,380
Kato,103999,613
Kato,127391,321
Kato,167918,994
Kato,138658,231
Kato,116090,912
Kato,139483,438
Kato,182379,346
Kato,113574,312
Kato,124940,922
Kato,185017,900
Kato,185452,253
Kato,102629,808
Kato,115285,956
Kato,112580,137
Kato,154956,465
Kato,140018,663
Kato,133464,352
Kato,176335,591
Kato,187013,898
Kato,111806,283
Kato,164630,27
Kato,165107,6
Kato,120303,894
Kato,117889,197
Kato,165523,803
Kato,163267,914
Kato,174638,65
Kato,104280,635
Kato,127240,471
Kato,139715,571
Kato,100719,961
Kato,198446,858
Kato,164672,324
Kato,135255,879
Kato,193455,794
Kato,156701,686
Kato,133371,526
Kato,122272,606
Kato,138413,476
Kato,144443,85
Kato,168472,195
Kato,189348,736
Kato,125351,898
Kato,149801,971
Kato,102944,599
Kato,172243,684
Kato,157612,881
Kato,132019,377
Kato,194349,626
Kato,145705,903
Kato,134912,998
Kato,164659,65
Kato,195475,685
Kato,193449,658
Kato,114740,329
Kato,114654,769
Kato,189921,65
Kato,124808,301
Kato,190394,310
Kato,175708,387
Kato,169400,82
Kato,182424,645
Kato,104811,643
Kato,121229,112
Kato,102737,57
Kato,169092,272
Kato,164809,11
Kato,143279,792
Kato,197254,19
Kato,152236,400
Kato,166778,542
Kato,151852,287
Kato,179897,823
Kato,151944,32
Kato,126142,363
Kato,156887,30
Kato,150196,334
Kato,193085,917
Kato,141631,376
Kato,143372,41
Kato,177652,293
Kato,185835,479
Kato,148043,465
Kato,174765,811
Kato,172395,372
Kato,147530,567
Kato,166637,14
Kato,133074,605
Kato,167455,894
Kato,196798,717
Kato,170213,832
Kato,194943,106
Kato,128745,753
Kato,144285,877
Kato,110262,388
Kato,172864,519
Kato,103936,205
Kato,117908,503
Kato,130126,36
Kato,137160,374
Kato,106976,280
Kato,123401,314
Kato,100357,795
Kato,143026,599
Kato,157526,451
Kato,131281,644
Kato,133716,187
Kato,187230,638
Kato,137340,949
Kato,106637,762
Kato,156609,693
Kato,194403,643
Kato,154982,841
Kato,151765,458
Kato,152514,567
Kato,191703,394
Kato,142854,119
Kato,142757,142
Kato,150710,490
Kato,108323,905
Kato,169809,137
Kato,168206,433
Kato,128624,52
Kato,137335,697
Kato,179026,105
Kato,145637,100
Kato,170938,655
Kato,182062,779
Kato,164309,445
Kato,119005,375
Kato,153957,608
Kato,166585,885
Kato,121068,544
Kato,112799,749
Kato,195114,731
Kato,128727,273
Kato,177191,236
Kato,153531,50
Kato,177617,637
Kato,141000,679
Kato,164804,310
Kato,107245,430
Kato,129832,636
Kato,101353,454
Kato,176500,465
Kato,169037,550
Kato,189739,840
Kato,101873,558
Kato,135931,867
Kato,138669,290
Kato,188782,626
Kato,155592,498
Kato,144266,410
Kato,108647,596
Kato,140560,242
Kato,129185,74
Kato,158524,709
Kato,162551,303
Kato,185300,212
Kato,179061,912
Kato,150003,768
Kato,165864,786
Kato,165839,817
Kato,160971,258
Kato,114997,860
Kato,118235,114
Kato,107199,388
Kato,100040,842
Kato,153476,877
Kato,176803,279
Kato,173423,76
Kato,138511,720
Kato,125398,624
Kato,193565,424
Kato,187305,175
Kato,120129,86
Kato,102492,472
Kato,191068,205
Kato,127978,901
Kato,118313,985
Kato,122564,276
Kato,117806,951
Kato,185114,771
Kato,193473,111
Kato,171196,610
Kato,163031,133
Kato,108822,569
Kato,190330,877
Kato,145524,327
Kato,193038,798
Kato,113735,295
Kato,181461,348
Kato,189615,747
Kato,126938,56
Kato,142851,484
Kato,168555,692
Kato,108787,406
Kato,190816,56
Kato,198722,102
Kato,177977,578
Kato,126398,752
Kato,103471,401
Kato,147866,316
Kato,176038,596
Katelyn,160262,163
Katelyn,127377,400
Katelyn,118825,365
Katelyn,147518,564
Katelyn,141852,193
Katelyn,136775,443
Katelyn,135653,887
Katelyn,160240,862
Katelyn,174279,724
Katelyn,195696,121
Katelyn,122391,90
Katelyn,131269,798
Katelyn,173224,178
Katelyn,197127,1
Katelyn,195763,199
Katelyn,157936,417
Katelyn,141937,593
Katelyn,101455,211
Katelyn,164483,674
Katelyn,135646,643
Katelyn,153775,475
Katelyn,185338,702
Katelyn,174471,430
Katelyn,197986,302
Katelyn,184271,631
Katelyn,108589,939
Katelyn,101792,280
Katelyn,121930,453
Katelyn,166520,953
Katelyn,194460,86
Katelyn,136221,40
Katelyn,195068,616
Katelyn,147199,775
Katelyn,125270,519
Katelyn,107263,615
Katelyn,147086,236
Katelyn,166602,630
Katelyn,171265,174
Katelyn,173718,756
Katelyn,164395,868
Katelyn,118694,930
Katelyn,180916,223
Katelyn,137532,940
Katelyn,114622,413
Katelyn,170020,591
Katelyn,151354,376
Katelyn,127566,28
Katelyn,183500,401
Katelyn,125909,811
Katelyn,167314,831
Katelyn,162452,291
Katelyn,152272,922
Katelyn,141335,945
Katelyn,108750,674
Katelyn,194522,680
Katelyn,162024,698
Katelyn,166168,478
Katelyn,157948,1000
Katelyn,164892,117
Katelyn,192255,906
Katelyn,116117,371
Katelyn,194162,649
Katelyn,164511,603
Katelyn,151137,874
Katelyn,186017,338
Katelyn,111372,705
Katelyn,158002,464
Katelyn,118534,301
Katelyn,190525,85
Katelyn,149366,358
Katelyn,132260,706
Katelyn,178661,121
Katelyn,175178,287
Katelyn,138637,772
Katelyn,112046,152
Katelyn,160901,61
Katelyn,164430,476
Katelyn,109166,459
Katelyn,156365,283
Katelyn,137084,403
Katelyn,160889,975
Katelyn,126256,276
Katelyn,185681,636
Katelyn,149614,276
Katelyn,134177,612
Katelyn,155759,421
Katelyn,100479,62
Katelyn,132546,350
Katelyn,167086,3
Katelyn,113073,157
Katelyn,139847,366
Katelyn,196333,589
Katelyn,144602,775
Katelyn,117200,622
Katelyn,182207,81
Katelyn,183831,973
Katelyn,131224,413
Katelyn,193374,919
Katelyn,122556,719
Katelyn,111190,192
Katelyn,180294,549
Katelyn,171658,311
Katelyn,165920,556
Katelyn,182466,183
Katelyn,149067,614
Katelyn,151956,520
Katelyn,111999,191
Katelyn,135432,876
Katelyn,175083,503
Katelyn,111243,878
Katelyn,112968,871
Katelyn,147616,347
Katelyn,178060,445
Katelyn,131159,156
Katelyn,135875,351
Katelyn,122193,518
Katelyn,170090,182
Katelyn,135307,704
Katelyn,148079,669
Katelyn,192110,669
Katelyn,161568,796
Katelyn,102411,178
Katelyn,197893,919
Katelyn,128072,391
Katelyn,113167,737
Katelyn,144173,116
Katelyn,107421,848
Katelyn,147559,409
Katelyn,185092,796
Katelyn,171672,63
Katelyn,101781,469
Katelyn,148066,966
Katelyn,132444,62
Katelyn,122297,708
Katelyn,158923,83
Katelyn,112750,13
Katelyn,173612,889
Katelyn,152962,255
Katelyn,152722,192
Katelyn,114029,157
Katelyn,160325,831
Katelyn,176339,237
Katelyn,171205,319
Katelyn,129190,646
Katelyn,151150,228
Katelyn,113607,142
Katelyn,108380,330
Katelyn,157524,319
Katelyn,121309,300
Katelyn,134327,296
Katelyn,166017,870
Katelyn,162397,749
Katelyn,138270,910
Katelyn,154742,413
Katelyn,124196,902
Katelyn,140861,367
Katelyn,187766,256
Katelyn,113242,174
Katelyn,121830,162
Katelyn,190899,295
Katelyn,173476,930
Katelyn,130065,212
Katelyn,116109,175
Katelyn,146760,292
Katelyn,193981,3
Katelyn,154763,49
Katelyn,139898,139
Katelyn,183402,517
Katelyn,194347,771
Katelyn,170643,284
Katelyn,192773,927
Katelyn,141896,188
Katelyn,175171,699
Katelyn,176963,833
Katelyn,183380,364
Katelyn,100709,454
Katelyn,175480,575
Katelyn,136055,398
Katelyn,119243,665
Katelyn,153798,555
Katelyn,186027,390
Katelyn,152447,22
Katelyn,179700,683
Katelyn,130556,623
Katelyn,163802,122
Katelyn,194949,753
Katelyn,190542,109
Katelyn,145258,664
Katelyn,198827,440
Katelyn,173711,60
Katelyn,170041,803
Katelyn,137696,616
Katelyn,124329,994
Katelyn,130109,986
Katelyn,162208,89
Katelyn,145939,144
Katelyn,125985,166
Katelyn,154510,615
Katelyn,171101,619
Katelyn,108034,569
Katelyn,182367,113
Katelyn,191693,87
Katelyn,161483,51
Katelyn,193072,982
Katelyn,121380,357
Katelyn,110162,205
Katelyn,159104,315
Katelyn,179369,639
Katelyn,197941,932
Katelyn,130026,611
Katelyn,146765,135
Katelyn,116571,838
Katelyn,112328,481
Katelyn,197198,354
Katelyn,193805,309
Katelyn,113471,565
Katelyn,190773,684
Katelyn,164024,892
Katelyn,104188,302
Katelyn,170559,426
Katelyn,187577,179
Katelyn,183447,131
Katelyn,117818,15
Katelyn,132564,234
Katelyn,181075,595
Katelyn,126502,523
Katelyn,114899,364
Katelyn,109693,703
Katelyn,126806,660
Katelyn,164863,999
Katelyn,143893,422
Katelyn,107995,359
Katelyn,126346,706
Katelyn,192543,453
Katelyn,181374,695
Katelyn,196855,322
Katelyn,190565,474
Katelyn,196127,809
Katelyn,123475,883
Katelyn,133834,694
Katelyn,102303,248
Katelyn,128513,259
Katelyn,108602,923
Katelyn,124749,439
Katelyn,165336,94
Katelyn,101595,341
Katelyn,152100,119
Katelyn,125950,217
Katelyn,182929,570
Katelyn,139854,835
Katelyn,148173,619
Katelyn,199673,108
Katelyn,158601,444
Katelyn,150812,756
Katelyn,149201,114
Katelyn,125430,473
Katelyn,193570,692
Katelyn,172667,465
Katelyn,101168,662
Katelyn,142995,493
Katelyn,153131,811
Katelyn,136585,865
Katelyn,140347,461
Katelyn,109002,207
Katelyn,180970,518
Katelyn,141531,896
Katelyn,141483,767
Katelyn,177243,743
Katelyn,168313,850
Katelyn,137895,562
Katelyn,121210,60
Katelyn,179960,874
Katelyn,172398,237
Katelyn,114407,47
Katelyn,113434,53
Katelyn,196321,448
Katelyn,113956,791
Katelyn,109573,458
Katelyn,159011,432
Katelyn,164281,410
Katelyn,148955,167
Katelyn,164021,453
Katelyn,154137,43
Katelyn,144845,834
Katelyn,102880,632
Katelyn,167939,348
Katelyn,134404,907
Katelyn,128147,533
Katelyn,150393,565
Katelyn,153880,77
Katelyn,178702,970
Katelyn,146688,536
Katelyn,197819,338
Katelyn,146635,104
Katelyn,179485,653
Katelyn,196926,52
Katelyn,142887,7
Katelyn,169222,278
Katelyn,128167,941
Katelyn,144096,361
Katelyn,186460,743
Katelyn,145709,623
Katelyn,182305,851
Katelyn,151792,793
Katelyn,130993,594
Katelyn,145661,551
Katelyn,155255,407
Katelyn,192580,982
Katelyn,107868,835
Katelyn,159782,484
Katelyn,150199,322
Katelyn,138631,287
Katelyn,138415,765
Katelyn,135320,880
Katelyn,181319,271
Katelyn,112901,639
Katelyn,144250,161
Katelyn,111919,147
Katelyn,147100,221
Katelyn,189082,406
Katelyn,176059,581
Katelyn,153192,252
Katelyn,121193,761
Katelyn,118645,875
Katelyn,123916,176
Katelyn,108337,154
Katelyn,156376,385
Katelyn,149178,644
Katelyn,127452,510
Katelyn,187427,193
Katelyn,191304,194
Katelyn,198115,103
Katelyn,131145,925
Katelyn,123252,724
Katelyn,172248,860
Katelyn,139832,425
Katelyn,102854,744
Katelyn,188181,399
Katelyn,176647,61
Katelyn,139060,71
Katelyn,137807,644
Katelyn,197159,576
Katelyn,176960,417
Katelyn,148788,929
Katelyn,193209,507
Katelyn,189487,531
Katelyn,183310,284
Katelyn,193148,479
Katelyn,165350,160
Katelyn,106141,272
Katelyn,112211,772
Katelyn,193643,262
Katelyn,181547,399
Katelyn,151109,207
Katelyn,147440,651
Katelyn,188557,55
Katelyn,194190,36
Katelyn,193140,23
Katelyn,120029,864
Katelyn,177890,806
Katelyn,191755,445
Katelyn,170905,270
Katelyn,180565,346
Katelyn,175675,118
Katelyn,176786,964
Katelyn,174746,898
Katelyn,167955,924
Katelyn,165501,958
Katelyn,166159,114
Katelyn,157712,736
Katelyn,133356,2
Katelyn,192148,479
Katelyn,105059,251
Katelyn,115332,758
Katelyn,121843,573
Katelyn,149796,462
Katelyn,132970,671
Katelyn,117132,565
Katelyn,128753,131
Katelyn,185131,963
Katelyn,136896,625
Katelyn,166938,991
Katelyn,111450,41
Katelyn,127935,476
Katelyn,100729,526
Katelyn,152584,712
Katelyn,111272,210
Katelyn,179334,62
Katelyn,114857,614
Katelyn,164500,595
Katelyn,137989,933
Katelyn,144183,981
Katelyn,199104,280
Katelyn,143066,895
Katelyn,182376,852
Katelyn,101235,600
Katelyn,172733,873
Katelyn,142824,672
Katelyn,193518,219
Katelyn,137909,29
Katelyn,117396,208
Katelyn,167556,586
Katelyn,178329,909
Katelyn,182888,743
Katelyn,146998,986
Katelyn,127979,28
Katelyn,102510,137
Katelyn,130544,557
Katelyn,197047,959
Katelyn,137395,697
Katelyn,153325,487
Katelyn,193175,272
Katelyn,191990,392
Katelyn,186998,531
Katelyn,104082,424
Katelyn,178264,976
Katelyn,148886,162
Katelyn,172105,708
Katelyn,119894,55
Katelyn,142640,468
Katelyn,109336,183
Katelyn,179666,773
Katelyn,109611,355
Katelyn,147234,607
Katelyn,118510,711
Katelyn,101250,927
Katelyn,143773,158
Katelyn,177806,508
Katelyn,190267,439
Katelyn,138709,195
Katelyn,171750,380
Katelyn,159457,471
Katelyn,197953,408
Katelyn,199434,158
Katelyn,199111,843
Katelyn,184728,489
Katelyn,144152,493
Katelyn,100540,608
Katelyn,155018,928
Katelyn,118114,581
Katelyn,107429,500
Katelyn,116020,41
Katelyn,147383,181
Katelyn,134649,541
Katelyn,136421,386
Katelyn,146645,980
Katelyn,105311,589
Katelyn,165560,299
Katelyn,180856,7
Katelyn,163893,245
Katelyn,121899,229
Katelyn,112775,22
Katelyn,161274,217
Katelyn,136684,297
Katelyn,146831,679
Katelyn,172625,511
Katelyn,184705,451
Katelyn,158052,159
Katelyn,131918,107
Katelyn,112148,781
Katelyn,130802,239
Katelyn,195293,206
Katelyn,107821,255
Katelyn,130789,105
Katelyn,176516,184
Katelyn,144259,409
Katelyn,117508,801
Katelyn,192623,219
Katelyn,182749,644
Katelyn,193163,439
Katelyn,179991,699
Katelyn,168379,726
Katelyn,109846,791
Katelyn,153343,990
Katelyn,139083,48
Katelyn,126579,326
Katelyn,182044,366
Katelyn,191103,5
Katelyn,163578,6
Katelyn,181490,765
Katelyn,159611,377
Katelyn,120656,782
Katelyn,113528,544
Katelyn,138892,21
Katelyn,149381,325
Katelyn,100948,380
Katelyn,109789,94
Katelyn,160460,693
Katelyn,118676,923
Katelyn,182554,323
Katelyn,165429,553
Katelyn,143157,420
Katelyn,162626,634
Katelyn,121446,37
Katelyn,162052,826
Katelyn,196768,216
Katelyn,167414,451
Katelyn,145742,631
Katelyn,182698,508
Katelyn,190963,680
Katelyn,178358,899
Katelyn,140138,626
Katelyn,113457,228
Katelyn,192193,332
Katelyn,116171,79
Katelyn,175889,273
Katelyn,171925,580
Katelyn,151879,360
Katelyn,152639,854
Katelyn,138169,669
Katelyn,192172,151
Katelyn,106185,970
Katelyn,147995,683
Katelyn,150926,469
Katelyn,143108,477
Katelyn,130469,108
Katelyn,161377,985
Katelyn,169824,682
Katelyn,180280,562
Katelyn,159900,862
Katelyn,171752,956
Katelyn,166717,441
Katelyn,120493,969
Katelyn,103802,357
Katelyn,167099,551
Katelyn,139345,357
Katelyn,118255,883
Katelyn,176477,838
Katelyn,129184,83
Katelyn,170036,278
Katelyn,166927,506
Katelyn,150845,507
Katelyn,119088,362
Katelyn,105562,710
Katelyn,198302,485
Katelyn,104290,103
Katelyn,148248,408
Katelyn,156820,859
Katelyn,104114,1000
Katelyn,159827,654
Katelyn,128792,922
Katelyn,117020,729
Katelyn,139566,463
Katelyn,155870,471
Katelyn,136326,209
Katelyn,193695,653
Katelyn,162938,314
Katelyn,160245,733
Katelyn,159236,583
Katelyn,167326,458
Katelyn,185724,246
Katelyn,186365,366
Katelyn,161757,405
Katelyn,190570,256
Katelyn,147157,246
Katelyn,195333,83
Katelyn,159047,148
Katelyn,146839,83
Katelyn,172689,774
Katelyn,134274,909
Katelyn,184095,42
Katelyn,195712,275
Katelyn,180176,831
Katelyn,160993,765
Katelyn,115292,484
Katelyn,140681,342
Katelyn,125141,881
Katelyn,167942,123
Katelyn,134606,88
Katelyn,125516,888
Katelyn,191469,648
Katelyn,105349,119
Katelyn,180784,612
Katelyn,119950,828
Katelyn,154397,847
Katelyn,128269,178
Katelyn,135959,314
Katelyn,159341,466
Katelyn,101757,260
Katelyn,143980,157
Katelyn,136320,836
Katelyn,104643,343
Katelyn,103702,487
Katelyn,164996,445
Katelyn,148585,935
Katelyn,161209,683
Katelyn,199359,651
Katelyn,105839,577
Katelyn,179715,873
Katelyn,163526,458
Katelyn,126961,39
Katelyn,116811,159
Katelyn,134814,848
Katelyn,167629,119
Katelyn,101894,896
Katelyn,134862,770
Katelyn,197814,775
Katelyn,115583,594
Katelyn,138420,370
Katelyn,170231,557
Katelyn,123257,728
Katelyn,154490,758
Katelyn,135547,469
Katelyn,120145,959
Katelyn,158275,293
Katelyn,182400,701
Katelyn,190967,248
Katelyn,106837,977
Katelyn,173453,301
Katelyn,136807,699
Katelyn,158965,182
Katelyn,140085,629
Katelyn,134236,218
Katelyn,111114,245
Katelyn,101555,29
Katelyn,147014,749
Katelyn,171723,637
Katelyn,165610,748
Katelyn,151469,708
Katelyn,131286,698
Katelyn,107987,117
Katelyn,173558,322
Katelyn,174956,588
Katelyn,189150,976
Katelyn,119006,903
Katelyn,129708,5
Katelyn,159973,967
Katelyn,111039,901
Katelyn,153030,963
Katelyn,124099,773
Katelyn,190111,75
Katelyn,156078,641
Katelyn,148740,534
Katelyn,168107,546
Katelyn,134149,773
Katelyn,151880,557
Katelyn,139762,963
Katelyn,191529,455
Katelyn,187379,504
Katelyn,189538,987
Katelyn,110705,432
Katelyn,190396,615
Katelyn,129195,366
Katelyn,104181,165
Katelyn,111070,920
Katelyn,136174,684
Katelyn,104129,776
Katelyn,112222,869
Katelyn,152563,459
Katelyn,189244,330
Katelyn,150244,130
Katelyn,112640,986
Katelyn,154153,617
Katelyn,132908,1000
Katelyn,157347,339
Katelyn,118256,883
Katelyn,167645,216
Katelyn,121345,245
Katelyn,177910,98
Katelyn,187564,74
Katelyn,183374,356
Katelyn,119906,550
Katelyn,153144,7
Katelyn,104606,949
Katelyn,192726,740
Katelyn,180764,974
Katelyn,111592,595
Katelyn,198454,736
Katelyn,140558,676
Katelyn,168167,220
Katelyn,105329,619
Katelyn,136741,195
Katelyn,165935,876
Katelyn,155374,295
Katelyn,193908,949
Katelyn,168627,924
Katelyn,118451,93
Katelyn,178579,134
Katelyn,131462,115
Katelyn,148011,249
Katelyn,137790,504
Katelyn,166542,703
Katelyn,161217,455
Katelyn,165588,307
Katelyn,195828,95
Katelyn,184504,893
Katelyn,102052,80
Katelyn,106132,343
Katelyn,136553,581
Katelyn,152847,256
Katelyn,162272,634
Katelyn,192922,232
Katelyn,110517,912
Katelyn,110853,415
Katelyn,118798,372
Katelyn,103731,377
Katelyn,101945,48
Katelyn,115113,362
Katelyn,180467,861
Katelyn,154306,481
Katelyn,113387,805
Katelyn,137990,704
Katelyn,145192,203
Katelyn,111800,928
Katelyn,167900,989
Katelyn,172681,51
Katelyn,194807,274
Katelyn,125482,101
Katelyn,183705,109
Katelyn,183798,164
Katelyn,106441,329
Katelyn,169171,595
Katelyn,131882,946
Katelyn,173525,683
Katelyn,181631,146
Katelyn,130209,79
Katelyn,139137,403
Katelyn,194679,76
Katelyn,147838,534
Katelyn,117784,315
Katelyn,178773,1
Katelyn,184740,387
Katelyn,119893,321
Katelyn,117714,784
Katelyn,129221,222
Katelyn,115710,586
Katelyn,183689,703
Katelyn,120384,696
Katelyn,174242,10
Katelyn,100393,665
Katelyn,135765,101
Katelyn,147249,739
Katelyn,167171,364
Katelyn,137215,482
Katelyn,105698,480
Katelyn,122660,309
Katelyn,119238,948
Katelyn,133163,978
Katelyn,112787,746
Katelyn,191798,114
Katelyn,117025,262
Katelyn,171828,524
Katelyn,145564,346
Katelyn,166714,927
Katelyn,132845,368
Katelyn,171604,69
Katelyn,136043,65
Katelyn,196014,450
Katelyn,169642,529
Katelyn,176934,56
Katelyn,164598,145
Katelyn,157232,56
Katelyn,146805,563
Katelyn,172217,610
Katelyn,174420,746
Katelyn,135057,421
Katelyn,165412,344
Katelyn,193479,344
Katelyn,102086,125
Katelyn,163998,751
Katelyn,105077,414
Katelyn,122473,218
Katelyn,101859,828
Katelyn,142083,430
Katelyn,179181,254
Katelyn,191358,972
Katelyn,151637,285
Katelyn,187530,547
Katelyn,194742,24
Katelyn,150010,381
Katelyn,163131,645
Katelyn,156933,765
Katelyn,170561,404
Katelyn,140783,709
Katelyn,111014,375
Katelyn,118773,140
Katelyn,191974,123
Katelyn,129375,676
Katelyn,144191,815
Katelyn,192091,774
Katelyn,103499,315
Katelyn,193399,467
Katelyn,148723,518
Katelyn,123186,490
Katelyn,135339,568
Katelyn,182523,864
Katelyn,185525,977
Katelyn,120054,680
Katelyn,161930,662
Katelyn,159322,514
Katelyn,110279,114
Katelyn,118527,741
Katelyn,176999,906
Katelyn,172680,109
Katelyn,160602,735
Katelyn,137880,650
Katelyn,155058,175
Katelyn,197979,715
Katelyn,128546,514
Katelyn,158330,229
Katelyn,194611,6
Katelyn,126510,809
Katelyn,186301,220
Katelyn,177983,473
Katelyn,110677,847
Katelyn,184348,590
Katelyn,149992,409
Katelyn,158130,860
Katelyn,171803,735
Katelyn,139047,443
Katelyn,135728,154
Katelyn,124989,553
Katelyn,150559,633
Katelyn,149476,647
Katelyn,138528,328
Katelyn,128676,645
Katelyn,179669,472
Katelyn,157694,437
Katelyn,107750,602
Katelyn,189568,193
Katelyn,189083,532
Katelyn,181872,15
Katelyn,174762,863
Katelyn,187286,956
Katelyn,101457,545
Katelyn,159890,471
Katelyn,142427,41
Katelyn,149083,815
Katelyn,131826,629
Katelyn,199019,672
Katelyn,145990,95
Katelyn,129492,28
Katelyn,196715,336
Katelyn,155354,931
Katelyn,183757,319
Katelyn,177119,1
Katelyn,151946,837
Katelyn,180794,538
Katelyn,172036,897
Katelyn,178216,796
Katelyn,156184,916
Katelyn,176502,749
Katelyn,176328,801
Katelyn,167982,942
Katelyn,141612,501
Katelyn,156728,880
Katelyn,120440,822
Katelyn,183250,765
Katelyn,189592,453
Katelyn,186370,532
Katelyn,197585,218
Katelyn,189916,908
Katelyn,168471,913
Katelyn,106577,527
Katelyn,181690,760
Katelyn,185519,627
Katelyn,165292,822
Katelyn,112498,271
Katelyn,179768,937
Katelyn,130738,117
Katelyn,161266,48
Katelyn,105563,453
Katelyn,163428,302
Katelyn,147762,929
Katelyn,185815,816
Katelyn,102082,489
Katelyn,131619,148
Katelyn,147113,767
Katelyn,197536,542
Katelyn,153891,65
Katelyn,162214,444
Katelyn,109566,516
Katelyn,148763,948
Katelyn,161410,497
Katelyn,198982,715
Katelyn,176161,796
Katelyn,177365,4
Katelyn,105623,834
Katelyn,196169,435
Katelyn,114784,9
Katelyn,186341,596
Katelyn,178763,157
Katelyn,139611,370
Katelyn,193982,602
Katelyn,101870,133
Katelyn,151035,336
Katelyn,198504,244
Katelyn,186057,128
Katelyn,151615,273
Katelyn,158095,871
Katelyn,136782,317
Katelyn,143697,466
Katelyn,198787,101
Katelyn,188436,786
Katelyn,133420,347
Katelyn,183654,947
Katelyn,170411,768
Katelyn,167915,612
Katelyn,146098,757
Katelyn,164315,135
Katelyn,184117,105
Katelyn,135880,494
Katelyn,199666,211
Katelyn,145527,445
Katelyn,173180,198
Katelyn,138148,897
Katelyn,109891,958
Katelyn,145722,320
Katelyn,140424,406
Katelyn,109589,308
Katelyn,196580,26
Katelyn,181551,191
Katelyn,100416,710
Katelyn,179774,280
Katelyn,105353,710
Katelyn,179007,53
Katelyn,182925,58
Katelyn,107892,617
Katelyn,151663,709
Katelyn,199530,935
Katelyn,137465,705
Katelyn,180800,334
Katelyn,111936,218
Katelyn,150354,677
Katelyn,152084,986
Katelyn,179585,837
Katelyn,197657,409
Katelyn,197384,639
Katelyn,114216,571
Katelyn,186405,951
Katelyn,114620,1000
Katelyn,140134,565
Katelyn,156767,479
Katelyn,106865,950
Katelyn,178534,522
Katelyn,174464,296
Katelyn,173468,969
Katelyn,124694,453
Katelyn,128502,512
Katelyn,183249,648
Katelyn,189824,613
Katelyn,110140,797
Katelyn,186313,926
Katelyn,195142,30
Katelyn,163067,305
Katelyn,104601,218
Katelyn,155398,584
Katelyn,152020,309
Katelyn,108126,881
Katelyn,127248,346
Katelyn,199020,115
Katelyn,154037,502
Katelyn,144115,553
Katelyn,162713,582
Katelyn,133798,858
Katelyn,121975,464
Katelyn,194302,29
Katelyn,108368,746
Katelyn,177984,484
Katelyn,118514,892
Katelyn,150181,162
Katelyn,163921,831
Katelyn,105142,693
Katelyn,167350,521
Katelyn,134478,85
Katelyn,172306,111
Katelyn,115136,175
Katelyn,110308,219
Katelyn,173927,956
Katelyn,141334,394
Katelyn,155081,113
Katelyn,134407,155
Katelyn,163676,62
Katelyn,142866,37
Katelyn,160633,703
Katelyn,141614,618
Katelyn,181137,881
Katelyn,141787,945
Katelyn,106619,143
Katelyn,132954,706
Katelyn,174973,248
Katelyn,145409,520
Katelyn,162963,351
Katelyn,187252,28
Katelyn,120364,65
Katelyn,160546,521
Katelyn,114421,290
Katelyn,107081,263
Katelyn,171337,19
Katelyn,100301,804
Katelyn,160139,621
Katelyn,127918,530
Katelyn,173193,980
Katelyn,189942,217
Katelyn,141104,668
Katelyn,110924,232
Katelyn,137026,467
Katelyn,122651,601
Katelyn,192960,640
Katelyn,179792,411
Katelyn,144028,947
Katelyn,110290,526
Katelyn,131379,312
Katelyn,154273,763
Katelyn,190356,89
Katelyn,126392,769
Katelyn,132347,486
Katelyn,137349,475
Katelyn,158495,498
Katelyn,185826,455
Katelyn,111257,748
Katelyn,109584,949
Katelyn,158541,301
Katelyn,178978,352
Kameko,176812,433
Kameko,123271,928
Kameko,114595,996
Kameko,123700,729
Kameko,148326,309
Kameko,175871,701
Kameko,169718,901
Kameko,183341,961
Kameko,139724,103
Kameko,140401,479
Kameko,174772,352
Kameko,106707,612
Kameko,116541,700
Kameko,193429,128
Kameko,128989,114
Kameko,186956,51
Kameko,103018,920
Kameko,178695,104
Kameko,162318,950
Kameko,113154,862
Kameko,128134,592
Kameko,154519,871
Kameko,178144,695
Kameko,107775,20
Kameko,112358,910
Kameko,166473,960
Kameko,190042,410
Kameko,185851,131
Kameko,113063,301
Kameko,147457,72
Kameko,152827,339
Kameko,147358,674
Kameko,101002,179
Kameko,126399,17
Kameko,151182,366
Kameko,155368,425
Kameko,113688,426
Kameko,178080,23
Kameko,110113,812
Kameko,105177,77
Kameko,109247,712
Kameko,163988,873
Kameko,116844,612
Kameko,114062,985
Kameko,112169,86
Kameko,101928,702
Kameko,176110,76
Kameko,128944,583
Kameko,182411,248
Kameko,132469,379
Kameko,168120,974
Kameko,173500,756
Kameko,112119,784
Kameko,177655,108
Kameko,106539,673
Kameko,148428,293
Kameko,168087,895
Kameko,174930,457
Kameko,186417,951
Kameko,182395,552
Kameko,152047,563
Kameko,111904,132
Kameko,107924,22
Kameko,107725,22
Kameko,139509,156
Kameko,191343,477
Kameko,156896,410
Kameko,184637,992
Kameko,126985,586
Kameko,158062,702
Kameko,108642,981
Kameko,149911,653
Kameko,139624,468
Kameko,148879,378
Kameko,101047,975
Kameko,133275,648
Kameko,146739,378
Kameko,146165,798
Kameko,109528,50
Kameko,105195,759
Kameko,121213,547
Kameko,132906,887
Kameko,120448,242
Kameko,190522,659
Kameko,113619,600
Kameko,166485,945
Kameko,147519,107
Kameko,109552,696
Kameko,155045,758
Kameko,195337,481
Kameko,174539,220
Kameko,153783,630
Kameko,122385,123
Kameko,189171,332
Kameko,104852,840
Kameko,188277,216
Kameko,146333,156
Kameko,184819,411
Kameko,186701,59
Kameko,166833,154
Kameko,159366,751
Kameko,196521,422
Kameko,171581,391
Kameko,195145,286
Kameko,188388,950
Kameko,184554,674
Kameko,186686,943
Kameko,106597,889
Kameko,118296,295
Kameko,128248,786
Kameko,135669,864
Kameko,121822,79
Kameko,196480,253
Kameko,193307,956
Kameko,109902,169
Kameko,100601,227
Kameko,182524,801
Kameko,105063,368
Kameko,181052,959
Kameko,121514,988
Kameko,153760,181
Kameko,160550,615
Kameko,100362,908
Kameko,134662,406
Kameko,109933,479
Kameko,108939,962
Kameko,161892,860
Kameko,169051,639
Kameko,107872,563
Kameko,159113,848
Kameko,161546,482
Kameko,186516,351
Kameko,196054,339
Kameko,179009,610
Kameko,137394,991
Kameko,114172,452
Kameko,171438,112
Kameko,119790,260
Kameko,109979,731
Kameko,115276,804
Kameko,190412,51
Kameko,187986,231
Kameko,159004,170
Kameko,111055,505
Kameko,129732,742
Kameko,190830,273
Kameko,135608,503
Kameko,119471,965
Kameko,192012,703
Kameko,192298,955
Kameko,120538,667
Kameko,105549,876
Kameko,173259,540
Kameko,102322,144
Kameko,165121,854
Kameko,119022,740
Kameko,140951,985
Kameko,153138,4
Kameko,108339,944
Kameko,169256,75
Kameko,194505,442
Kameko,102003,273
Kameko,146856,87
Kameko,126496,726
Kameko,185945,391
Kameko,130988,25
Kameko,137841,175
Kameko,157198,680
Kameko,118629,796
Kameko,158612,597
Kameko,164171,235
Kameko,182030,188
Kameko,109814,719
Kameko,198658,418
Kameko,104381,847
Kameko,135449,231
Kameko,119920,37
Kameko,159277,571
Kameko,162443,37
Kameko,101186,873
Kameko,181308,206
Kameko,105705,349
Kameko,193685,736
Kameko,158096,188
Kameko,108497,29
Kameko,134485,463
Kameko,124443,521
Kameko,146144,933
Kameko,165619,586
Kameko,124815,411
Kameko,167040,461
Kameko,148995,161
Kameko,103122,433
Kameko,146129,128
Kameko,145231,194
Kameko,126730,599
Kameko,182952,753
Kameko,188775,600
Kameko,118122,722
Kameko,114110,585
Kameko,181494,643
Kameko,127939,967
Kameko,101533,509
Kameko,192136,583
Kameko,108055,284
Kameko,109183,512
Kameko,102898,162
Kameko,142415,426
Kameko,106487,92
Kameko,118102,900
Kameko,101802,488
Kameko,147228,688
Kameko,129468,703
Kameko,157275,500
Kameko,157412,390
Kameko,133165,17
Kameko,115782,223
Kameko,152940,238
Kameko,152242,687
Kameko,102213,549
Kameko,137632,273
Kameko,172507,677
Kameko,170085,675
Kameko,131213,765
Kameko,102632,289
Kameko,152184,95
Kameko,138644,986
Kameko,125327,914
Kameko,139790,184
Kameko,116701,810
Kameko,158231,563
Kameko,171872,248
Kameko,141517,547
Kameko,100230,337
Kameko,154362,880
Kameko,118538,502
Kameko,180211,332
Kameko,153766,431
Kameko,118596,779
Kameko,179186,274
Kameko,122218,514
Kameko,140405,160
Kameko,177601,966
Kameko,167044,785
Kameko,173781,778
Kameko,193130,269
Kameko,117032,650
Kameko,101000,592
Kameko,190261,175
Kameko,175563,463
Kameko,105968,865
Kameko,120806,178
Kameko,107449,520
Kameko,141680,994
Kameko,166713,109
Kameko,134026,829
Kameko,146547,239
Kameko,199805,416
Kameko,118002,941
Kameko,151654,53
Kameko,145252,298
Kameko,198441,562
Kameko,105273,778
Kameko,132625,597
Kameko,104924,842
Kameko,173248,347
Kameko,145014,318
Kameko,103009,935
Kameko,147919,924
Kameko,137161,496
Kameko,162320,935
Kameko,185277,39
Kameko,161414,463
Kameko,112127,465
Kameko,115023,288
Kameko,115409,602
Kameko,130814,556
Kameko,132919,391
Kameko,146845,707
Kameko,123049,758
Kameko,151980,340
Kameko,187576,898
Kameko,115785,455
Kameko,172488,538
Kameko,177441,199
Kameko,177245,606
Kameko,145965,748
Kameko,133889,893
Kameko,191700,193
Kameko,181090,195
Kameko,189837,232
Kameko,177999,821
Kameko,117362,88
Kameko,147163,609
Kameko,182048,32
Kameko,116351,362
Kameko,104293,394
Kameko,144696,138
Kameko,167992,626
Kameko,101538,134
Kameko,107883,369
Kameko,149226,28
Kameko,124814,295
Kameko,135044,73
Kameko,168330,981
Kameko,163546,826
Kameko,116909,523
Kameko,148487,707
Kameko,112891,811
Kameko,198653,683
Kameko,168382,899
Kameko,107036,860
Kameko,151622,231
Kameko,122271,108
Kameko,115280,951
Kameko,178748,223
Kameko,173798,457
Kameko,184987,507
Kameko,136756,323
Kameko,133091,434
Kameko,160592,936
Kameko,114489,859
Kameko,178736,428
Kameko,135673,454
Kameko,177360,956
Kameko,152859,143
Kameko,188500,660
Kameko,175727,674
Kameko,121732,662
Kameko,119515,822
Kameko,158788,962
Kameko,170930,704
Kameko,175800,224
Kameko,167104,199
Kameko,152880,607
Kameko,108676,46
Kameko,190168,84
Kameko,180594,785
Kameko,115374,522
Kameko,151592,111
Kameko,154903,962
Kameko,182449,661
Kameko,116839,269
Kameko,148786,564
Kameko,135393,821
Kameko,118361,592
Kameko,173416,714
Kameko,134359,609
Kameko,151901,407
Kameko,112393,86
Kameko,123603,259
Kameko,179146,212
Kameko,124356,799
Kameko,187410,235
Kameko,132001,507
Kameko,178907,675
Kameko,111591,303
Kameko,188129,907
Kameko,181382,219
Kameko,111632,405
Kameko,117521,71
Kameko,192222,475
Kameko,123003,10
Kameko,114716,337
Kameko,193116,4
Kameko,134854,522
Kameko,181847,164
Kameko,122452,134
Kameko,163992,620
Kameko,146510,609
Kameko,112406,144
Kameko,157310,260
Kameko,177828,240
Kameko,127471,822
Kameko,193417,421
Kameko,140544,797
Kameko,169919,526
Kameko,175605,899
Kameko,129198,503
Kameko,177615,537
Kameko,146999,241
Kameko,117662,475
Kameko,188912,10
Kameko,186526,683
Kameko,166823,434
Kameko,189985,116
Kameko,157581,929
Kameko,124437,884
Kameko,119386,360
Kameko,117944,438
Kameko,177570,890
Kameko,102679,363
Kameko,172797,891
Kameko,160536,22
Kameko,140403,746
Kameko,180988,555
Kameko,158890,864
Kameko,179570,780
Kameko,148901,994
Kameko,146164,767
Kameko,122999,515
Kameko,148573,849
Kameko,106739,963
Kameko,183150,825
Kameko,102485,548
Kameko,178740,141
Kameko,172414,5
Kameko,153650,611
Kameko,164930,798
Kameko,114591,573
Kameko,111646,443
Kameko,125474,909
Kameko,183371,349
Kameko,164266,77
Kameko,139761,684
Kameko,141568,827
Kameko,184447,742
Kameko,118096,254
Kameko,130255,441
Kameko,180418,682
Kameko,199245,99
Kameko,138277,111
Kameko,196446,685
Kameko,128360,48
Kameko,177950,176
Kameko,112918,83
Kameko,189596,236
Kameko,117620,355
Kameko,114576,858
Kameko,141622,926
Kameko,137120,934
Kameko,190795,931
Kameko,130399,524
Kameko,174226,686
Kameko,126947,96
Kameko,150001,752
Kameko,186424,84
Kameko,117799,343
Kameko,194704,772
Kameko,181654,696
Kameko,169289,472
Kameko,116481,898
Kameko,123351,62
Kameko,172946,849
Kameko,136067,518
Kameko,182903,873
Kameko,147664,255
Kameko,182502,326
Kameko,125546,181
Kameko,158573,8
Kameko,143399,116
Kameko,164558,940
Kameko,130318,309
Kameko,147390,517
Kameko,120335,47
Kameko,184958,222
Kameko,184250,496
Kameko,137205,465
Kameko,182253,791
Kameko,100066,679
Kameko,189161,706
Kameko,100111,805
Kameko,135173,388
Kameko,140707,168
Kameko,141296,214
Kameko,197542,374
Kameko,140789,26
Kameko,159664,311
Kameko,120781,442
Kameko,166059,438
Kameko,123784,933
Kameko,137066,420
Kameko,120734,369
Kameko,132698,47
Kameko,176022,291
Kameko,136565,381
Kameko,161219,113
Kameko,153470,456
Kameko,181289,230
Kameko,193646,456
Kameko,179395,682
Kameko,119960,862
Kameko,122497,866
Kameko,109185,278
Kameko,110273,313
Kameko,192002,180
Kameko,181332,919
Kameko,157068,58
Kameko,104355,983
Kameko,121923,649
Kameko,117432,130
Kameko,118041,571
Kameko,129671,733
Kameko,197093,732
Kameko,180091,591
Kameko,114465,185
Kameko,115036,567
Kameko,182742,926
Kameko,104158,138
Kameko,128026,920
Kameko,135982,721
Kameko,161476,980
Kameko,103862,435
Kameko,137514,573
Kameko,115719,427
Kameko,163110,458
Kameko,125713,937
Kameko,127544,736
Kameko,161007,789
Kameko,137744,82
Kameko,127220,922
Kameko,117375,643
Kameko,123420,130
Kameko,102960,830
Kameko,119072,321
Kameko,187563,608
Kameko,149583,681
Kameko,162759,227
Kameko,199565,11
Kameko,197516,22
Kameko,100175,216
Kameko,155413,552
Kameko,141690,732
Kameko,154714,984
Kameko,101544,951
Kameko,163279,715
Kameko,161746,863
Kameko,193853,894
Kameko,106534,544
Kameko,142551,954
Kameko,115678,303
Kameko,134797,588
Kameko,167674,543
Kameko,114831,623
Kameko,199516,91
Kameko,121910,472
Kameko,108043,20
Kameko,178421,94
Kameko,123816,443
Kameko,160868,776
Kameko,152893,963
Kameko,122315,104
Kameko,150606,374
Kameko,153682,693
Kameko,135083,614
Kameko,169232,310
Kameko,107260,966
Kameko,113769,943
Kameko,173712,964
Kameko,144021,940
Kameko,116934,723
Kameko,179511,313
Kameko,189184,634
Kameko,178947,319
Kameko,116365,131
Kameko,133388,142
Kameko,186156,86
Kameko,117924,599
Kameko,136349,661
Kameko,107198,616
Kameko,189546,102
Kameko,162959,577
Kameko,190953,651
Kameko,133251,887
Kameko,134104,845
Kameko,115466,152
Kameko,165505,323
Kameko,116983,633
Kameko,130195,959
Kameko,174023,8
Kameko,125831,287
Kameko,153859,618
Kameko,163585,559
Kameko,108929,935
Kameko,154212,765
Kameko,139618,762
Kameko,141343,755
Kameko,185344,736
Kameko,166784,389
Kameko,140609,167
Kameko,152610,383
Kameko,197451,290
Kameko,103187,476
Kameko,195665,661
Kameko,106492,37
Kameko,173949,708
Kameko,118304,106
Kameko,149183,142
Kameko,129632,435
Kameko,135740,125
Kameko,184916,224
Kameko,184090,780
Kameko,164436,558
Kameko,171606,799
Kameko,195972,382
Kameko,178416,145
Kameko,152057,407
Kameko,132447,852
Kameko,148296,326
Kameko,132814,826
Kameko,175096,683
Kameko,156171,337
Kameko,186311,176
Kameko,190810,581
Kameko,187373,999
Kameko,174280,452
Kameko,128421,134
Kameko,131313,34
Kameko,162845,590
Kameko,144951,114
Kameko,130962,583
Kameko,145335,262
Kameko,156666,298
Kameko,165345,821
Kameko,195870,717
Kameko,108678,13
Kameko,180434,101
Kameko,120882,612
Kameko,184364,606
Kameko,148238,91
Kameko,142585,213
Kameko,169459,121
Kameko,118844,949
Kameko,102445,845
Kameko,122609,862
Kameko,154750,379
Kameko,193793,499
Kameko,102259,504
Kameko,175409,713
Kameko,179733,649
Kameko,129922,152
Kameko,130008,897
Kameko,145544,119
Kameko,107254,271
Kameko,177927,240
Kameko,122678,916
Kameko,136463,529
Kameko,107820,767
Kameko,105261,216
Kameko,187420,557
Kameko,176868,204
Kameko,195412,657
Kameko,121238,247
Kameko,101388,590
Kameko,197883,441
Kameko,102152,529
Kameko,196996,610
Kameko,186467,384
Kameko,122572,719
Kameko,144178,791
Kameko,191403,315
Kameko,183327,904
Kameko,192261,958
Kameko,113304,444
Kameko,176537,710
Kameko,152185,858
Kameko,186872,637
Kameko,188174,86
Kameko,189182,667
Kameko,120413,310
Kameko,121072,703
Kameko,168094,33
Kameko,178322,779
Kameko,142307,883
Kameko,169175,320
Kameko,186282,218
Kameko,122121,542
Kameko,127780,748
Kameko,130150,13
Kameko,102130,736
Kameko,166465,696
Kameko,184389,925
Kameko,169415,175
Kameko,163930,602
Kameko,162978,872
Kameko,167611,544
Kameko,181115,650
Kameko,140872,318
Kameko,104184,267
Kameko,132439,633
Kameko,119693,391
Kameko,137830,1
Kameko,120937,87
Kameko,177053,753
Kameko,147811,801
Kameko,141933,308
Kameko,173296,9
Kameko,161379,927
Kameko,165875,133
Kameko,127769,606
Kameko,164589,860
Kameko,159329,244
Kameko,193984,571
Kameko,106677,761
Kameko,102013,653
Kameko,113097,157
Kameko,198739,310
Kameko,126618,249
Kameko,173597,663
Kameko,130077,214
Kameko,180252,381
Kameko,176157,174
Kameko,141878,203
Kameko,188960,489
Kameko,193160,242
Kameko,186320,412
Kameko,172961,456
Kameko,127686,524
Kameko,186402,175
Kameko,164214,819
Kameko,193619,236
Kameko,142596,955
Kameko,136368,1
Kameko,128578,707
Kameko,107707,579
Kameko,102475,278
Kameko,137810,428
Kameko,142301,323
Kameko,125625,156
Kameko,192435,588
Kameko,186098,707
Kameko,121074,809
Kameko,118902,342
Kameko,198209,143
Kameko,103773,256
Kameko,164318,264
Kameko,190548,182
Kameko,130047,416
Kameko,184889,530
Kameko,119585,39
Kameko,176568,214
Kameko,103686,206
Kameko,165714,527
Kameko,139377,692
Kameko,155876,294
Kameko,142907,784
Kameko,199472,10
Kameko,164496,398
Kameko,130720,450
Kameko,146308,705
Kameko,161188,657
Kameko,175247,308
Kameko,192765,142
Kameko,181987,555
Kameko,144511,664
Kameko,174716,460
Kameko,191089,370
Kameko,111871,448
Kameko,125601,22
Kameko,154809,395
Kameko,106374,379
Kameko,181811,117
Kameko,111853,326
Kameko,159942,997
Kameko,116029,646
Kameko,137678,647
Kameko,123077,252
Kameko,120043,817
Kameko,139808,290
Kameko,189086,647
Kameko,191709,342
Kameko,110037,625
Kameko,133565,880
Kameko,178263,316
Kameko,152166,14
Kameko,136582,473
Kameko,150748,954
Kameko,113550,288
Kameko,108504,638
Kameko,157166,830
Kameko,151973,212
Kameko,143702,121
Kameko,198521,485
Kameko,192434,502
Kameko,195219,458
Kameko,122544,979
Kameko,181013,121
Kameko,124375,920
Kameko,172129,149
Kameko,174443,721
Kameko,141389,732
Kameko,152313,805
Kameko,175086,857
Kameko,180523,740
Kameko,150357,169
Kameko,141106,456
Kameko,131346,689
Kameko,106038,791
Kameko,127040,94
Kameko,161140,104
Kameko,148589,80
Kameko,166138,701
Kameko,113579,42
Kameko,173610,265
Kameko,188906,399
Kameko,106818,827
Kameko,142003,820
Kameko,168211,560
Kameko,170436,224
Kameko,155408,258
Kameko,162512,653
Kameko,196112,630
Kameko,199804,501
Kameko,180866,399
Kameko,123217,767
Kameko,175964,886
Kameko,149199,260
Kameko,191171,276
Kameko,185555,497
Kameko,173258,225
Kameko,174386,292
Kameko,195469,68
Kameko,150831,746
Kameko,161989,582
Kameko,164190,133
Kameko,162421,792
Kameko,165635,246
Kameko,171009,582
Kameko,177653,818
Kameko,109745,516
Kameko,167431,736
Kameko,130349,377
Kameko,193737,917
Kameko,126282,878
Kameko,108032,616
Kameko,172841,915
Kameko,107205,302
Kameko,116353,687
Kameko,199260,453
Kameko,138480,650
Kameko,134978,515
Kameko,167552,56
Kameko,121635,754
Kameko,162425,344
Kameko,196616,777
Kameko,170237,247
Kameko,143326,617
Kameko,100273,843
Kameko,109549,832
Kameko,188509,264
Kameko,184472,357
Kameko,175641,692
Kameko,137144,165
Kameko,160808,469
Kameko,117913,312
Kameko,182496,169
Kameko,102450,587
Kameko,148795,187
Kameko,161913,898
Kameko,163341,33
Kameko,163418,740
Kameko,166995,728
Kameko,159636,572
Kameko,160121,588
Kameko,104827,786
Kameko,163028,105
Kameko,195833,508
Kameko,124519,989
Kameko,153340,225
Kameko,126003,598
Kameko,126698,856
Kameko,139468,421
Kameko,185508,552
Kameko,137273,988
Kameko,180088,630
Kameko,128410,463
Kameko,106146,866
Kameko,192507,203
Kameko,132029,81
Kameko,154303,512
Kameko,177131,855
Kameko,182981,673
Kameko,131321,78
Kameko,133156,915
Kameko,139199,134
Kameko,159818,789
Kameko,154787,789
Kameko,124068,955
Kameko,136231,852
Kameko,158404,281
Kameko,138117,485
Kameko,107984,255
Kameko,136486,225
Kameko,198375,497
Kameko,117010,490
Kameko,105260,112
Kameko,135914,655
Kameko,174850,922
Kameko,117252,993
Kameko,133957,145
Kameko,176443,156
Kameko,119438,971
Kameko,171415,532
Kameko,100930,926
Kameko,168456,564
Kameko,119038,814
Kameko,192413,450
Kameko,130140,216
Kameko,192945,180
Kameko,113980,358
Kameko,182545,558
Kameko,105007,106
Kameko,138621,156
Kameko,126377,95
Kameko,151570,2
Kameko,125124,110
Kameko,151330,175
Kameko,188538,147
Kameko,173620,777
Kameko,162704,810
Kameko,134163,85
Kameko,177123,334
Kameko,105994,365
Kameko,107437,574
Kameko,105525,171
Kameko,112816,507
Kameko,185075,74
Kameko,152417,939
Kameko,146217,971
Kameko,139526,907
Kameko,154150,497
Kameko,114105,131
Kameko,122889,34
Kameko,110481,999
Kameko,192979,193
Kameko,172633,634
Kameko,133873,1
Kameko,140326,881
Kameko,137796,658
Kameko,108018,787
Kameko,165606,700
Kameko,135276,632
Kameko,149529,230
Kameko,126919,497
Jesse,147125,306
Jesse,136342,436
Jesse,129903,504
Jesse,124393,56
Jesse,151597,245
Jesse,156830,631
Jesse,105700,912
Jesse,113343,151
Jesse,127251,86
Jesse,103448,501
Jesse,127547,721
Jesse,136123,689
Jesse,183124,791
Jesse,178710,246
Jesse,113057,632
Jesse,144329,935
Jesse,198919,344
Jesse,122099,862
Jesse,167373,841
Jesse,104164,47
Jesse,131262,878
Jesse,115230,56
Jesse,118455,973
Jesse,102064,61
Jesse,128926,5
Jesse,157825,291
Jesse,126364,549
Jesse,183585,436
Jesse,134034,888
Jesse,187057,98
Jesse,112812,649
Jesse,166913,150
Jesse,188703,257
Jesse,156136,723
Jesse,122529,139
Jesse,114687,177
Jesse,161380,603
Jesse,147181,54
Jesse,137187,998
Jesse,109297,592
Jesse,143335,521
Jesse,101540,397
Jesse,142772,489
Jesse,137211,73
Jesse,170307,527
Jesse,134901,899
Jesse,102419,169
Jesse,194643,93
Jesse,148954,604
Jesse,147620,797
Jesse,186231,965
Jesse,183530,633
Jesse,101497,935
Jesse,163247,174
Jesse,115356,16
Jesse,148838,277
Jesse,179099,727
Jesse,179863,28
Jesse,167659,768
Jesse,184443,288
Jesse,195246,437
Jesse,173366,364
Jesse,174124,484
Jesse,151277,808
Jesse,112796,452
Jesse,131574,230
Jesse,194880,846
Jesse,196946,712
Jesse,155175,718
Jesse,136927,266
Jesse,174332,933
Jesse,160123,595
Jesse,172677,707
Jesse,197195,596
Jesse,182873,198
Jesse,106381,436
Jesse,112315,522
Jesse,127464,899
Jesse,119285,549
Jesse,131143,754
Jesse,102055,829
Jesse,111624,481
Jesse,137238,375
Jesse,115797,182
Jesse,175240,650
Jesse,138770,491
Jesse,155721,44
Jesse,142490,860
Jesse,113561,875
Jesse,128495,763
Jesse,141332,675
Jesse,127849,737
Jesse,155574,247
Jesse,139654,547
Jesse,153055,544
Jesse,173532,602
Jesse,160057,842
Jesse,121797,487
Jesse,126515,807
Jesse,158097,67
Jesse,185182,961
Jesse,128884,163
Jesse,156463,838
Jesse,179672,193
Jesse,159085,324
Jesse,115562,974
Jesse,113062,362
Jesse,136747,727
Jesse,157234,205
Jesse,162200,424
Jesse,161864,783
Jesse,182961,564
Jesse,121377,516
Jesse,182887,261
Jesse,104936,502
Jesse,155002,638
Jesse,120979,13
Jesse,168670,209
Jesse,135018,376
Jesse,146727,260
Jesse,158720,85
Jesse,162349,459
Jesse,100136,131
Jesse,113650,682
Jesse,160910,511
Jesse,154813,395
Jesse,195891,586
Jesse,143486,644
Jesse,101750,254
Jesse,150200,916
Jesse,108520,113
Jesse,177477,6
Jesse,183185,938
Jesse,175759,653
Jesse,135063,646
Jesse,124365,819
Jesse,151987,46
Jesse,137593,507
Jesse,158173,353
Jesse,159347,451
Jesse,129720,85
Jesse,164276,164
Jesse,193899,555
Jesse,167102,337
Jesse,117955,404
Jesse,180023,232
Jesse,136077,365
Jesse,156822,698
Jesse,110196,793
Jesse,110614,127
Jesse,154495,165
Jesse,191393,321
Jesse,199705,63
Jesse,140643,8
Jesse,110406,10
Jesse,127997,851
Jesse,144433,798
Jesse,105445,177
Jesse,132870,52
Jesse,159678,562
Jesse,108629,839
Jesse,161848,262
Jesse,159352,16
Jesse,103147,109
Jesse,105346,472
Jesse,121963,753
Jesse,130241,937
Jesse,160438,820
Jesse,161218,659
Jesse,190395,510
Jesse,111432,981
Jesse,189774,104
Jesse,146549,818
Jesse,191497,351
Jesse,167889,920
Jesse,174918,135
Jesse,135584,723
Jesse,188105,491
Jesse,174868,516
Jesse,119841,203
Jesse,175446,656
Jesse,196748,428
Jesse,123646,294
Jesse,177812,675
Jesse,174458,507
Jesse,198428,388
Jesse,189462,425
Jesse,181732,315
Jesse,183897,720
Jesse,115876,234
Jesse,162291,25
Jesse,163003,268
Jesse,123032,437
Jesse,147262,192
Jesse,158954,224
Jesse,161531,475
Jesse,127909,504
Jesse,180688,413
Jesse,179819,402
Jesse,179066,777
Jesse,199120,748
Jesse,154615,200
Jesse,168524,682
Jesse,167605,979
Jesse,162275,361
Jesse,139402,848
Jesse,197424,749
Jesse,132451,221
Jesse,194924,150
Jesse,119456,742
Jesse,145670,701
Jesse,144040,130
Jesse,171973,595
Jesse,150254,540
Jesse,138677,116
Jesse,165011,289
Jesse,152090,769
Jesse,192321,216
Jesse,128497,963
Jesse,199964,764
Jesse,121552,49
Jesse,145455,721
Jesse,151322,80
Jesse,119436,291
Jesse,171023,333
Jesse,194429,215
Jesse,198049,675
Jesse,141383,556
Jesse,145175,684
Jesse,178380,870
Jesse,165097,808
Jesse,114496,587
Jesse,127491,262
Jesse,118211,650
Jesse,162517,892
Jesse,181285,579
Jesse,119745,722
Jesse,140665,583
Jesse,198134,985
Jesse,102691,497
Jesse,165994,630
Jesse,171423,642
Jesse,181790,37
Jesse,104244,906
Jesse,116764,199
Jesse,162082,402
Jesse,181224,742
Jesse,110418,306
Jesse,175144,367
Jesse,150786,749
Jesse,122593,32
Jesse,119119,626
Jesse,171283,1000
Jesse,166700,213
Jesse,177986,659
Jesse,122117,941
Jesse,184756,510
Jesse,122232,888
Jesse,198615,115
Jesse,113863,729
Jesse,130856,244
Jesse,124111,114
Jesse,164383,206
Jesse,110078,997
Jesse,160951,845
Jesse,170531,207
Jesse,194375,820
Jesse,124876,378
Jesse,187958,288
Jesse,130434,601
Jesse,122867,356
Jesse,172885,887
Jesse,181980,806
Jesse,182142,820
Jesse,114262,827
Jesse,142070,694
Jesse,196848,460
Jesse,178792,959
Jesse,166296,714
Jesse,194083,749
Jesse,189382,57
Jesse,148598,74
Jesse,134538,857
Jesse,108221,919
Jesse,178620,582
Jesse,113717,572
Jesse,161917,447
Jesse,196797,542
Jesse,197009,641
Jesse,185916,332
Jesse,187281,118
Jesse,159133,509
Jesse,125573,726
Jesse,106159,308
Jesse,170271,420
Jesse,117428,209
Jesse,193279,335
Jesse,152401,236
Jesse,117911,252
Jesse,105117,982
Jesse,114889,368
Jesse,143828,152
Jesse,156263,552
Jesse,132850,441
Jesse,197797,91
Jesse,177472,184
Jesse,111434,641
Jesse,101541,226
Jesse,177358,319
Jesse,106630,786
Jesse,142073,232
Jesse,180788,426
Jesse,101775,742
Jesse,182078,101
Jesse,123200,711
Jesse,196364,408
Jesse,142203,759
Jesse,169071,931
Jesse,171882,18
Jesse,100825,707
Jesse,154775,360
Jesse,127481,170
Jesse,197258,897
Jesse,186608,188
Jesse,196826,930
Jesse,106011,332
Jesse,141026,427
Jesse,184260,92
Jesse,182262,911
Jesse,179829,311
Jesse,185758,710
Jesse,169442,11
Jesse,126397,235
Jesse,159764,487
Jesse,180877,149
Jesse,127840,844
Jesse,175053,835
Jesse,199477,94
Jesse,127658,46
Jesse,139224,19
Jesse,146754,110
Jesse,164823,869
Jesse,134906,577
Jesse,113608,339
Jesse,128743,446
Jesse,145265,675
Jesse,147300,249
Jesse,146162,734
Jesse,182905,525
Jesse,185676,21
Jesse,118505,858
Jesse,193219,873
Jesse,151116,916
Jesse,130879,648
Jesse,126314,745
Jesse,194232,97
Jesse,188034,526
Jesse,177302,566
Jesse,119935,60
Jesse,104875,448
Jesse,134127,766
Jesse,114876,625
Jesse,112848,794
Jesse,163584,269
Jesse,157938,57
Jesse,125946,801
Jesse,159309,820
Jesse,116009,929
Jesse,193450,698
Jesse,112139,345
Jesse,103978,784
Jesse,122803,322
Jesse,133891,596
Jesse,176003,675
Jesse,104260,330
Jesse,175441,862
Jesse,195348,493
Jesse,104848,266
Jesse,141674,66
Jesse,180243,867
Jesse,173282,917
Jesse,182185,387
Jesse,107912,744
Jesse,195384,726
Jesse,175887,844
Jesse,127058,472
Jesse,122786,160
Jesse,179562,887
Jesse,178401,545
Jesse,143931,802
Jesse,195197,167
Jesse,107940,57
Jesse,185830,837
Jesse,128244,728
Jesse,152246,313
Jesse,165344,333
Jesse,163674,960
Jesse,184259,507
Jesse,128996,772
Jesse,141092,165
Jesse,144340,23
Jesse,169269,836
Jesse,132017,902
Jesse,135275,472
Jesse,185306,43
Jesse,168039,719
Jesse,175518,361
Jesse,168718,176
Jesse,104723,604
Jesse,127721,45
Jesse,134243,921
Jesse,160295,799
Jesse,142663,362
Jesse,123309,214
Jesse,120466,229
Jesse,141527,176
Jesse,130164,379
Jesse,138672,378
Jesse,119422,946
Jesse,139123,934
Jesse,162720,588
Jesse,105202,36
Jesse,192506,534
Jesse,188483,786
Jesse,195259,411
Jesse,185247,700
Jesse,198125,791
Jesse,177668,451
Jesse,118479,579
Jesse,129472,494
Jesse,183206,878
Jesse,160947,696
Jesse,120881,262
Jesse,185978,660
Jesse,163596,952
Jesse,187796,394
Jesse,170412,723
Jesse,124433,688
Jesse,100950,798
Jesse,161303,413
Jesse,169117,132
Jesse,170233,186
Jesse,102819,868
Jesse,196913,244
Jesse,148211,69
Jesse,176555,201
Jesse,126109,383
Jesse,180830,735
Jesse,156288,645
Jesse,169448,412
Jesse,112314,179
Jesse,110414,570
Jesse,191756,599
Jesse,140693,430
Jesse,194026,865
Jesse,154410,470
Jesse,173246,893
Jesse,175677,16
Jesse,191303,649
Jesse,157352,77
Jesse,140639,480
Jesse,187338,132
Jesse,119302,830
Jesse,101208,347
Jesse,115032,667
Jesse,151617,475
Jesse,193910,687
Jesse,132854,446
Jesse,114470,925
Jesse,110422,597
Jesse,157676,922
Jesse,128160,249
Jesse,188582,425
Jesse,173766,461
Jesse,182765,252
Jesse,196933,252
Jesse,163758,986
Jesse,116250,570
Jesse,110298,438
Jesse,108711,530
Jesse,136645,319
Jesse,178343,424
Jesse,164196,216
Jesse,178008,911
Jesse,169091,638
Jesse,115220,673
Jesse,117552,489
Jesse,123092,428
Jesse,127967,465
Jesse,122792,51
Jesse,137448,244
Jesse,135553,643
Jesse,115671,782
Jesse,119156,533
Jesse,119956,423
Jesse,127645,540
Jesse,147458,72
Jesse,104622,378
Jesse,122233,986
Jesse,125970,63
Jesse,189301,177
Jesse,147460,821
Jesse,165330,770
Jesse,115404,746
Jesse,161893,385
Jesse,184157,449
Jesse,100558,732
Jesse,183526,430
Jesse,173424,794
Jesse,160046,889
Jesse,116731,816
Jesse,134470,619
Jesse,114607,584
Jesse,143010,330
Jesse,154246,280
Jesse,134679,529
Jesse,106373,22
Jesse,121981,15
Jesse,197461,854
Jesse,137878,517
Jesse,134463,594
Jesse,119292,583
Jesse,182401,851
Jesse,199132,793
Jesse,161819,680
Jesse,140579,77
Jesse,155225,933
Jesse,131930,343
Jesse,125500,88
Jesse,152889,46
Jesse,176904,423
Jesse,141328,904
Jesse,102142,595
Jesse,175445,965
Jesse,102899,165
Jesse,180478,788
Jesse,110746,942
Jesse,106433,649
Jesse,177027,24
Jesse,194884,32
Jesse,153303,486
Jesse,150403,576
Jesse,102495,57
Jesse,111217,364
Jesse,101995,313
Jesse,110787,913
Jesse,166887,510
Jesse,125382,866
Jesse,136047,189
Jesse,101386,699
Jesse,186026,906
Jesse,190598,97
Jesse,162417,477
Jesse,171332,131
Jesse,165793,196
Jesse,124058,527
Jesse,101233,917
Jesse,185489,773
Jesse,164807,370
Jesse,164692,62
Jesse,158655,12
Jesse,189810,495
Jesse,150323,250
Jesse,117841,640
Jesse,108027,42
Jesse,121710,320
Jesse,116862,444
Jesse,189687,714
Jesse,140697,646
Jesse,180241,416
Jesse,159920,531
Jesse,182176,603
Jesse,140926,561
Jesse,138338,86
Jesse,181387,4
Jesse,137110,367
Jesse,142911,349
Jesse,148750,545
Jesse,184058,891
Jesse,129031,975
Jesse,189734,777
Jesse,167165,682
Jesse,167608,216
Jesse,108511,504
Jesse,115454,910
Jesse,127691,772
Jesse,147588,348
Jesse,124513,810
Jesse,123552,817
Jesse,125492,993
Jesse,175752,249
Jesse,193305,747
Jesse,106203,426
Jesse,185904,549
Jesse,168399,404
Jesse,149471,338
Jesse,150537,633
Jesse,183223,2
Jesse,156659,628
Jesse,126773,761
Jesse,127552,271
Jesse,111964,661
Jesse,151711,253
Jesse,150923,884
Jesse,185645,347
Jesse,199605,603
Jesse,150283,527
Jesse,108326,535
Jesse,123128,521
Jesse,181046,148
Jesse,189406,906
Jesse,176697,797
Jesse,183671,336
Jesse,174753,119
Jesse,156314,584
Jesse,138994,115
Jesse,174819,201
Jesse,143846,400
Jesse,178279,447
Jesse,165898,64
Jesse,139010,149
Jesse,120668,915
Jesse,120748,821
Jesse,101713,613
Jesse,116851,586
Jesse,111369,296
Jesse,134787,188
Jesse,178870,65
Jesse,140453,984
Jesse,107295,112
Jesse,105678,880
Jesse,122527,548
Jesse,110486,315
Jesse,187105,819
Jesse,150659,722
Jesse,199823,519
Jesse,100831,401
Jesse,143530,62
Jesse,179807,180
Jesse,123106,938
Jesse,191412,158
Jesse,128089,426
Jesse,189247,862
Jesse,195291,610
Jesse,102374,5
Jesse,135076,100
Jesse,163709,624
Jesse,178994,730
Jesse,147677,823
Jesse,180492,478
Jesse,136140,214
Jesse,160499,445
Jesse,133626,641
Jesse,133235,163
Jesse,139242,240
Jesse,176200,194
Jesse,181372,84
Jesse,163959,652
Jesse,112633,862
Jesse,108937,904
Jesse,183734,574
Jesse,106605,202
Jesse,185391,854
Jesse,152319,844
Jesse,137369,168
Jesse,154489,666
Jesse,169684,189
Jesse,153513,45
Jesse,106173,754
Jesse,144355,476
Jesse,180502,86
Jesse,165735,888
Jesse,162193,776
Jesse,142128,780
Jesse,161071,226
Jesse,182902,741
Jesse,162160,730
Jesse,175601,241
Jesse,123928,687
Jesse,101103,148
Jesse,169335,473
Jesse,154663,71
Jesse,198211,279
Jesse,144875,113
Jesse,158177,626
Jesse,124202,703
Jesse,172538,345
Jesse,179674,282
Jesse,193063,467
Jesse,118327,644
Jesse,116288,70
Jesse,175562,994
Jesse,148696,535
Jesse,122811,813
Jesse,190558,553
Jesse,127134,755
Jesse,180823,125
Jesse,101657,792
Jesse,159345,878
Jesse,131680,875
Jesse,191000,568
Jesse,113604,771
Jesse,119805,85
Jesse,117946,262
Jesse,177115,227
Jesse,147061,318
Jesse,131937,353
Jesse,135112,603
Jesse,115125,272
Jesse,196645,462
Jesse,112303,663
Jesse,162661,782
Jesse,121688,830
Jesse,124900,667
Jesse,128580,221
Jesse,108079,113
Jesse,124570,297
Jesse,161726,466
Jesse,145518,250
Jesse,143899,643
Jesse,186858,802
Jesse,105213,719
Jesse,113606,961
Jesse,117872,223
Jesse,180729,660
Jesse,193688,585
Jesse,173210,872
Jesse,140322,404
Jesse,101722,383
Jesse,173191,140
Jesse,174258,334
Jesse,144110,35
Jesse,186976,572
Jesse,127535,499
Jesse,107778,670
Jesse,137063,298
Jesse,129052,805
Jesse,139316,528
Jesse,176778,392
Jesse,120764,666
Jesse,141469,410
Jesse,177973,547
Jesse,118683,259
Jesse,166817,428
Jesse,114278,909
Jesse,146979,245
Jesse,128404,169
Jesse,132311,639
Jesse,130974,800
Jesse,183776,749
Jesse,162529,432
Jesse,107018,547
Jesse,131326,989
Jesse,111418,674
Jesse,181758,163
Jesse,134643,707
Jesse,197034,808
Jesse,164623,726
Jesse,100961,963
Jesse,115572,845
Jesse,113887,876
Jesse,199168,588
Jesse,153005,750
Jesse,137179,594
Jesse,139153,121
Jesse,183181,680
Jesse,120843,337
Jesse,164884,304
Jesse,192443,9
Jesse,147679,108
Jesse,111732,428
Jesse,116455,730
Jesse,160136,937
Jesse,174731,684
Jesse,179549,503
Jesse,125890,391
Jesse,190481,89
Jesse,167321,613
Jesse,181042,985
Jesse,106859,371
Jesse,182751,875
Jesse,180583,29
Jesse,171859,320
Jesse,111066,31
Jesse,167497,836
Jesse,171405,648
Jesse,107938,44
Jesse,172644,789
Jesse,161901,198
Jesse,155490,470
Jesse,136933,912
Jesse,108828,645
Jesse,117190,77
Jesse,105301,510
Jesse,155098,460
Jesse,155776,812
Jesse,116293,789
Jesse,123963,887
Jesse,159815,98
Jesse,142646,530
Jesse,148437,328
Jesse,192192,834
Jesse,186412,654
Jesse,166420,264
Jesse,178230,615
Jesse,116777,125
Jesse,144243,112
Jesse,127077,317
Jesse,120510,159
Jesse,102620,964
Jesse,105998,500
Jesse,151803,152
Jesse,112621,834
Jesse,131166,966
Jesse,137257,625
Jesse,136449,985
Jesse,172548,364
Jesse,170903,598
Jesse,155780,276
Jesse,175568,53
Jesse,123228,661
Jesse,174479,819
Jesse,163502,540
Jesse,199813,876
Jesse,149708,225
Jesse,189040,479
Jesse,116410,152
Jesse,177838,370
Jesse,109067,849
Jesse,191120,60
Jesse,197553,261
Jesse,128371,536
Jesse,129998,349
Jesse,144136,521
Jesse,121141,492
Jesse,146157,692
Jesse,165763,98
Jesse,108770,690
Jesse,189641,573
Jesse,123781,708
Jesse,123193,782
Jesse,143654,889
Jesse,153237,20
Jesse,162869,407
Jesse,165091,60
Jesse,138179,354
Jesse,162714,566
Jesse,103146,150
Jesse,168338,51
Jesse,167369,157
Jesse,180495,573
Jesse,101408,40
Jesse,159024,691
Jesse,134800,190
Jesse,159400,749
Jesse,130881,205
Jesse,140828,953
Jesse,185523,474
Jesse,124428,615
Jesse,108144,110
Jesse,131368,278
Jesse,104151,614
Jesse,103324,660
Jesse,132623,682
Jesse,164702,510
Jesse,199643,862
Jesse,152448,424
Jesse,125611,335
Jesse,104332,101
Jesse,102031,246
Jesse,185350,704
Jesse,141712,232
Jesse,106061,96
Jesse,195999,702
Jesse,168899,832
Jesse,105911,691
Jesse,160418,857
Jesse,188093,253
Jesse,103167,444
Jesse,186719,676
Jesse,193303,885
Jesse,156457,314
Jesse,190631,953
Jesse,164163,178
Jesse,156766,165
Jesse,121919,224
Jesse,188079,872
Jesse,160856,678
Jesse,125756,365
Jesse,185495,736
Jesse,125787,906
Jesse,102852,792
Jesse,153260,226
Jesse,151241,196
Jesse,147444,905
Jesse,125518,356
Jesse,120142,872
Jesse,110306,271
Jesse,194593,175
Jesse,113792,726
Jesse,129446,999
Jesse,111832,170
Jesse,168976,608
Jesse,191190,248
Jesse,131360,596
Jesse,185291,101
Jesse,144596,706
Jesse,142300,462
Jesse,128133,116
Jesse,183491,485
Jesse,110733,154
Jesse,183619,606
Jesse,106410,841
Jesse,132653,483
Jesse,136583,541
Jesse,142665,830
Jesse,107793,989
Jesse,112645,614
Jesse,153377,433
Jesse,134400,244
Jesse,193942,964
Jesse,108992,520
Jesse,116936,110
Jesse,131201,533
Jesse,122708,588
Jesse,141342,828
Jesse,134387,698
Jesse,183004,595
Jesse,126770,385
Jesse,123896,247
Jesse,119376,73
Jesse,151588,898
Jesse,118662,289
Jesse,108812,990
Jesse,177695,75
Jesse,163228,423
Jesse,130124,456
Jesse,182215,729
Jesse,144899,600
Jesse,155388,211
Jesse,144562,908
Jesse,100944,169
Jesse,199930,447
Jesse,175010,791
Jesse,193690,986
Jesse,106043,511
Jesse,175894,661
Jesse,179219,644
Jesse,187067,271
Jesse,129881,250
Jesse,147184,248
Jesse,163850,646
Jesse,187880,834
Jesse,127154,165
Jesse,162528,360
Jesse,179513,251
Jesse,165754,791
Jesse,125456,675
Jesse,189197,140
Jesse,196667,621
Jesse,155052,105
Jesse,135011,904
Jesse,106223,442
Jesse,182035,716
Jesse,112637,786
Jesse,129742,600
Jesse,158902,251
Jesse,185940,527
Jesse,187378,329
Jesse,119948,538
Jesse,173886,839
Jesse,131397,679
Jesse,122508,835
Jesse,156733,149
Jesse,175456,184
Jesse,152130,530
Jesse,199155,87
Jesse,193767,669
Jesse,190544,407
Jesse,160034,565
Jesse,186111,691
Jesse,119562,871
Jesse,123222,621
Jesse,132243,648
Jesse,164796,967
Jesse,130512,591
Jesse,131236,894
Jesse,141672,884
Jesse,110344,877
Jesse,162410,847
Jesse,100263,564
Jesse,104094,937
Jesse,145862,228
Jesse,106571,316
Jesse,131137,151
Jesse,143957,675
Jesse,127307,2
Jesse,174953,684
Jesse,195819,246
Jesse,136374,805
Jesse,196740,535
Jesse,150476,618
Jesse,117573,26
Jesse,144839,990
Jesse,192823,425
Jesse,169105,937
Jesse,116135,453
Jasmine,133831,236
Jasmine,157428,487
Jasmine,145446,552
Jasmine,150775,438
Jasmine,126058,79
Jasmine,155050,279
Jasmine,144388,777
Jasmine,181255,50
Jasmine,146451,832
Jasmine,117433,346
Jasmine,179263,218
Jasmine,134761,696
Jasmine,121132,185
Jasmine,176420,304
Jasmine,192728,866
Jasmine,161124,294
Jasmine,180319,572
Jasmine,126170,976
Jasmine,126595,68
Jasmine,138368,773
Jasmine,103882,519
Jasmine,128011,682
Jasmine,195530,963
Jasmine,145290,280
Jasmine,150981,204
Jasmine,169202,868
Jasmine,158766,953
Jasmine,104694,898
Jasmine,167643,847
Jasmine,145286,565
Jasmine,130185,648
Jasmine,177664,550
Jasmine,124349,493
Jasmine,107239,52
Jasmine,149417,350
Jasmine,150856,511
Jasmine,130899,428
Jasmine,170504,609
Jasmine,177135,633
Jasmine,146419,574
Jasmine,185304,34
Jasmine,153058,82
Jasmine,153557,458
Jasmine,138255,389
Jasmine,106722,339
Jasmine,128575,706
Jasmine,137862,324
Jasmine,149187,937
Jasmine,124083,172
Jasmine,178066,369
Jasmine,128751,517
Jasmine,158083,925
Jasmine,189390,632
Jasmine,109316,447
Jasmine,104703,740
Jasmine,189497,505
Jasmine,180347,581
Jasmine,138526,396
Jasmine,193771,749
Jasmine,151527,47
Jasmine,163332,582
Jasmine,188593,707
Jasmine,117554,875
Jasmine,125892,241
Jasmine,129233,162
Jasmine,131238,890
Jasmine,124468,582
Jasmine,105510,513
Jasmine,148539,833
Jasmine,122152,968
Jasmine,147871,966
Jasmine,161339,475
Jasmine,127584,157
Jasmine,151070,11
Jasmine,168444,896
Jasmine,140336,722
Jasmine,175387,930
Jasmine,115973,668
Jasmine,160556,729
Jasmine,141028,878
Jasmine,163236,342
Jasmine,117769,73
Jasmine,108147,720
Jasmine,167427,189
Jasmine,112115,370
Jasmine,100837,594
Jasmine,129800,821
Jasmine,115272,13
Jasmine,151746,152
Jasmine,191836,47
Jasmine,178551,250
Jasmine,146210,919
Jasmine,187772,502
Jasmine,114178,851
Jasmine,131459,926
Jasmine,123259,516
Jasmine,156681,873
Jasmine,173264,801
Jasmine,193980,369
Jasmine,174114,938
Jasmine,105350,171
Jasmine,146668,150
Jasmine,124210,180
Jasmine,115146,924
Jasmine,130359,848
Jasmine,150060,109
Jasmine,147053,391
Jasmine,168117,877
Jasmine,133710,719
Jasmine,168243,992
Jasmine,114531,749
Jasmine,183957,310
Jasmine,135106,573
Jasmine,165326,442
Jasmine,101735,137
Jasmine,184134,675
Jasmine,121298,23
Jasmine,136242,600
Jasmine,103810,476
Jasmine,146647,927
Jasmine,107880,269
Jasmine,145262,514
Jasmine,139861,698
Jasmine,186216,495
Jasmine,171240,662
Jasmine,186248,878
Jasmine,195275,344
Jasmine,112182,616
Jasmine,176458,369
Jasmine,152050,877
Jasmine,129803,196
Jasmine,123184,882
Jasmine,100441,899
Jasmine,160685,220
Jasmine,134925,591
Jasmine,115910,116
Jasmine,117680,652
Jasmine,141623,935
Jasmine,169212,100
Jasmine,148444,939
Jasmine,138080,570
Jasmine,125678,85
Jasmine,122103,95
Jasmine,108542,996
Jasmine,124969,839
Jasmine,128873,145
Jasmine,179902,467
Jasmine,173557,806
Jasmine,145948,347
Jasmine,190889,343
Jasmine,112993,22
Jasmine,167545,687
Jasmine,105897,722
Jasmine,104228,228
Jasmine,104977,965
Jasmine,101173,682
Jasmine,123919,323
Jasmine,166565,694
Jasmine,166288,738
Jasmine,131633,681
Jasmine,173831,417
Jasmine,171231,750
Jasmine,163601,651
Jasmine,140549,719
Jasmine,118979,67
Jasmine,169499,242
Jasmine,117762,971
Jasmine,127034,933
Jasmine,170140,24
Jasmine,130218,894
Jasmine,130749,37
Jasmine,175371,24
Jasmine,157357,115
Jasmine,113214,836
Jasmine,192939,159
Jasmine,166462,862
Jasmine,102372,49
Jasmine,188826,958
Jasmine,174319,441
Jasmine,178561,458
Jasmine,132718,233
Jasmine,182705,771
Jasmine,175289,915
Jasmine,173767,888
Jasmine,119154,195
Jasmine,197039,666
Jasmine,159952,215
Jasmine,163873,639
Jasmine,164897,179
Jasmine,165666,78
Jasmine,159475,846
Jasmine,120964,285
Jasmine,169806,954
Jasmine,133089,671
Jasmine,158238,487
Jasmine,156974,445
Jasmine,153135,374
Jasmine,156677,243
Jasmine,141289,503
Jasmine,110062,48
Jasmine,130774,412
Jasmine,103737,269
Jasmine,137962,189
Jasmine,115045,393
Jasmine,104462,993
Jasmine,124280,764
Jasmine,152922,618
Jasmine,193387,697
Jasmine,122597,456
Jasmine,129822,944
Jasmine,136847,117
Jasmine,113742,301
Jasmine,179907,135
Jasmine,195067,93
Jasmine,174463,916
Jasmine,179574,220
Jasmine,197439,831
Jasmine,193324,237
Jasmine,140497,649
Jasmine,137262,216
Jasmine,119512,454
Jasmine,119931,28
Jasmine,191730,148
Jasmine,196323,851
Jasmine,181928,806
Jasmine,166620,939
Jasmine,172074,442
Jasmine,153815,7
Jasmine,149665,937
Jasmine,144890,918
Jasmine,146187,705
Jasmine,147094,33
Jasmine,110478,809
Jasmine,187005,58
Jasmine,196391,819
Jasmine,190331,811
Jasmine,162406,80
Jasmine,141671,644
Jasmine,120301,295
Jasmine,115180,508
Jasmine,197587,612
Jasmine,114879,807
Jasmine,163484,794
Jasmine,160434,551
Jasmine,169259,131
Jasmine,190357,719
Jasmine,124144,233
Jasmine,139107,691
Jasmine,129098,826
Jasmine,106128,741
Jasmine,189375,820
Jasmine,152377,841
Jasmine,185820,459
Jasmine,103691,788
Jasmine,155970,781
Jasmine,175208,987
Jasmine,114249,339
Jasmine,135769,490
Jasmine,175198,315
Jasmine,180816,738
Jasmine,138487,281
Jasmine,179691,655
Jasmine,179109,652
Jasmine,159257,801
Jasmine,197942,999
Jasmine,181508,907
Jasmine,166859,322
Jasmine,172362,326
Jasmine,174312,872
Jasmine,105735,417
Jasmine,132693,596
Jasmine,127515,188
Jasmine,137651,24
Jasmine,170496,769
Jasmine,193177,94
Jasmine,181763,457
Jasmine,122072,108
Jasmine,125652,633
Jasmine,144856,609
Jasmine,166952,516
Jasmine,162025,50
Jasmine,124367,170
Jasmine,162325,814
Jasmine,111105,15
Jasmine,156869,679
Jasmine,110435,707
Jasmine,112546,256
Jasmine,109163,768
Jasmine,102801,45
Jasmine,152430,926
Jasmine,158997,975
Jasmine,103924,549
Jasmine,188813,183
Jasmine,164603,495
Jasmine,198689,54
Jasmine,161179,648
Jasmine,144492,347
Jasmine,109976,528
Jasmine,131188,985
Jasmine,148037,124
Jasmine,121728,999
Jasmine,185653,782
Jasmine,182210,749
Jasmine,165827,862
Jasmine,159497,869
Jasmine,136113,916
Jasmine,132298,866
Jasmine,199879,708
Jasmine,108001,120
Jasmine,125591,175
Jasmine,119593,367
Jasmine,180668,211
Jasmine,157858,204
Jasmine,120046,172
Jasmine,185250,405
Jasmine,129669,196
Jasmine,102294,940
Jasmine,127455,435
Jasmine,102667,474
Jasmine,139018,345
Jasmine,120146,151
Jasmine,117135,890
Jasmine,125032,515
Jasmine,133141,986
Jasmine,178903,975
Jasmine,197073,980
Jasmine,187481,972
Jasmine,119876,734
Jasmine,168750,557
Jasmine,129806,334
Jasmine,195702,124
Jasmine,103067,580
Jasmine,122382,426
Jasmine,156083,97
Jasmine,105882,752
Jasmine,102238,311
Jasmine,135302,553
Jasmine,117040,896
Jasmine,132500,202
Jasmine,130351,146
Jasmine,194331,906
Jasmine,189614,695
Jasmine,104011,597
Jasmine,126262,492
Jasmine,163615,310
Jasmine,141297,499
Jasmine,190904,292
Jasmine,197228,602
Jasmine,196854,337
Jasmine,194397,324
Jasmine,166518,38
Jasmine,115574,106
Jasmine,132955,854
Jasmine,151379,489
Jasmine,177108,450
Jasmine,128103,248
Jasmine,178850,592
Jasmine,159632,254
Jasmine,152432,31
Jasmine,122162,212
Jasmine,136219,632
Jasmine,170773,465
Jasmine,130162,982
Jasmine,177604,972
Jasmine,151439,932
Jasmine,157776,369
Jasmine,177306,552
Jasmine,191269,131
Jasmine,126117,70
Jasmine,179732,85
Jasmine,161382,865
Jasmine,105752,784
Jasmine,190569,985
Jasmine,178873,389
Jasmine,183516,245
Jasmine,176225,615
Jasmine,190121,642
Jasmine,183922,650
Jasmine,197174,726
Jasmine,110644,988
Jasmine,133672,909
Jasmine,159669,374
Jasmine,173095,67
Jasmine,132057,128
Jasmine,198811,89
Jasmine,169727,509
Jasmine,147089,603
Jasmine,124770,877
Jasmine,133282,50
Jasmine,162660,108
Jasmine,139727,892
Jasmine,170160,828
Jasmine,180878,411
Jasmine,179899,121
Jasmine,175470,11
Jasmine,178961,114
Jasmine,107914,786
Jasmine,175377,553
Jasmine,134503,247
Jasmine,151217,208
Jasmine,172136,30
Jasmine,169677,244
Jasmine,176018,101
Jasmine,161342,898
Jasmine,185180,109
Jasmine,169107,644
Jasmine,120200,493
Jasmine,108899,873
Jasmine,126442,25
Jasmine,167068,208
Jasmine,130618,54
Jasmine,114837,702
Jasmine,141339,582
Jasmine,165337,124
Jasmine,188315,793
Jasmine,173549,147
Jasmine,140179,543
Jasmine,186806,153
Jasmine,187913,869
Jasmine,153946,313
Jasmine,132719,667
Jasmine,109263,718
Jasmine,183598,280
Jasmine,112132,773
Jasmine,116747,823
Jasmine,147810,450
Jasmine,159713,403
Jasmine,115713,231
Jasmine,182186,209
Jasmine,198979,188
Jasmine,167181,66
Jasmine,105966,235
Jasmine,182420,455
Jasmine,127785,186
Jasmine,166020,909
Jasmine,142683,331
Jasmine,130532,859
Jasmine,121009,931
Jasmine,187358,236
Jasmine,132744,265
Jasmine,122543,572
Jasmine,181274,646
Jasmine,171203,854
Jasmine,165256,168
Jasmine,102197,586
Jasmine,110136,194
Jasmine,122650,219
Jasmine,162226,17
Jasmine,185446,491
Jasmine,142109,569
Jasmine,178751,540
Jasmine,184838,593
Jasmine,115457,522
Jasmine,151949,709
Jasmine,104980,949
Jasmine,103466,349
Jasmine,197595,582
Jasmine,159798,56
Jasmine,102318,78
Jasmine,187071,195
Jasmine,141073,291
Jasmine,187114,191
Jasmine,150412,19
Jasmine,174367,456
Jasmine,170011,326
Jasmine,157138,231
Jasmine,110297,852
Jasmine,190625,835
Jasmine,182798,881
Jasmine,120122,833
Jasmine,139695,308
Jasmine,112069,735
Jasmine,195719,111
Jasmine,141362,83
Jasmine,109217,223
Jasmine,185610,581
Jasmine,186892,257
Jasmine,190828,549
Jasmine,194690,293
Jasmine,139427,83
Jasmine,138520,363
Jasmine,134487,830
Jasmine,142233,247
Jasmine,152863,420
Jasmine,179123,275
Jasmine,100349,275
Jasmine,114571,701
Jasmine,190154,285
Jasmine,187462,51
Jasmine,175273,266
Jasmine,102077,364
Jasmine,179901,587
Jasmine,127712,273
Jasmine,160238,622
Jasmine,104335,876
Jasmine,195121,292
Jasmine,199660,524
Jasmine,160445,623
Jasmine,191326,102
Jasmine,197242,375
Jasmine,129379,209
Jasmine,184327,364
Jasmine,130612,683
Jasmine,124398,520
Jasmine,199741,314
Jasmine,138809,521
Jasmine,194822,802
Jasmine,153503,434
Jasmine,175337,227
Jasmine,161429,369
Jasmine,138507,920
Jasmine,137498,625
Jasmine,111841,932
Jasmine,140658,463
Jasmine,196214,246
Jasmine,198435,141
Jasmine,172770,114
Jasmine,195842,419
Jasmine,112913,807
Jasmine,114276,731
Jasmine,147490,540
Jasmine,162224,191
Jasmine,171247,669
Jasmine,110562,254
Jasmine,139575,313
Jasmine,120954,269
Jasmine,121408,98
Jasmine,145114,819
Jasmine,118368,968
Jasmine,186419,311
Jasmine,139130,707
Jasmine,195532,945
Jasmine,149991,855
Jasmine,157929,371
Jasmine,177698,839
Jasmine,190454,103
Jasmine,138629,145
Jasmine,183765,494
Jasmine,162463,710
Jasmine,122393,529
Jasmine,116918,697
Jasmine,149351,370
Jasmine,109774,47
Jasmine,127351,691
Jasmine,109600,264
Jasmine,196325,4
Jasmine,146336,932
Jasmine,119747,463
Jasmine,129869,649
Jasmine,195321,359
Jasmine,165659,736
Jasmine,115423,288
Jasmine,129112,511
Jasmine,159357,661
Jasmine,133102,443
Jasmine,143559,95
Jasmine,131035,50
Jasmine,171858,189
Jasmine,160939,759
Jasmine,187276,328
Jasmine,179935,798
Jasmine,167454,443
Jasmine,144586,507
Jasmine,150137,204
Jasmine,121668,361
Jasmine,120084,600
Jasmine,124344,855
Jasmine,164284,384
Jasmine,131012,713
Jasmine,154682,660
Jasmine,128535,210
Jasmine,153592,738
Jasmine,176033,700
Jasmine,115799,899
Jasmine,110573,691
Jasmine,194247,273
Jasmine,167136,334
Jasmine,144974,955
Jasmine,118032,321
Jasmine,146941,579
Jasmine,180838,355
Jasmine,175766,151
Jasmine,157029,2
Jasmine,101666,926
Jasmine,138267,925
Jasmine,112931,840
Jasmine,153191,862
Jasmine,142655,906
Jasmine,174396,918
Jasmine,103523,855
Jasmine,171449,347
Jasmine,152914,684
Jasmine,138897,940
Jasmine,156265,728
Jasmine,173694,923
Jasmine,145729,559
Jasmine,136234,742
Jasmine,149703,22
Jasmine,152160,600
Jasmine,151163,493
Jasmine,174687,605
Jasmine,152151,364
Jasmine,106016,78
Jasmine,124868,885
Jasmine,138676,18
Jasmine,141862,160
Jasmine,101439,239
Jasmine,127940,139
Jasmine,120985,192
Jasmine,155169,139
Jasmine,195957,490
Jasmine,114394,614
Jasmine,187249,493
Jasmine,173331,603
Jasmine,179671,853
Jasmine,183812,968
Jasmine,196991,378
Jasmine,135445,874
Jasmine,170334,658
Jasmine,160115,844
Jasmine,188225,313
Jasmine,178887,654
Jasmine,189219,151
Jasmine,123449,636
Jasmine,187365,627
Jasmine,145960,297
Jasmine,133092,36
Jasmine,118050,766
Jasmine,193709,230
Jasmine,117033,896
Jasmine,184552,300
Jasmine,129203,697
Jasmine,159172,70
Jasmine,157548,989
Jasmine,166674,897
Jasmine,154702,648
Jasmine,141396,568
Jasmine,183111,425
Jasmine,151752,47
Jasmine,136041,907
Jasmine,137157,584
Jasmine,189311,931
Jasmine,123031,384
Jasmine,153942,541
Jasmine,127260,270
Jasmine,181550,750
Jasmine,173076,224
Jasmine,174284,695
Jasmine,130649,372
Jasmine,183827,395
Jasmine,129330,169
Jasmine,121575,50
Jasmine,177069,434
Jasmine,108785,340
Jasmine,131838,698
Jasmine,107957,943
Jasmine,193930,885
Jasmine,192272,67
Jasmine,125205,952
Jasmine,147303,438
Jasmine,168556,514
Jasmine,145533,578
Jasmine,180389,844
Jasmine,160274,134
Jasmine,187769,79
Jasmine,158731,961
Jasmine,193653,421
Jasmine,109215,442
Jasmine,148244,849
Jasmine,164592,223
Jasmine,131435,962
Jasmine,194224,152
Jasmine,143866,901
Jasmine,173984,158
Jasmine,191255,257
Jasmine,103940,198
Jasmine,108957,526
Jasmine,104737,611
Jasmine,150417,611
Jasmine,180666,604
Jasmine,154700,589
Jasmine,118474,433
Jasmine,122337,185
Jasmine,122799,277
Jasmine,148996,607
Jasmine,102453,973
Jasmine,142719,502
Jasmine,100023,259
Jasmine,156885,224
Jasmine,103320,189
Jasmine,120450,721
Jasmine,158911,653
Jasmine,108652,712
Jasmine,101934,232
Jasmine,113438,319
Jasmine,119248,703
Jasmine,146778,250
Jasmine,170274,133
Jasmine,120511,202
Jasmine,147639,470
Jasmine,149688,31
Jasmine,181515,982
Jasmine,160427,364
Jasmine,126125,637
Jasmine,196593,237
Jasmine,191274,246
Jasmine,131969,595
Jasmine,161167,812
Jasmine,141718,488
Jasmine,137513,895
Jasmine,180639,390
Jasmine,143685,353
Jasmine,198963,157
Jasmine,133361,780
Jasmine,188022,223
Jasmine,112699,875
Jasmine,192369,688
Jasmine,132104,106
Jasmine,123100,524
Jasmine,100011,82
Jasmine,193052,914
Jasmine,169292,217
Jasmine,194695,117
Jasmine,151208,615
Jasmine,148865,322
Jasmine,157912,170
Jasmine,119289,23
Jasmine,195761,658
Jasmine,187028,401
Jasmine,171764,468
Jasmine,105128,444
Jasmine,141029,775
Jasmine,192184,74
Jasmine,121819,641
Jasmine,118994,952
Jasmine,192996,124
Jasmine,129308,538
Jasmine,177991,555
Jasmine,144574,701
Jasmine,148319,984
Jasmine,121742,707
Jasmine,110094,138
Jasmine,102240,801
Jasmine,176906,12
Jasmine,154665,448
Jasmine,172180,305
Jasmine,111939,585
Jasmine,193747,487
Jasmine,130573,820
Jasmine,109742,500
Jasmine,178096,330
Jasmine,161255,837
Jasmine,134982,208
Jasmine,151641,716
Jasmine,146038,304
Jasmine,136504,656
Jasmine,136681,990
Jasmine,123648,359
Jasmine,135619,872
Jasmine,144954,75
Jasmine,159886,577
Jasmine,154287,857
Jasmine,109473,689
Jasmine,105184,231
Jasmine,124489,694
Jasmine,133439,875
Jasmine,102079,805
Jasmine,126940,5
Jasmine,174512,193
Jasmine,156893,634
Jasmine,107839,247
Jasmine,143086,908
Jasmine,198916,510
Jasmine,186271,504
Jasmine,154329,495
Jasmine,172890,690
Jasmine,184359,375
Jasmine,193535,573
Jasmine,170739,27
Jasmine,139979,488
Jasmine,183931,791
Jasmine,181694,74
Jasmine,122034,289
Jasmine,195296,976
Jasmine,134169,362
Jasmine,171678,65
Jasmine,194859,26
Jasmine,130445,769
Jasmine,102718,849
Jasmine,179313,353
Jasmine,140873,899
Jasmine,115878,609
Jasmine,160813,88
Jasmine,155355,143
Jasmine,128061,481
Jasmine,111341,651
Jasmine,148342,461
Jasmine,111581,771
Jasmine,122312,759
Jasmine,156123,528
Jasmine,154588,458
Jasmine,141222,140
Jasmine,115766,316
Jasmine,178623,722
Jasmine,142943,160
Jasmine,163767,589
Jasmine,150792,701
Jasmine,108456,304
Jasmine,145699,890
Jasmine,192920,145
Jasmine,100109,656
Jasmine,118731,649
Jasmine,142895,441
Jasmine,147831,906
Jasmine,135920,184
Jasmine,132842,115
Jasmine,151756,525
Jasmine,193561,90
Jasmine,112466,362
Jasmine,199812,356
Jasmine,181502,716
Jasmine,118101,789
Jasmine,155700,90
Jasmine,172481,429
Jasmine,166611,66
Jasmine,175938,215
Jasmine,103013,407
Jasmine,168397,289
Jasmine,173734,410
Jasmine,129705,624
Jasmine,128498,316
Jasmine,154344,423
Jasmine,193489,856
Jasmine,119233,237
Jasmine,116696,292
Jasmine,120965,638
Jasmine,140799,966
Jasmine,167293,615
Jasmine,161579,495
Jasmine,121973,437
Jasmine,156833,685
Jasmine,132076,120
Jasmine,192612,119
Jasmine,199075,984
Jasmine,101852,767
Jasmine,169603,545
Jasmine,137533,93
Jasmine,156120,366
Jasmine,135244,543
Jasmine,197173,567
Jasmine,151049,901
Jasmine,120388,492
Jasmine,102763,261
Jasmine,184911,527
Jasmine,135525,421
Jasmine,162129,697
Jasmine,122446,266
Jasmine,166029,938
Jasmine,164662,48
Jasmine,131602,517
Jasmine,111793,588
Jasmine,153160,449
Jasmine,114281,20
Jasmine,174243,162
Jasmine,133298,804
Jasmine,161818,702
Jasmine,180804,906
Jasmine,134766,833
Jasmine,125407,940
Jasmine,182937,767
Jasmine,128247,129
Jasmine,109325,300
Jasmine,115560,623
Jasmine,107172,952
Jasmine,117602,531
Jasmine,147522,733
Jasmine,189411,142
Jasmine,113353,938
Jasmine,170095,70
Jasmine,124226,943
Jasmine,127070,809
Jasmine,102865,834
Jasmine,128872,926
Jasmine,100178,437
Jasmine,148287,161
Jasmine,187517,616
Jasmine,160593,453
Jasmine,127555,521
Jasmine,136860,770
Jasmine,121692,449
Jasmine,153186,638
Jasmine,118212,84
Jasmine,116634,145
Jasmine,106952,929
Jasmine,190367,592
Jasmine,126329,695
Jasmine,131432,457
Jasmine,164739,259
Jasmine,176565,598
Jasmine,131844,929
Jasmine,173268,274
Jasmine,165410,295
Jasmine,167483,136
Jasmine,195573,461
Jasmine,188190,996
Jasmine,189797,528
Jasmine,118963,204
Jasmine,118270,975
Jasmine,148289,680
Jasmine,169722,624
Jasmine,161458,283
Jasmine,132143,169
Jasmine,122294,815
Jasmine,157731,94
Jasmine,172117,915
Jasmine,152607,858
Jasmine,172735,230
Jasmine,117821,109
Jasmine,127216,113
Jasmine,140854,519
Jasmine,170656,818
Jasmine,194777,72
Jasmine,165245,910
Jasmine,119820,403
Jasmine,121873,165
Jasmine,106150,628
Jasmine,174430,644
Jasmine,111236,829
Jasmine,180161,414
Jasmine,130721,97
Jasmine,194831,338
Jasmine,170057,514
Jasmine,159604,294
Jasmine,182234,742
Jasmine,104812,291
Jasmine,199670,851
Jasmine,179620,226
Jasmine,151548,744
Jasmine,130499,903
Jasmine,163476,397
Jasmine,101300,819
Jasmine,197470,406
Jasmine,113587,118
Jasmine,191217,988
Jasmine,145026,461
Jasmine,185574,935
Jasmine,158277,973
Jasmine,193977,839
Jasmine,181276,303
Jasmine,143628,544
Jasmine,183221,920
Jasmine,180711,485
Jasmine,140680,130
Jasmine,166756,637
Jasmine,199169,747
Jasmine,140511,251
Jasmine,136049,958
Jasmine,157988,591
Jasmine,113286,358
Jasmine,157200,227
Jasmine,112485,376
Jasmine,197204,633
Jasmine,160831,992
Jasmine,195824,817
Jane,179973,705
Jane,167737,620
Jane,163413,706
Jane,174427,304
Jane,140463,232
Jane,132374,947
Jane,162847,157
Jane,161635,611
Jane,189475,451
Jane,136973,507
Jane,143817,939
Jane,122403,604
Jane,137024,684
Jane,184240,912
Jane,187320,701
Jane,163207,463
Jane,152411,269
Jane,116694,768
Jane,172122,601
Jane,149795,258
Jane,103119,291
Jane,191671,484
Jane,189922,208
Jane,144642,447
Jane,142521,507
Jane,145435,918
Jane,145861,4
Jane,109366,484
Jane,176935,273
Jane,130232,761
Jane,118882,76
Jane,182368,355
Jane,175950,502
Jane,137758,754
Jane,199837,895
Jane,154337,445
Jane,188159,689
Jane,175891,913
Jane,191130,40
Jane,165194,466
Jane,112326,193
Jane,174777,790
Jane,190836,514
Jane,102334,387
Jane,126216,372
Jane,129023,18
Jane,198905,744
Jane,139255,186
Jane,139828,898
Jane,139406,399
Jane,125840,496
Jane,152356,217
Jane,102249,181
Jane,187719,840
Jane,114931,810
Jane,178090,139
Jane,128619,448
Jane,183353,366
Jane,149963,833
Jane,123770,145
Jane,113981,491
Jane,153852,60
Jane,101296,197
Jane,126642,965
Jane,164642,482
Jane,136644,794
Jane,173154,122
Jane,196772,508
Jane,146448,291
Jane,184696,581
Jane,199023,597
Jane,157604,451
Jane,105009,308
Jane,108064,632
Jane,173010,763
Jane,149565,260
Jane,192194,162
Jane,137059,748
Jane,103108,630
Jane,141649,809
Jane,167832,601
Jane,121190,766
Jane,124897,680
Jane,190225,335
Jane,150980,137
Jane,175291,842
Jane,187235,283
Jane,181821,566
Jane,147334,904
Jane,111097,962
Jane,116713,981
Jane,199013,619
Jane,198164,702
Jane,106902,865
Jane,159977,781
Jane,113201,390
Jane,120152,902
Jane,166875,115
Jane,191188,398
Jane,152684,825
Jane,193352,745
Jane,151192,328
Jane,190480,933
Jane,142065,475
Jane,172647,734
Jane,144543,822
Jane,190226,300
Jane,107133,58
Jane,176091,72
Jane,199778,231
Jane,102189,638
Jane,188868,321
Jane,189148,763
Jane,151225,181
Jane,148445,607
Jane,141921,827
Jane,131513,910
Jane,157052,180
Jane,181495,198
Jane,176560,255
Jane,192626,884
Jane,113302,907
Jane,164122,417
Jane,100110,686
Jane,150707,283
Jane,111859,522
Jane,120078,447
Jane,134552,194
Jane,164571,470
Jane,144765,985
Jane,173966,903
Jane,167925,208
Jane,171928,382
Jane,179845,533
Jane,119932,931
Jane,199593,104
Jane,156460,588
Jane,109793,865
Jane,122542,384
Jane,141316,458
Jane,108347,192
Jane,187912,742
Jane,109049,71
Jane,108594,598
Jane,142801,752
Jane,139936,805
Jane,182453,120
Jane,104632,627
Jane,107939,371
Jane,136977,18
Jane,180825,32
Jane,121388,391
Jane,134306,354
Jane,111004,137
Jane,162317,218
Jane,179040,772
Jane,195183,470
Jane,120697,9
Jane,120062,338
Jane,163725,243
Jane,168041,436
Jane,106955,867
Jane,106342,323
Jane,187856,858
Jane,150376,319
Jane,165460,372
Jane,181834,690
Jane,121114,931
Jane,123572,205
Jane,143751,32
Jane,192299,668
Jane,121772,211
Jane,111414,213
Jane,139541,252
Jane,106784,195
Jane,144302,809
Jane,180227,766
Jane,196694,322
Jane,135114,3
Jane,105846,364
Jane,191141,892
Jane,188526,47
Jane,143940,328
Jane,194195,323
Jane,153219,162
Jane,128375,616
Jane,124817,998
Jane,181226,32
Jane,194637,238
Jane,173209,919
Jane,121934,610
Jane,198478,269
Jane,155334,436
Jane,180040,841
Jane,109362,2
Jane,105095,34
Jane,169613,183
Jane,149038,713
Jane,104450,306
Jane,186280,585
Jane,147417,725
Jane,143964,538
Jane,114761,485
Jane,189069,476
Jane,184833,762
Jane,163641,359
Jane,136152,487
Jane,119637,933
Jane,128076,128
Jane,172676,884
Jane,170939,972
Jane,171838,985
Jane,173933,29
Jane,142184,22
Jane,157506,288
Jane,147642,80
Jane,154470,326
Jane,148407,881
Jane,129713,880
Jane,143453,453
Jane,123344,212
Jane,139072,996
Jane,125691,370
Jane,137193,286
Jane,181426,937
Jane,124933,917
Jane,112365,788
Jane,186258,107
Jane,159951,257
Jane,126237,439
Jane,142549,601
Jane,160314,645
Jane,157396,917
Jane,178455,713
Jane,119644,46
Jane,172546,740
Jane,196861,131
Jane,170123,146
Jane,140871,732
Jane,104145,173
Jane,141134,448
Jane,111322,63
Jane,199917,676
Jane,149636,260
Jane,160132,13
Jane,196103,372
Jane,178254,79
Jane,124213,46
Jane,100090,279
Jane,136820,706
Jane,169552,344
Jane,162157,360
Jane,141973,584
Jane,106064,555
Jane,186169,19
Jane,109634,402
Jane,170373,560
Jane,134180,24
Jane,150638,924
Jane,154390,908
Jane,101132,127
Jane,152523,717
Jane,112382,337
Jane,114181,44
Jane,146009,469
Jane,138491,651
Jane,140474,693
Jane,198233,678
Jane,110954,532
Jane,153944,635
Jane,167690,561
Jane,134705,302
Jane,115341,227
Jane,184310,269
Jane,151793,925
Jane,163050,680
Jane,113384,754
Jane,152442,430
Jane,109028,584
Jane,181559,376
Jane,102483,311
Jane,177741,567
Jane,138592,480
Jane,160493,663
Jane,108585,847
Jane,171908,825
Jane,123231,419
Jane,105603,492
Jane,139152,526
Jane,166978,610
Jane,186857,359
Jane,188927,823
Jane,150952,922
Jane,169244,144
Jane,115279,713
Jane,140735,727
Jane,155705,396
Jane,104048,165
Jane,143584,44
Jane,117682,570
Jane,133750,555
Jane,138238,826
Jane,156645,345
Jane,181432,668
Jane,121725,659
Jane,116798,912
Jane,144725,390
Jane,145954,542
Jane,193903,273
Jane,168950,307
Jane,119640,140
Jane,151733,128
Jane,141688,38
Jane,148822,596
Jane,160485,805
Jane,166497,942
Jane,128108,945
Jane,105672,337
Jane,138151,269
Jane,103646,830
Jane,180327,713
Jane,170245,161
Jane,189849,719
Jane,145431,562
Jane,156322,999
Jane,161042,159
Jane,106549,489
Jane,114219,797
Jane,174914,89
Jane,175234,587
Jane,113204,58
Jane,127947,221
Jane,146819,775
Jane,191200,526
Jane,176065,804
Jane,173171,800
Jane,104334,413
Jane,180707,861
Jane,159841,874
Jane,134996,830
Jane,104636,540
Jane,167096,790
Jane,110917,866
Jane,192397,11
Jane,140332,52
Jane,152228,243
Jane,195401,274
Jane,192445,113
Jane,186883,456
Jane,110425,218
Jane,130594,929
Jane,194368,977
Jane,123904,3
Jane,195949,357
Jane,157353,974
Jane,127002,147
Jane,162199,308
Jane,151226,20
Jane,194636,251
Jane,193159,708
Jane,129684,907
Jane,160258,255
Jane,119407,615
Jane,180574,571
Jane,181856,260
Jane,179965,544
Jane,176952,762
Jane,120568,359
Jane,146840,943
Jane,163120,945
Jane,121759,482
Jane,166418,44
Jane,159378,552
Jane,132357,496
Jane,121368,221
Jane,181718,183
Jane,120164,23
Jane,108877,706
Jane,113147,317
Jane,194140,281
Jane,144728,589
Jane,166421,927
Jane,194962,691
Jane,103367,970
Jane,162788,783
Jane,127217,882
Jane,139013,451
Jane,172329,66
Jane,123152,98
Jane,188444,149
Jane,197220,908
Jane,190179,948
Jane,140695,960
Jane,102638,729
Jane,117295,776
Jane,165406,86
Jane,125808,22
Jane,144407,256
Jane,115393,330
Jane,176046,356
Jane,132499,614
Jane,146628,610
Jane,121876,967
Jane,188936,244
Jane,169862,954
Jane,193895,345
Jane,154594,58
Jane,197193,647
Jane,164590,937
Jane,148689,930
Jane,123264,509
Jane,181684,689
Jane,181337,37
Jane,158498,595
Jane,171021,318
Jane,169991,113
Jane,186151,309
Jane,116626,214
Jane,166030,189
Jane,122040,438
Jane,160365,176
Jane,137370,155
Jane,111874,537
Jane,153987,221
Jane,111222,663
Jane,116737,696
Jane,153837,745
Jane,143776,254
Jane,140741,463
Jane,179381,714
Jane,123627,439
Jane,164688,132
Jane,108309,496
Jane,136563,602
Jane,133296,702
Jane,112556,603
Jane,126742,650
Jane,196143,792
Jane,112545,97
Jane,106472,112
Jane,150045,741
Jane,112464,105
Jane,194197,670
Jane,144171,627
Jane,191788,694
Jane,160227,857
Jane,126869,911
Jane,142700,472
Jane,162662,487
Jane,182175,520
Jane,189281,967
Jane,162900,93
Jane,122504,289
Jane,160120,520
Jane,112384,531
Jane,120639,879
Jane,119209,174
Jane,149748,871
Jane,135424,867
Jane,184459,567
Jane,132809,112
Jane,157450,905
Jane,102183,517
Jane,137389,627
Jane,101512,397
Jane,117219,175
Jane,103310,400
Jane,153402,221
Jane,193752,790
Jane,159358,135
Jane,139062,736
Jane,101610,310
Jane,103189,96
Jane,102004,116
Jane,189620,765
Jane,175430,112
Jane,145001,577
Jane,195284,298
Jane,116741,222
Jane,110091,513
Jane,186764,623
Jane,187245,144
Jane,146080,559
Jane,114653,317
Jane,153969,921
Jane,197344,524
Jane,160513,247
Jane,180568,233
Jane,126455,799
Jane,109011,628
Jane,135927,121
Jane,188546,509
Jane,193951,307
Jane,115681,806
Jane,115078,753
Jane,183165,749
Jane,117982,620
Jane,199718,186
Jane,162777,777
Jane,145264,632
Jane,196822,574
Jane,176918,793
Jane,121040,678
Jane,180048,481
Jane,120369,437
Jane,120935,313
Jane,110444,463
Jane,114070,389
Jane,164701,246
Jane,122752,287
Jane,154179,623
Jane,135516,360
Jane,111900,577
Jane,143402,781
Jane,134352,58
Jane,192877,163
Jane,133621,617
Jane,160214,465
Jane,146372,120
Jane,168585,923
Jane,159243,686
Jane,190752,796
Jane,126340,996
Jane,148802,164
Jane,109323,22
Jane,143886,166
Jane,101054,738
Jane,120187,548
Jane,142095,128
Jane,144906,33
Jane,121427,855
Jane,182440,371
Jane,135808,414
Jane,129479,294
Jane,122157,266
Jane,178017,794
Jane,127596,131
Jane,160519,35
Jane,187123,835
Jane,167420,311
Jane,126776,704
Jane,102061,131
Jane,115855,604
Jane,174726,121
Jane,198644,580
Jane,111808,31
Jane,112217,990
Jane,101560,252
Jane,158942,675
Jane,191924,529
Jane,172999,130
Jane,148263,102
Jane,188111,216
Jane,146405,538
Jane,180621,820
Jane,172584,71
Jane,103160,370
Jane,130315,698
Jane,163698,284
Jane,172501,300
Jane,123471,270
Jane,138403,335
Jane,191354,765
Jane,184009,661
Jane,103942,781
Jane,190897,998
Jane,161011,322
Jane,100508,606
Jane,164566,595
Jane,159928,367
Jane,188396,582
Jane,193022,1000
Jane,147793,182
Jane,104897,546
Jane,125095,437
Jane,139414,398
Jane,133830,716
Jane,132086,511
Jane,131572,719
Jane,148216,2
Jane,137930,929
Jane,157190,412
Jane,113324,76
Jane,197868,397
Jane,168848,544
Jane,162826,299
Jane,191786,152
Jane,133311,330
Jane,126344,400
Jane,134040,748
Jane,104887,648
Jane,133563,119
Jane,119229,470
Jane,174173,78
Jane,133106,362
Jane,132280,197
Jane,113359,965
Jane,195477,819
Jane,197318,161
Jane,167085,20
Jane,104642,847
Jane,145334,337
Jane,159792,960
Jane,188432,525
Jane,111327,785
Jane,172059,890
Jane,165730,587
Jane,170563,537
Jane,164357,487
Jane,162561,548
Jane,113955,1
Jane,192887,781
Jane,169049,203
Jane,152932,462
Jane,124175,553
Jane,166636,90
Jane,128604,540
Jane,166738,768
Jane,107771,261
Jane,167840,497
Jane,115538,639
Jane,129113,470
Jane,198571,656
Jane,103638,888
Jane,173047,881
Jane,171393,184
Jane,117336,248
Jane,120092,705
Jane,175949,97
Jane,177298,374
Jane,112778,803
Jane,115872,731
Jane,162306,948
Jane,108681,930
Jane,141788,900
Jane,176589,777
Jane,143282,895
Jane,162487,325
Jane,122901,977
Jane,131822,893
Jane,152435,629
Jane,194055,10
Jane,101754,927
Jane,184759,871
Jane,154692,504
Jane,149216,590
Jane,123221,1000
Jane,107500,331
Jane,109212,908
Jane,133525,246
Jane,175974,824
Jane,165435,858
Jane,143696,316
Jane,142532,908
Jane,190249,565
Jane,167496,141
Jane,172823,805
Jane,178882,347
Jane,151106,755
Jane,152936,423
Jane,160676,543
Jane,163612,387
Jane,166983,703
Jane,153525,982
Jane,191704,986
Jane,129976,217
Jane,177155,267
Jane,180986,131
Jane,133185,817
Jane,161833,401
Jane,142260,357
Jane,195687,567
Jane,197425,791
Jane,112565,108
Jane,146848,663
Jane,150406,300
Jane,189103,375
Jane,175739,525
Jane,106464,709
Jane,178349,95
Jane,198931,904
Jane,105171,567
Jane,104832,486
Jane,194523,208
Jane,147499,896
Jane,182758,397
Jane,102422,309
Jane,151723,767
Jane,153065,500
Jane,189059,842
Jane,158356,226
Jane,111099,813
Jane,159697,191
Jane,182260,689
Jane,103102,281
Jane,168012,549
Jane,175237,887
Jane,125054,618
Jane,176096,554
Jane,133437,576
Jane,183608,351
Jane,116562,844
Jane,126692,673
Jane,188901,768
Jane,116314,174
Jane,134976,622
Jane,178707,789
Jane,125708,522
Jane,145281,517
Jane,149858,681
Jane,199921,204
Jane,133630,804
Jane,186167,193
Jane,176009,246
Jane,173839,528
Jane,138579,349
Jane,114080,921
Jane,122242,715
Jane,170364,465
Jane,178098,263
Jane,185757,740
Jane,122154,343
Jane,152329,645
Jane,181004,408
Jane,196957,884
Jane,157943,625
Jane,199909,739
Jane,113487,380
Jane,106382,308
Jane,102133,309
Jane,137138,997
Jane,181783,282
Jane,108733,229
Jane,117866,818
Jane,164528,873
Jane,168552,517
Jane,163830,132
Jane,177414,66
Jane,130948,84
Jane,140080,298
Jane,100593,935
Jane,132832,310
Jane,125285,288
Jane,145653,260
Jane,185638,169
Jane,120583,771
Jane,138091,379
Jane,176613,872
Jane,189073,26
Jane,159485,437
Jane,145721,967
Jane,132376,533
Jane,111426,613
Jane,121452,184
Jane,140404,151
Jane,126867,898
Jane,132134,137
Jane,106737,935
Jane,194469,693
Jane,178016,938
Jane,163900,149
Jane,140141,679
Jane,116707,276
Jane,119170,664
Jane,190635,759
Jane,193560,293
Jane,182851,765
Jane,195558,898
Jane,139819,940
Jane,142265,966
Jane,160247,421
Jane,197612,951
Jane,103190,79
Jane,133315,751
Jane,127026,82
Jane,160226,97
Jane,159006,448
Jane,136222,586
Jane,140372,656
Jane,137368,44
Jane,151537,43
Jane,166185,745
Jane,188619,551
Jane,188487,190
Jane,110482,76
Jane,136352,459
Jane,190801,576
Jane,125023,809
Jane,185855,71
Jane,166320,366
Jane,104447,893
Jane,182195,371
Jane,146811,432
Jane,156693,362
Jane,106671,841
Jane,171568,752
Jane,174531,781
Jane,179648,634
Jane,176526,836
Jane,165149,607
Jane,167297,785
Jane,143875,294
Jane,149956,315
Jane,183656,962
Jane,188626,572
Jane,152887,559
Jane,131410,529
Jane,177445,819
Jane,174812,727
Jane,163899,905
Jane,189872,633
Jane,143301,135
Jane,106648,643
Jane,173068,698
Jane,175219,634
Jane,183659,737
Jane,179166,131
Jane,178558,138
Jane,160351,354
Jane,143229,323
Jane,193214,51
Jane,166139,444
Jane,176856,369
Jane,186606,331
Jane,136828,245
Jane,190400,830
Jane,144960,521
Jane,125956,673
Jane,117523,783
Jane,194457,707
Jane,173845,966
Jane,133745,948
Jane,162606,974
Jane,155710,611
Jane,112530,29
Jane,184522,488
Jane,166395,262
Jane,150269,181
Jane,100102,552
Jane,112991,462
Jane,122986,144
Jane,160755,503
Jane,166835,772
Jane,152883,134
Jane,169291,49
Jane,101603,691
Jane,119559,885
Jane,130701,226
Jane,178305,389
Jane,149807,442
Jane,121567,127
Jane,139909,26
Jane,193169,461
Jane,163901,402
Jane,116660,343
Jane,108479,842
Jane,105021,289
Jane,189080,498
Jane,158576,324
Jane,137571,390
Jane,180939,63
Jane,121500,704
Jane,151391,209
Jane,190817,705
Jane,162767,646
Jane,172592,386
Jane,191007,921
Jane,167342,757
Jane,184164,495
Jane,157844,375
Jane,134664,896
Jane,187732,672
Jane,118198,17
Jane,121340,937
Jane,171437,829
Jane,133341,817
Jane,105281,851
Jane,155529,327
Jane,100765,727
Jane,115963,145
Jane,111095,264
Jane,168460,15
Jane,136796,375
Jane,171659,401
Jane,125697,245
Jane,120833,573
Jane,102680,55
Jane,134300,893
Jane,144552,587
Jane,136749,379
Jane,110783,803
Jane,112168,493
Jane,190504,538
Jane,196687,131
Jane,161273,103
Jane,165341,670
Jane,140373,929
Jane,135839,318
Jane,199461,463
Jane,156200,904
Jane,157103,693
Jane,170339,478
Jane,126451,188
Jane,117811,828
Jane,160107,400
Jane,103074,587
Jane,142390,260
Jane,125463,622
Jane,115250,439
Jane,110642,484
Jane,113442,565
Jane,134745,379
Jane,119987,416
Jane,155133,1000
Jane,159996,270
Jane,147773,693
Jane,119786,189
Jane,154793,372
Jane,132550,693
Jane,145426,325
Jane,128471,846
Jane,145843,119
Jane,135473,84
Jane,133115,428
Jane,190401,746
Jane,195081,560
Jane,130973,161
Jane,176594,427
Jane,144222,212
Jane,142077,523
Jane,109722,968
Jane,106176,849
Jane,176093,779
Jane,178999,8
Jane,108499,423
Jane,109162,142
Jane,143713,767
Jane,182590,637
Jane,154178,731
Jane,136826,532
Jane,184038,375
Jane,120456,684
Jane,146361,917
Jane,156859,460
Jane,115183,422
Jane,158599,177
Jane,135924,285
Jane,129130,219
Jane,119703,255
Jane,106478,650
Jane,129060,766
Jane,198917,916
Jane,159729,116
Jane,104835,115
Jane,109322,590
Jane,190388,872
Jane,169457,621
Jane,141090,885
Jane,154469,332
Jane,144993,221
Jane,167600,252
Jane,199779,135
Jane,175321,364
Jane,193556,328
Jane,151627,38
Jane,180180,993
Jane,167524,189
Jane,183060,519
Jane,111115,147
Jane,124357,802
Jane,190484,193
Jane,180569,109
Jane,115792,423
Jane,130099,129
Jane,104647,281
Jane,109978,469
Jane,102499,199
Jane,162835,247
Jane,119794,597
Jane,141322,508
Jane,172258,125
Jane,129042,780
Jane,177694,530
Jane,174921,928
Jane,119161,379
Jane,157214,871
Jane,105246,5
Jane,108302,816
Jane,158816,931
Jane,178599,660
Jane,160014,774
Jane,155950,906
Jane,160266,650
Jane,155392,865
Jane,196747,797
Jane,184986,499
Jane,187650,633
Jane,141474,290
Jane,154252,727
Jane,112524,867
Jane,124231,541
Jane,115829,590
Jane,148159,565
Jane,149354,361
Jane,159127,193
Jane,166435,171
Jane,128069,529
Jane,196201,491
Jaime,109545,982
Jaime,107666,582
Jaime,102277,368
Jaime,155826,251
Jaime,192395,102
Jaime,148307,453
Jaime,117158,789
Jaime,162060,6
Jaime,128052,843
Jaime,137887,877
Jaime,171655,126
Jaime,178425,571
Jaime,131053,975
Jaime,163820,980
Jaime,157751,383
Jaime,198913,79
Jaime,120042,747
Jaime,143127,920
Jaime,109211,850
Jaime,186149,373
Jaime,166811,132
Jaime,147432,605
Jaime,149915,476
Jaime,110668,237
Jaime,189574,659
Jaime,182231,135
Jaime,177568,906
Jaime,113038,958
Jaime,183523,942
Jaime,142922,876
Jaime,111065,383
Jaime,159234,418
Jaime,175009,412
Jaime,160686,142
Jaime,170361,947
Jaime,196031,806
Jaime,165973,712
Jaime,144095,373
Jaime,140635,532
Jaime,158306,610
Jaime,161376,734
Jaime,138167,361
Jaime,135796,386
Jaime,128734,437
Jaime,190691,142
Jaime,132597,776
Jaime,152081,159
Jaime,103397,965
Jaime,195652,823
Jaime,131628,659
Jaime,142822,596
Jaime,101022,72
Jaime,122884,783
Jaime,121826,481
Jaime,183883,784
Jaime,192934,188
Jaime,132780,923
Jaime,147746,910
Jaime,120744,260
Jaime,182281,907
Jaime,164795,890
Jaime,196734,962
Jaime,193821,994
Jaime,144228,371
Jaime,150024,388
Jaime,183217,600
Jaime,139305,594
Jaime,103790,252
Jaime,134981,155
Jaime,194012,142
Jaime,140655,282
Jaime,184461,436
Jaime,154658,855
Jaime,109315,142
Jaime,119139,908
Jaime,129600,190
Jaime,104760,562
Jaime,185718,777
Jaime,136962,178
Jaime,130861,205
Jaime,115035,930
Jaime,180528,925
Jaime,131244,300
Jaime,145096,862
Jaime,131681,673
Jaime,128579,521
Jaime,113911,165
Jaime,117656,979
Jaime,189658,18
Jaime,101101,445
Jaime,160041,290
Jaime,108255,411
Jaime,136715,538
Jaime,148217,590
Jaime,151403,973
Jaime,169945,671
Jaime,136085,502
Jaime,195663,478
Jaime,189691,861
Jaime,185276,338
Jaime,156983,445
Jaime,165515,448
Jaime,115080,530
Jaime,197499,235
Jaime,198879,188
Jaime,144064,127
Jaime,135328,895
Jaime,145257,276
Jaime,160721,659
Jaime,107128,350
Jaime,170293,168
Jaime,100495,278
Jaime,131104,658
Jaime,133465,161
Jaime,184377,388
Jaime,188671,742
Jaime,182484,742
Jaime,172863,637
Jaime,199082,581
Jaime,124217,451
Jaime,127082,825
Jaime,173495,687
Jaime,195376,931
Jaime,126571,248
Jaime,129229,721
Jaime,103043,813
Jaime,140955,797
Jaime,158197,542
Jaime,147264,529
Jaime,109639,669
Jaime,193601,812
Jaime,144901,136
Jaime,188865,890
Jaime,139270,893
Jaime,173649,854
Jaime,130805,381
Jaime,125057,692
Jaime,199808,192
Jaime,142807,389
Jaime,115727,988
Jaime,170006,923
Jaime,191922,759
Jaime,153961,323
Jaime,108116,13
Jaime,189835,225
Jaime,173818,882
Jaime,128120,189
Jaime,119947,704
Jaime,189960,438
Jaime,116544,214
Jaime,172238,885
Jaime,127689,916
Jaime,164270,382
Jaime,169414,945
Jaime,149719,541
Jaime,125459,647
Jaime,150474,780
Jaime,194406,611
Jaime,169272,418
Jaime,178298,822
Jaime,155253,739
Jaime,171651,791
Jaime,152904,551
Jaime,132022,281
Jaime,165477,567
Jaime,111238,585
Jaime,145266,31
Jaime,151456,874
Jaime,193631,90
Jaime,143088,387
Jaime,148568,416
Jaime,103542,597
Jaime,184062,38
Jaime,145230,424
Jaime,189018,918
Jaime,135264,764
Jaime,116447,944
Jaime,191837,202
Jaime,101037,688
Jaime,197278,99
Jaime,176169,98
Jaime,189395,461
Jaime,180341,187
Jaime,113462,693
Jaime,109385,212
Jaime,164961,663
Jaime,147958,147
Jaime,147734,8
Jaime,128441,341
Jaime,154304,669
Jaime,127242,770
Jaime,138348,498
Jaime,116429,350
Jaime,185493,283
Jaime,173817,408
Jaime,187915,636
Jaime,161890,878
Jaime,107861,322
Jaime,134871,419
Jaime,160544,181
Jaime,143102,168
Jaime,192799,152
Jaime,147934,183
Jaime,168812,922
Jaime,148460,936
Jaime,123301,631
Jaime,150075,745
Jaime,139591,310
Jaime,149414,970
Jaime,129476,791
Jaime,106427,107
Jaime,141903,759
Jaime,176731,151
Jaime,116189,366
Jaime,174820,24
Jaime,193912,232
Jaime,174779,583
Jaime,138653,94
Jaime,152741,768
Jaime,165653,344
Jaime,105110,650
Jaime,102316,299
Jaime,179420,349
Jaime,132351,736
Jaime,171422,321
Jaime,198923,293
Jaime,168316,259
Jaime,134852,582
Jaime,188211,656
Jaime,126433,989
Jaime,166325,200
Jaime,185270,837
Jaime,131888,478
Jaime,152116,133
Jaime,171917,616
Jaime,101057,318
Jaime,172263,537
Jaime,138552,759
Jaime,196023,935
Jaime,147335,537
Jaime,188971,634
Jaime,143059,486
Jaime,195331,56
Jaime,118450,953
Jaime,125846,951
Jaime,192913,932
Jaime,146959,813
Jaime,180807,120
Jaime,144413,49
Jaime,167489,381
Jaime,131322,166
Jaime,121686,769
Jaime,176087,486
Jaime,137765,142
Jaime,157454,281
Jaime,195099,758
Jaime,110223,321
Jaime,155333,899
Jaime,195063,825
Jaime,124384,640
Jaime,122771,984
Jaime,188952,846
Jaime,153753,84
Jaime,176885,971
Jaime,121459,953
Jaime,145089,739
Jaime,102623,976
Jaime,121228,449
Jaime,156420,208
Jaime,123957,343
Jaime,177952,975
Jaime,184177,679
Jaime,196354,96
Jaime,139620,49
Jaime,144098,714
Jaime,173100,953
Jaime,182439,874
Jaime,129057,579
Jaime,171546,925
Jaime,117226,249
Jaime,187595,960
Jaime,178892,253
Jaime,150661,686
Jaime,106483,430
Jaime,122653,805
Jaime,165903,311
Jaime,126124,59
Jaime,168406,858
Jaime,111685,901
Jaime,106384,700
Jaime,152881,191
Jaime,199077,889
Jaime,187669,776
Jaime,117822,670
Jaime,164012,640
Jaime,178529,982
Jaime,199988,594
Jaime,104195,635
Jaime,155816,239
Jaime,130097,816
Jaime,105487,573
Jaime,185756,173
Jaime,170916,436
Jaime,179138,632
Jaime,197858,130
Jaime,163103,101
Jaime,151140,114
Jaime,133519,552
Jaime,105508,499
Jaime,156060,771
Jaime,144898,267
Jaime,100629,354
Jaime,161701,739
Jaime,136862,252
Jaime,145839,416
Jaime,166967,518
Jaime,164414,91
Jaime,190538,397
Jaime,182722,659
Jaime,166347,256
Jaime,158063,324
Jaime,183218,30
Jaime,131928,155
Jaime,134121,473
Jaime,129278,851
Jaime,136663,898
Jaime,109861,141
Jaime,118070,932
Jaime,101876,277
Jaime,118482,845
Jaime,157188,3
Jaime,142358,543
Jaime,174673,257
Jaime,119426,494
Jaime,182945,105
Jaime,107635,332
Jaime,111661,735
Jaime,102455,682
Jaime,191168,692
Jaime,185397,838
Jaime,126528,217
Jaime,144092,198
Jaime,136091,223
Jaime,188647,103
Jaime,179134,761
Jaime,129571,292
Jaime,184602,928
Jaime,163964,813
Jaime,197840,532
Jaime,139329,837
Jaime,188386,26
Jaime,198843,537
Jaime,156429,585
Jaime,184904,954
Jaime,194898,596
Jaime,125289,439
Jaime,135479,374
Jaime,159336,337
Jaime,155033,331
Jaime,141181,228
Jaime,164559,336
Jaime,125762,985
Jaime,190258,102
Jaime,143615,948
Jaime,123924,30
Jaime,133017,596
Jaime,193293,100
Jaime,141706,480
Jaime,131202,239
Jaime,192528,15
Jaime,139578,925
Jaime,195901,771
Jaime,175947,80
Jaime,176118,909
Jaime,141260,664
Jaime,134288,929
Jaime,138639,695
Jaime,123166,720
Jaime,189779,914
Jaime,128559,663
Jaime,116662,282
Jaime,198735,106
Jaime,140033,881
Jaime,104834,765
Jaime,159285,864
Jaime,154198,297
Jaime,189355,504
Jaime,155937,649
Jaime,135610,846
Jaime,138379,374
Jaime,185066,294
Jaime,168019,202
Jaime,126123,510
Jaime,135546,368
Jaime,100563,50
Jaime,178594,21
Jaime,135372,496
Jaime,176730,78
Jaime,170445,261
Jaime,155268,604
Jaime,167363,915
Jaime,144333,857
Jaime,157831,303
Jaime,148081,627
Jaime,132238,202
Jaime,179169,872
Jaime,133432,489
Jaime,152548,206
Jaime,190677,359
Jaime,121204,981
Jaime,121122,832
Jaime,164170,101
Jaime,153878,201
Jaime,114974,889
Jaime,182013,673
Jaime,179810,594
Jaime,181638,107
Jaime,196800,121
Jaime,146924,181
Jaime,110555,60
Jaime,137139,135
Jaime,110138,540
Jaime,150292,402
Jaime,185922,761
Jaime,190264,164
Jaime,143311,920
Jaime,133811,69
Jaime,135791,881
Jaime,191139,271
Jaime,179523,362
Jaime,132547,528
Jaime,167970,527
Jaime,109695,469
Jaime,105310,817
Jaime,189055,489
Jaime,101929,680
Jaime,161572,369
Jaime,176776,575
Jaime,119492,800
Jaime,121187,500
Jaime,170780,406
Jaime,184789,52
Jaime,184375,297
Jaime,107798,713
Jaime,102049,724
Jaime,128943,96
Jaime,118555,469
Jaime,146677,357
Jaime,114495,745
Jaime,152937,402
Jaime,197503,384
Jaime,172352,332
Jaime,169474,751
Jaime,147372,359
Jaime,146518,230
Jaime,138202,135
Jaime,106083,624
Jaime,152311,19
Jaime,114362,474
Jaime,141162,773
Jaime,199627,871
Jaime,172832,596
Jaime,156107,677
Jaime,125776,633
Jaime,111020,399
Jaime,142702,938
Jaime,132316,236
Jaime,116951,115
Jaime,145908,122
Jaime,130834,952
Jaime,127232,729
Jaime,172997,500
Jaime,129532,278
Jaime,139587,335
Jaime,168232,312
Jaime,129359,604
Jaime,161190,385
Jaime,142523,258
Jaime,105573,512
Jaime,194033,39
Jaime,188667,644
Jaime,129140,528
Jaime,156517,622
Jaime,129517,981
Jaime,175729,784
Jaime,180392,884
Jaime,139924,726
Jaime,109202,318
Jaime,171747,638
Jaime,194039,790
Jaime,187741,456
Jaime,123416,784
Jaime,106322,934
Jaime,172790,603
Jaime,117560,490
Jaime,161523,379
Jaime,158427,731
Jaime,148055,286
Jaime,129043,441
Jaime,121332,749
Jaime,128445,300
Jaime,123613,902
Jaime,112871,511
Jaime,180785,797
Jaime,120562,6
Jaime,172305,950
Jaime,109741,598
Jaime,161616,250
Jaime,160587,467
Jaime,189191,293
Jaime,112669,716
Jaime,135405,169
Jaime,154355,431
Jaime,114387,110
Jaime,143267,293
Jaime,105741,432
Jaime,106880,827
Jaime,100375,393
Jaime,198669,768
Jaime,126724,359
Jaime,190704,436
Jaime,124033,338
Jaime,168354,389
Jaime,192711,101
Jaime,130985,523
Jaime,165470,820
Jaime,181362,68
Jaime,192379,544
Jaime,171036,931
Jaime,148801,462
Jaime,184146,764
Jaime,111456,37
Jaime,154361,154
Jaime,102675,42
Jaime,180413,684
Jaime,127017,976
Jaime,106300,377
Jaime,195392,405
Jaime,126793,679
Jaime,107682,617
Jaime,130413,39
Jaime,180273,922
Jaime,136363,458
Jaime,114866,132
Jaime,170732,922
Jaime,100795,790
Jaime,117205,993
Jaime,184683,371
Jaime,139851,391
Jaime,167741,685
Jaime,154983,931
Jaime,167634,137
Jaime,115663,150
Jaime,139775,751
Jaime,198635,928
Jaime,196275,461
Jaime,196276,156
Jaime,141887,973
Jaime,142998,47
Jaime,175945,280
Jaime,156508,855
Jaime,121871,540
Jaime,120638,399
Jaime,179573,308
Jaime,189585,389
Jaime,145504,680
Jaime,107695,372
Jaime,128454,765
Jaime,181679,245
Jaime,133197,53
Jaime,125718,94
Jaime,145109,932
Jaime,113175,529
Jaime,141828,891
Jaime,166634,947
Jaime,142014,295
Jaime,150523,39
Jaime,158324,23
Jaime,156237,257
Jaime,115862,722
Jaime,179645,961
Jaime,186284,701
Jaime,164515,404
Jaime,187619,19
Jaime,174020,670
Jaime,196696,339
Jaime,198062,302
Jaime,163099,364
Jaime,148911,524
Jaime,144985,41
Jaime,128492,359
Jaime,115537,283
Jaime,114644,123
Jaime,127273,493
Jaime,114916,367
Jaime,150885,628
Jaime,127856,500
Jaime,102534,689
Jaime,150516,568
Jaime,129055,447
Jaime,197592,626
Jaime,104505,779
Jaime,185764,2
Jaime,172551,513
Jaime,135732,718
Jaime,178666,179
Jaime,158008,991
Jaime,165514,389
Jaime,151773,979
Jaime,122528,141
Jaime,115549,481
Jaime,143312,996
Jaime,170725,891
Jaime,112751,237
Jaime,193944,853
Jaime,199649,45
Jaime,161162,556
Jaime,128158,780
Jaime,175547,705
Jaime,106893,102
Jaime,192649,484
Jaime,139532,878
Jaime,160927,658
Jaime,151716,761
Jaime,192378,525
Jaime,183839,506
Jaime,133501,772
Jaime,182784,638
Jaime,114408,455
Jaime,196130,936
Jaime,151560,573
Jaime,158251,818
Jaime,140482,582
Jaime,198306,562
Jaime,153716,659
Jaime,176297,199
Jaime,161493,52
Jaime,196665,216
Jaime,177805,192
Jaime,155074,570
Jaime,132852,84
Jaime,158142,68
Jaime,160882,917
Jaime,147327,435
Jaime,104036,45
Jaime,195451,260
Jaime,146203,597
Jaime,141792,793
Jaime,168850,805
Jaime,193582,405
Jaime,189169,629
Jaime,163986,130
Jaime,195207,788
Jaime,128111,627
Jaime,103446,407
Jaime,104937,667
Jaime,150462,882
Jaime,150232,733
Jaime,171990,343
Jaime,152718,147
Jaime,177289,698
Jaime,106486,103
Jaime,113867,11
Jaime,116540,927
Jaime,173618,168
Jaime,165249,251
Jaime,191807,416
Jaime,151092,22
Jaime,132728,334
Jaime,182006,140
Jaime,180670,277
Jaime,177584,915
Jaime,125249,541
Jaime,103503,684
Jaime,103195,950
Jaime,101042,697
Jaime,128847,38
Jaime,137605,686
Jaime,124149,560
Jaime,178984,682
Jaime,128439,610
Jaime,136432,61
Jaime,197906,399
Jaime,183614,515
Jaime,135670,171
Jaime,116739,689
Jaime,158725,340
Jaime,116916,111
Jaime,121064,946
Jaime,165200,845
Jaime,103129,432
Jaime,131933,541
Jaime,135832,47
Jaime,120535,3
Jaime,143071,566
Jaime,147752,816
Jaime,125726,363
Jaime,197879,655
Jaime,176556,581
Jaime,184620,489
Jaime,191055,656
Jaime,197808,642
Jaime,130824,125
Jaime,102835,88
Jaime,103659,234
Jaime,106998,469
Jaime,132045,605
Jaime,157981,608
Jaime,134022,281
Jaime,144169,680
Jaime,186213,653
Jaime,190080,181
Jaime,196418,870
Jaime,128099,807
Jaime,196412,301
Jaime,178968,940
Jaime,111334,170
Jaime,115632,934
Jaime,184660,456
Jaime,118010,714
Jaime,107913,419
Jaime,133646,496
Jaime,119162,864
Jaime,126133,410
Jaime,168464,820
Jaime,167133,89
Jaime,182203,139
Jaime,130917,327
Jaime,122767,421
Jaime,182884,543
Jaime,190511,161
Jaime,169553,282
Jaime,120791,68
Jaime,168819,270
Jaime,103443,682
Jaime,133567,142
Jaime,174748,728
Jaime,119364,227
Jaime,158586,91
Jaime,184669,813
Jaime,119764,90
Jaime,143148,527
Jaime,100884,56
Jaime,140978,575
Jaime,157233,876
Jaime,145824,675
Jaime,186076,889
Jaime,129649,569
Jaime,109199,532
Jaime,106050,902
Jaime,123872,280
Jaime,115500,297
Jaime,151602,506
Jaime,171453,674
Jaime,127574,690
Jaime,191473,694
Jaime,132977,552
Jaime,140595,309
Jaime,106579,728
Jaime,119046,800
Jaime,188821,130
Jaime,118268,30
Jaime,160918,512
Jaime,149764,633
Jaime,171665,629
Jaime,162247,525
Jaime,197305,147
Jaime,142173,136
Jaime,192147,117
Jaime,154528,312
Jaime,187801,406
Jaime,171696,499
Jaime,170035,476
Jaime,133908,314
Jaime,107655,195
Jaime,122284,6
Jaime,178158,272
Jaime,159834,102
Jaime,164605,109
Jaime,186724,492
Jaime,184124,550
Jaime,138281,798
Jaime,174253,417
Jaime,184877,147
Jaime,127285,220
Jaime,157249,896
Jaime,177680,22
Jaime,108702,985
Jaime,116913,313
Jaime,120683,421
Jaime,100159,14
Jaime,105938,448
Jaime,195248,967
Jaime,192692,768
Jaime,177807,343
Jaime,192964,790
Jaime,189196,949
Jaime,151692,294
Jaime,158889,972
Jaime,160516,665
Jaime,173533,372
Jaime,144105,960
Jaime,188710,167
Jaime,165772,600
Jaime,166519,262
Jaime,114679,179
Jaime,154049,953
Jaime,167036,362
Jaime,197652,34
Jaime,162792,398
Jaime,162629,599
Jaime,139607,932
Jaime,152992,667
Jaime,191397,871
Jaime,184026,485
Jaime,188565,955
Jaime,131175,27
Jaime,117338,879
Jaime,112135,751
Jaime,126636,153
Jaime,119287,32
Jaime,198320,223
Jaime,126646,536
Jaime,181436,780
Jaime,179764,459
Jaime,198455,947
Jaime,132167,351
Jaime,152079,527
Jaime,160711,582
Jaime,162433,126
Jaime,151534,715
Jaime,187755,835
Jaime,190149,771
Jaime,105424,910
Jaime,161102,422
Jaime,118776,379
Jaime,177190,531
Jaime,112747,376
Jaime,121983,216
Jaime,110006,419
Jaime,115749,549
Jaime,118126,695
Jaime,154393,893
Jaime,141430,493
Jaime,198898,940
Jaime,167208,615
Jaime,121353,179
Jaime,154278,62
Jaime,147776,362
Jaime,149630,591
Jaime,196071,433
Jaime,106734,809
Jaime,197460,188
Jaime,167927,406
Jaime,106862,144
Jaime,186926,883
Jaime,173882,751
Jaime,165724,977
Jaime,123333,286
Jaime,194343,498
Jaime,193249,784
Jaime,114047,790
Jaime,147459,957
Jaime,108708,167
Jaime,127186,185
Jaime,130632,737
Jaime,163222,734
Jaime,146798,141
Jaime,185480,990
Jaime,118933,927
Jaime,164988,441
Jaime,192248,775
Jaime,125617,341
Jaime,185227,274
Jaime,159057,239
Jaime,135577,486
Jaime,135185,180
Jaime,118637,813
Jaime,152412,261
Jaime,132062,967
Jaime,169744,665
Jaime,128127,494
Jaime,181634,976
Jaime,181749,133
Jaime,108361,867
Jaime,190429,223
Jaime,106206,413
Jaime,186982,563
Jaime,172072,457
Jaime,182562,894
Jaime,173251,383
Jaime,106544,605
Jaime,157003,93
Jaime,125542,281
Jaime,126371,425
Jaime,114073,842
Jaime,107694,513
Jaime,150727,850
Jaime,155777,777
Jaime,155036,817
Jaime,174168,554
Jaime,193204,444
Jaime,157327,893
Jaime,104788,690
Jaime,173622,236
Jaime,193500,21
Jaime,146379,904
Jaime,111026,656
Jaime,188227,473
Jaime,153842,477
Jaime,132291,17
Jaime,128106,862
Jaime,164011,906
Jaime,129292,698
Jaime,115227,699
Jaime,170892,865
Jaime,112517,282
Jaime,144006,772
Jaime,163857,923
Jaime,174936,109
Jaime,130118,753
Jaime,184858,908
Jaime,100080,919
Jaime,116501,856
Jaime,132345,857
Jaime,125075,912
Jaime,196791,860
Jaime,133769,18
Jaime,186490,888
Jaime,166089,307
Jaime,118850,373
Jaime,148839,192
Jaime,165301,555
Jaime,165266,879
Jaime,135230,215
Jaime,159567,382
Jaime,178941,622
Jaime,173442,706
Jaime,105120,9
Jaime,170861,120
Jaime,173418,770
Jaime,170893,519
Jaime,140165,743
Jaime,119514,323
Jaime,127594,419
Jaime,160242,406
Jaime,157237,685
Jaime,145902,662
Jaime,153049,560
Jaime,122670,886
Jaime,136670,613
Jacob,152388,813
Jacob,156218,324
Jacob,106163,303
Jacob,170997,760
Jacob,133564,871
Jacob,199845,223
Jacob,110442,417
Jacob,106032,801
Jacob,153604,114
Jacob,108210,59
Jacob,160343,805
Jacob,177148,426
Jacob,128855,419
Jacob,194161,855
Jacob,132166,777
Jacob,153446,343
Jacob,193074,742
Jacob,150687,492
Jacob,157307,624
Jacob,116770,753
Jacob,131394,510
Jacob,164085,628
Jacob,142697,60
Jacob,155482,652
Jacob,176584,595
Jacob,168650,163
Jacob,112395,50
Jacob,163700,396
Jacob,178734,225
Jacob,145610,151
Jacob,100071,6
Jacob,123081,640
Jacob,145660,376
Jacob,142971,884
Jacob,139797,211
Jacob,127106,336
Jacob,113721,751
Jacob,142951,709
Jacob,172896,511
Jacob,134703,122
Jacob,169350,796
Jacob,157695,22
Jacob,159491,497
Jacob,175474,868
Jacob,103937,91
Jacob,158626,825
Jacob,141686,532
Jacob,122852,183
Jacob,138859,222
Jacob,154579,989
Jacob,180128,849
Jacob,145956,931
Jacob,129837,384
Jacob,141999,630
Jacob,148151,892
Jacob,149880,124
Jacob,115061,42
Jacob,167508,654
Jacob,135268,450
Jacob,162758,618
Jacob,133231,831
Jacob,175158,2
Jacob,100680,723
Jacob,183777,845
Jacob,134128,85
Jacob,112274,289
Jacob,133314,307
Jacob,194988,851
Jacob,143032,886
Jacob,119619,270
Jacob,104294,973
Jacob,120237,378
Jacob,152297,955
Jacob,197765,960
Jacob,175738,710
Jacob,112170,46
Jacob,110523,69
Jacob,180996,123
Jacob,166269,549
Jacob,142938,445
Jacob,160815,751
Jacob,182362,880
Jacob,183279,272
Jacob,165605,547
Jacob,126185,70
Jacob,131060,544
Jacob,187979,803
Jacob,131632,751
Jacob,168588,560
Jacob,111245,706
Jacob,138619,26
Jacob,158633,267
Jacob,157576,914
Jacob,121361,443
Jacob,155405,323
Jacob,193770,185
Jacob,150113,813
Jacob,109127,12
Jacob,158593,110
Jacob,152219,403
Jacob,153898,865
Jacob,147315,717
Jacob,171628,731
Jacob,186916,870
Jacob,184400,148
Jacob,197352,579
Jacob,161743,769
Jacob,108687,888
Jacob,184781,647
Jacob,134950,545
Jacob,126321,51
Jacob,170172,814
Jacob,109643,334
Jacob,112055,529
Jacob,107776,28
Jacob,147413,838
Jacob,102893,284
Jacob,100036,601
Jacob,195671,598
Jacob,126257,320
Jacob,169073,642
Jacob,107083,722
Jacob,160558,903
Jacob,153992,949
Jacob,172527,352
Jacob,188457,58
Jacob,191672,831
Jacob,159194,311
Jacob,179323,350
Jacob,126696,548
Jacob,142823,921
Jacob,106296,384
Jacob,185239,150
Jacob,155029,585
Jacob,107512,761
Jacob,187654,328
Jacob,199063,840
Jacob,145829,67
Jacob,113024,85
Jacob,126153,530
Jacob,193379,651
Jacob,155760,288
Jacob,133071,431
Jacob,151028,134
Jacob,181336,936
Jacob,159918,5
Jacob,132199,867
Jacob,163417,431
Jacob,162037,748
Jacob,118995,760
Jacob,171361,149
Jacob,179997,513
Jacob,182869,711
Jacob,160740,474
Jacob,103076,817
Jacob,110577,753
Jacob,126524,89
Jacob,102278,473
Jacob,112154,446
Jacob,125910,279
Jacob,121336,509
Jacob,136351,929
Jacob,138959,869
Jacob,199403,619
Jacob,115018,426
Jacob,101748,388
Jacob,103617,79
Jacob,188691,972
Jacob,185900,510
Jacob,114970,809
Jacob,164153,816
Jacob,196238,515
Jacob,190603,294
Jacob,181815,349
Jacob,169967,360
Jacob,111291,727
Jacob,158118,962
Jacob,170833,326
Jacob,176876,58
Jacob,117571,456
Jacob,199217,924
Jacob,104281,192
Jacob,158944,403
Jacob,128680,708
Jacob,114275,280
Jacob,199711,736
Jacob,172969,868
Jacob,153672,378
Jacob,136589,852
Jacob,189952,65
Jacob,112486,768
Jacob,147645,551
Jacob,114283,219
Jacob,187097,908
Jacob,188434,907
Jacob,189089,481
Jacob,186094,939
Jacob,196626,335
Jacob,123929,799
Jacob,159937,836
Jacob,141450,758
Jacob,165329,813
Jacob,159055,426
Jacob,164829,610
Jacob,134566,325
Jacob,137544,238
Jacob,106018,691
Jacob,158055,206
Jacob,114809,830
Jacob,140679,194
Jacob,185290,703
Jacob,105023,130
Jacob,104143,933
Jacob,130699,994
Jacob,161199,660
Jacob,143056,118
Jacob,167800,516
Jacob,127581,275
Jacob,199336,308
Jacob,166254,96
Jacob,124360,406
Jacob,157215,177
Jacob,170802,236
Jacob,129876,972
Jacob,112983,557
Jacob,197096,28
Jacob,186518,835
Jacob,159925,743
Jacob,191006,183
Jacob,121872,295
Jacob,130103,448
Jacob,103911,464
Jacob,133960,662
Jacob,167194,305
Jacob,171824,907
Jacob,195057,65
Jacob,161236,416
Jacob,145399,919
Jacob,155801,164
Jacob,174052,276
Jacob,136267,485
Jacob,163475,278
Jacob,110761,823
Jacob,172282,361
Jacob,199316,819
Jacob,122895,570
Jacob,155505,627
Jacob,125094,996
Jacob,184764,296
Jacob,148654,338
Jacob,194198,344
Jacob,131199,838
Jacob,189611,811
Jacob,126224,65
Jacob,173675,390
Jacob,184344,570
Jacob,180685,464
Jacob,121450,964
Jacob,166888,984
Jacob,178663,552
Jacob,154608,888
Jacob,153414,939
Jacob,166783,454
Jacob,183482,327
Jacob,126920,370
Jacob,127468,904
Jacob,139404,689
Jacob,131736,474
Jacob,174399,127
Jacob,149408,426
Jacob,167151,704
Jacob,112321,982
Jacob,134431,138
Jacob,158519,43
Jacob,191008,817
Jacob,199538,263
Jacob,122139,963
Jacob,168353,435
Jacob,117905,511
Jacob,124195,775
Jacob,190428,610
Jacob,170635,535
Jacob,124373,450
Jacob,126452,883
Jacob,102909,208
Jacob,103873,951
Jacob,196374,76
Jacob,105925,259
Jacob,110641,553
Jacob,111477,140
Jacob,106186,22
Jacob,155626,382
Jacob,151304,422
Jacob,180285,991
Jacob,104907,859
Jacob,101841,702
Jacob,118137,371
Jacob,192043,786
Jacob,146579,106
Jacob,193422,939
Jacob,175020,277
Jacob,142661,350
Jacob,131409,792
Jacob,166441,593
Jacob,176965,104
Jacob,100044,197
Jacob,123111,235
Jacob,181697,504
Jacob,108201,953
Jacob,141778,255
Jacob,183779,803
Jacob,170866,454
Jacob,159785,40
Jacob,169933,954
Jacob,170100,128
Jacob,185117,215
Jacob,133800,847
Jacob,183412,334
Jacob,170565,578
Jacob,169760,424
Jacob,170600,880
Jacob,110902,700
Jacob,124219,955
Jacob,114746,242
Jacob,108826,6
Jacob,164656,702
Jacob,139674,222
Jacob,139811,862
Jacob,158581,361
Jacob,197040,238
Jacob,158203,111
Jacob,166154,138
Jacob,175969,784
Jacob,144760,941
Jacob,107385,338
Jacob,162783,707
Jacob,132813,649
Jacob,163636,278
Jacob,154994,134
Jacob,172768,727
Jacob,181941,439
Jacob,108912,273
Jacob,126250,707
Jacob,106298,841
Jacob,181878,908
Jacob,162097,610
Jacob,129848,634
Jacob,169273,196
Jacob,194958,320
Jacob,191143,490
Jacob,107011,633
Jacob,149661,322
Jacob,104035,98
Jacob,193447,175
Jacob,197801,465
Jacob,105232,354
Jacob,115014,726
Jacob,167640,221
Jacob,163414,919
Jacob,199769,218
Jacob,189613,706
Jacob,197991,965
Jacob,171348,131
Jacob,166094,380
Jacob,183492,491
Jacob,121086,799
Jacob,111088,173
Jacob,169363,430
Jacob,136757,47
Jacob,102478,150
Jacob,165758,78
Jacob,112302,770
Jacob,186727,375
Jacob,102074,373
Jacob,172537,230
Jacob,135017,265
Jacob,147443,60
Jacob,135749,673
Jacob,160963,890
Jacob,105506,825
Jacob,179880,573
Jacob,122545,602
Jacob,194728,853
Jacob,144358,390
Jacob,185741,181
Jacob,130063,271
Jacob,146195,492
Jacob,146181,939
Jacob,100614,849
Jacob,131449,502
Jacob,154201,910
Jacob,153367,794
Jacob,110939,172
Jacob,176624,367
Jacob,149628,758
Jacob,104609,509
Jacob,152916,122
Jacob,158336,284
Jacob,164249,485
Jacob,161170,250
Jacob,129525,354
Jacob,166802,603
Jacob,185505,623
Jacob,163579,710
Jacob,175245,22
Jacob,177784,413
Jacob,174356,173
Jacob,114817,243
Jacob,155882,820
Jacob,109160,978
Jacob,195703,221
Jacob,182307,213
Jacob,190871,197
Jacob,199333,542
Jacob,113610,10
Jacob,147148,654
Jacob,157141,621
Jacob,143920,474
Jacob,185760,832
Jacob,145075,593
Jacob,122227,632
Jacob,138294,369
Jacob,192551,853
Jacob,104420,566
Jacob,194485,509
Jacob,199965,529
Jacob,159811,559
Jacob,199405,328
Jacob,113328,745
Jacob,121045,476
Jacob,127422,956
Jacob,198759,778
Jacob,153872,116
Jacob,191689,643
Jacob,175596,555
Jacob,191796,324
Jacob,143454,998
Jacob,108995,797
Jacob,163216,877
Jacob,169773,707
Jacob,197863,985
Jacob,102649,96
Jacob,151326,728
Jacob,126290,172
Jacob,170400,554
Jacob,119756,142
Jacob,109819,424
Jacob,110753,871
Jacob,130642,887
Jacob,104435,311
Jacob,143557,9
Jacob,170931,593
Jacob,124127,222
Jacob,165263,769
Jacob,162172,600
Jacob,102756,556
Jacob,188041,102
Jacob,183183,367
Jacob,106829,914
Jacob,147704,589
Jacob,172862,877
Jacob,162192,235
Jacob,110711,843
Jacob,150750,311
Jacob,125051,130
Jacob,129118,236
Jacob,122344,818
Jacob,188670,288
Jacob,135358,314
Jacob,188715,653
Jacob,173227,368
Jacob,152852,579
Jacob,174572,720
Jacob,101648,411
Jacob,189112,253
Jacob,167051,646
Jacob,110044,272
Jacob,128701,252
Jacob,179544,166
Jacob,153939,644
Jacob,163163,101
Jacob,157106,82
Jacob,116590,293
Jacob,174224,264
Jacob,158804,250
Jacob,112488,843
Jacob,122118,256
Jacob,190093,985
Jacob,130015,615
Jacob,135497,816
Jacob,193809,126
Jacob,161338,330
Jacob,178475,716
Jacob,128316,111
Jacob,117578,123
Jacob,173097,717
Jacob,194863,38
Jacob,130737,987
Jacob,196517,989
Jacob,127005,553
Jacob,141505,986
Jacob,162329,791
Jacob,146667,503
Jacob,155758,37
Jacob,134299,961
Jacob,195555,988
Jacob,199463,121
Jacob,197181,845
Jacob,181447,336
Jacob,187987,789
Jacob,112275,323
Jacob,166389,659
Jacob,129807,916
Jacob,111966,186
Jacob,186262,615
Jacob,186911,785
Jacob,178310,322
Jacob,146286,548
Jacob,152143,405
Jacob,160149,697
Jacob,166827,70
Jacob,100789,554
Jacob,117374,939
Jacob,178448,87
Jacob,148841,685
Jacob,138785,822
Jacob,199092,196
Jacob,188990,98
Jacob,137706,866
Jacob,186302,111
Jacob,188189,0
Jacob,126675,799
Jacob,164634,717
Jacob,140184,332
Jacob,152971,290
Jacob,118635,142
Jacob,117637,836
Jacob,175483,679
Jacob,101404,491
Jacob,120251,260
Jacob,185534,639
Jacob,114250,472
Jacob,147646,998
Jacob,171985,608
Jacob,114212,997
Jacob,167896,836
Jacob,126777,551
Jacob,196883,341
Jacob,138989,583
Jacob,159292,885
Jacob,110315,186
Jacob,109922,705
Jacob,128950,505
Jacob,125835,249
Jacob,181427,460
Jacob,122703,826
Jacob,131536,722
Jacob,164687,81
Jacob,104105,159
Jacob,171030,210
Jacob,198069,703
Jacob,137964,641
Jacob,190959,40
Jacob,165261,992
Jacob,193939,334
Jacob,149163,982
Jacob,178573,846
Jacob,143802,455
Jacob,100475,552
Jacob,197169,524
Jacob,107852,683
Jacob,172547,506
Jacob,184446,690
Jacob,128040,590
Jacob,142875,770
Jacob,198338,56
Jacob,133395,592
Jacob,134008,392
Jacob,163568,887
Jacob,124317,951
Jacob,101381,189
Jacob,118028,154
Jacob,152999,552
Jacob,115417,919
Jacob,142882,442
Jacob,153570,397
Jacob,158391,71
Jacob,141819,725
Jacob,105738,629
Jacob,149769,984
Jacob,121475,347
Jacob,177718,820
Jacob,170209,308
Jacob,147398,803
Jacob,183068,192
Jacob,192978,25
Jacob,130984,238
Jacob,178687,647
Jacob,132877,410
Jacob,169762,96
Jacob,144120,37
Jacob,172648,263
Jacob,165265,956
Jacob,128732,286
Jacob,144990,95
Jacob,155464,367
Jacob,129142,823
Jacob,167479,298
Jacob,174805,936
Jacob,191334,315
Jacob,139940,120
Jacob,132519,278
Jacob,185870,836
Jacob,197671,345
Jacob,143729,375
Jacob,170962,586
Jacob,137670,252
Jacob,186620,62
Jacob,191353,197
Jacob,104614,248
Jacob,170093,535
Jacob,128190,132
Jacob,146574,194
Jacob,152027,264
Jacob,150460,835
Jacob,188414,610
Jacob,165278,487
Jacob,148635,283
Jacob,198928,123
Jacob,103955,527
Jacob,139981,265
Jacob,166770,85
Jacob,133239,718
Jacob,153453,169
Jacob,179075,960
Jacob,161661,807
Jacob,195325,272
Jacob,167334,905
Jacob,162740,133
Jacob,157859,397
Jacob,164310,700
Jacob,160921,17
Jacob,129520,467
Jacob,179046,990
Jacob,100600,577
Jacob,121596,918
Jacob,150273,337
Jacob,121590,702
Jacob,133228,151
Jacob,112473,821
Jacob,153706,50
Jacob,124132,202
Jacob,165219,704
Jacob,179694,392
Jacob,183736,508
Jacob,127707,791
Jacob,126879,303
Jacob,109131,144
Jacob,144577,164
Jacob,149264,768
Jacob,104538,793
Jacob,170461,150
Jacob,129652,833
Jacob,121794,753
Jacob,153256,394
Jacob,119014,948
Jacob,159675,48
Jacob,155650,35
Jacob,177830,663
Jacob,143786,246
Jacob,144233,176
Jacob,165695,452
Jacob,113773,950
Jacob,108793,898
Jacob,151957,986
Jacob,158851,448
Jacob,143540,817
Jacob,129346,75
Jacob,112208,557
Jacob,181486,356
Jacob,115530,729
Jacob,175196,630
Jacob,183237,463
Jacob,160649,29
Jacob,115255,994
Jacob,142616,751
Jacob,154023,78
Jacob,140869,355
Jacob,133898,655
Jacob,162223,347
Jacob,157388,314
Jacob,134882,882
Jacob,188123,282
Jacob,162663,42
Jacob,107994,490
Jacob,107349,363
Jacob,104341,422
Jacob,192122,242
Jacob,177530,80
Jacob,118283,100
Jacob,131434,302
Jacob,189931,814
Jacob,160650,754
Jacob,160942,316
Jacob,156907,196
Jacob,164331,213
Jacob,186859,497
Jacob,183390,283
Jacob,184543,963
Jacob,184896,507
Jacob,196082,728
Jacob,183630,90
Jacob,181932,561
Jacob,127342,131
Jacob,153622,801
Jacob,183739,735
Jacob,112380,31
Jacob,110286,175
Jacob,197170,962
Jacob,125716,526
Jacob,183467,824
Jacob,106864,442
Jacob,121802,275
Jacob,179673,12
Jacob,167050,849
Jacob,138632,185
Jacob,103088,47
Jacob,182984,672
Jacob,132378,516
Jacob,174371,774
Jacob,169536,732
Jacob,133154,659
Jacob,150507,622
Jacob,144003,982
Jacob,152746,850
Jacob,156753,189
Jacob,137556,389
Jacob,102384,308
Jacob,121468,255
Jacob,174620,266
Jacob,166982,573
Jacob,183758,92
Jacob,152034,687
Jacob,126149,962
Jacob,120709,940
Jacob,162920,638
Jacob,182003,692
Jacob,102977,393
Jacob,149345,93
Jacob,120798,969
Jacob,153095,45
Jacob,122412,181
Jacob,164977,455
Jacob,103204,108
Jacob,141265,633
Jacob,165921,285
Jacob,112501,940
Jacob,192975,545
Jacob,167976,749
Jacob,100549,334
Jacob,176617,213
Jacob,171268,330
Jacob,139583,647
Jacob,182802,349
Jacob,158517,471
Jacob,126895,187
Jacob,156678,608
Jacob,164697,328
Jacob,115049,321
Jacob,183331,65
Jacob,127283,604
Jacob,130217,241
Jacob,172240,47
Jacob,194788,695
Jacob,185578,42
Jacob,161184,462
Jacob,142608,166
Jacob,192859,105
Jacob,177263,485
Jacob,181143,965
Jacob,141841,209
Jacob,110259,919
Jacob,152522,764
Jacob,163890,402
Jacob,136083,667
Jacob,124030,155
Jacob,187843,142
Jacob,148183,138
Jacob,134647,13
Jacob,171865,572
Jacob,105020,856
Jacob,178953,437
Jacob,108959,198
Jacob,104870,986
Jacob,143949,820
Jacob,147172,870
Jacob,166525,451
Jacob,118869,988
Jacob,172574,193
Jacob,139184,508
Jacob,121683,982
Jacob,100010,764
Jacob,185448,904
Jacob,105433,624
Jacob,136436,354
Jacob,198894,962
Jacob,186131,127
Jacob,187433,349
Jacob,150270,117
Jacob,152572,892
Jacob,193095,354
Jacob,165247,656
Jacob,187797,694
Jacob,162653,116
Jacob,171624,750
Jacob,190824,754
Jacob,140103,51
Jacob,132004,529
Jacob,129357,675
Jacob,158158,170
Jacob,173639,42
Jacob,190665,256
Jacob,109965,830
Jacob,175006,587
Jacob,166162,56
Jacob,144652,813
Jacob,145190,316
Jacob,150651,45
Jacob,153014,337
Jacob,129071,683
Jacob,179096,793
Jacob,129994,264
Jacob,186082,518
Jacob,193164,652
Jacob,173865,46
Jacob,179081,130
Jacob,137457,528
Jacob,133569,875
Jacob,127027,577
Jacob,181478,816
Jacob,155788,55
Jacob,165736,972
Jacob,113122,5
Jacob,114101,775
Jacob,128173,689
Jacob,107218,200
Jacob,193557,904
Jacob,181650,990
Jacob,168754,723
Jacob,180690,743
Jacob,137469,96
Jacob,149027,473
Jacob,177168,460
Jacob,177598,373
Jacob,125049,623
Jacob,157980,195
Jacob,102418,695
Jacob,184745,887
Jacob,176794,757
Jacob,173655,503
Jacob,175519,668
Jacob,158540,130
Jacob,168123,296
Jacob,136724,144
Jacob,127303,213
Jacob,170302,233
Jacob,152431,140
Jacob,182951,52
Jacob,124956,414
Jacob,132010,626
Jacob,186359,383
Jacob,103133,330
Jacob,147729,123
Jacob,106453,748
Jacob,136960,97
Jacob,112134,956
Jacob,128343,383
Jacob,154821,790
Jacob,156324,221
Jacob,162772,784
Jacob,186914,89
Jacob,157229,858
Jacob,106254,194
Jacob,183064,439
Jacob,132748,793
Jacob,160500,241
Jacob,126136,47
Jacob,192567,783
Jacob,121214,582
Jacob,110630,439
Jacob,188529,43
Jacob,165043,328
Jacob,104825,492
Jacob,180854,114
Jacob,122523,618
Jacob,137045,346
Jacob,148064,851
Jacob,164514,685
Jacob,150977,601
Jacob,127954,723
Jacob,104086,396
Jacob,177213,756
Jacob,133995,774
Jacob,167827,706
Jacob,193629,957
Jacob,108526,494
Jacob,176331,210
Jacob,109176,154
Jacob,172336,296
Jacob,124973,963
Jacob,109994,612
Jacob,175622,581
Jacob,179002,648
Jacob,102994,33
Jacob,106200,917
Jacob,131861,887
Jacob,120726,148
Jacob,196154,556
Jacob,120404,298
Jacob,149886,308
Jacob,176149,740
Jacob,178061,166
Jacob,146423,910
Jacob,198484,285
Jacob,126347,802
Jacob,167395,177
Jacob,179739,486
Jacob,165358,387
Jacob,192055,339
Jacob,117630,421
Jacob,164963,103
Jacob,151361,546
Jacob,186127,787
Jacob,160005,194
Jacob,190707,172
Jacob,162516,163
Jacob,168748,597
Jacob,149122,693
Jacob,175943,281
Jacob,156087,176
Jacob,125069,504
Jacob,187108,873
Jacob,109833,239
Jacob,130765,75
Jacob,164046,767
Jacob,146501,969
Jacob,184506,380
Jacob,153291,785
Jacob,179693,660
Jacob,198308,582
Jacob,133383,540
Jacob,198194,973
Jacob,146783,751
Jacob,151395,614
Jacob,103382,278
Jacob,162851,740
Jacob,154501,220
Jacob,130688,568
Jacob,168783,567
Jacob,195399,390
Jacob,106515,505
Jacob,180941,212
Jacob,161216,401
Jacob,170972,91
Jacob,187548,608
Jacob,120365,301
Jacob,116848,745
Jacob,126711,182
Jacob,194815,990
Jacob,129599,861
Jacob,186624,264
Jacob,104778,33
Jacob,165931,139
Jacob,159228,320
Jacob,165563,722
Jacob,132387,35
Jacob,196712,855
Jacob,126318,616
Jacob,133943,365
Jacob,180649,53
Jacob,133009,794
Jacob,134409,7
Jacob,145354,248
Jacob,175131,362
Jacob,116520,976
Jacob,185400,431
Jacob,155235,50
Jacob,155914,926
Jacob,155954,733
Jacob,167730,88
Jacob,172159,241
Jacob,125935,724
Jacob,161351,842
Jacob,199696,392
Jacob,124254,37
Jacob,118402,782
Jacob,167437,378
Jacob,181966,463
Jacob,112388,388
Jacob,101811,550
Jacob,199096,777
Jacob,121227,284
Jacob,140725,724
Jacob,167957,846
Jacob,146791,839
Olivia,117333,35
Olivia,109141,563
Olivia,137942,592
Olivia,186945,374
Olivia,110043,570
Olivia,177464,73
Olivia,113548,746
Olivia,173343,843
Olivia,106687,530
Olivia,119351,757
Olivia,149824,474
Olivia,157883,374
Olivia,183512,946
Olivia,120556,163
Olivia,191295,794
Olivia,131737,198
Olivia,191580,283
Olivia,167532,808
Olivia,118815,642
Olivia,100065,569
Olivia,109086,679
Olivia,176559,916
Olivia,123374,315
Olivia,160639,124
Olivia,198015,89
Olivia,110964,99
Olivia,104099,104
Olivia,183393,166
Olivia,191608,879
Olivia,183926,206
Olivia,166109,605
Olivia,129781,820
Olivia,172394,22
Olivia,167080,180
Olivia,196871,21
Olivia,182771,525
Olivia,192057,363
Olivia,155430,714
Olivia,197581,24
Olivia,130127,790
Olivia,136788,453
Olivia,151436,347
Olivia,148926,842
Olivia,170898,645
Olivia,139895,770
Olivia,131645,978
Olivia,126811,167
Olivia,145250,693
Olivia,197804,218
Olivia,161302,518
Olivia,158583,68
Olivia,106680,586
Olivia,188354,638
Olivia,141771,550
Olivia,197270,974
Olivia,191121,707
Olivia,105789,799
Olivia,143764,318
Olivia,169428,743
Olivia,196917,989
Olivia,126254,378
Olivia,150653,643
Olivia,132097,260
Olivia,105686,150
Olivia,168896,222
Olivia,148221,265
Olivia,196718,713
Olivia,120356,843
Olivia,147364,308
Olivia,172570,880
Olivia,140251,217
Olivia,175569,77
Olivia,121992,139
Olivia,149034,185
Olivia,143775,368
Olivia,187023,792
Olivia,132985,21
Olivia,139081,447
Olivia,181835,571
Olivia,160482,16
Olivia,165418,293
Olivia,120917,371
Olivia,110180,179
Olivia,174794,940
Olivia,182792,24
Olivia,113614,662
Olivia,190743,747
Olivia,183771,861
Olivia,116891,134
Olivia,151384,719
Olivia,195234,413
Olivia,158934,501
Olivia,170124,228
Olivia,111513,579
Olivia,146407,104
Olivia,171042,847
Olivia,185730,625
Olivia,189731,194
Olivia,116070,364
Olivia,121018,227
Olivia,172046,797
Olivia,142317,819
Olivia,152132,878
Olivia,113338,565
Olivia,163327,98
Olivia,108206,887
Olivia,120896,933
Olivia,137188,227
Olivia,198470,427
Olivia,166386,793
Olivia,104372,545
Olivia,162541,335
Olivia,145364,864
Olivia,130350,999
Olivia,138077,226
Olivia,191278,725
Olivia,154216,464
Olivia,187302,553
Olivia,131227,638
Olivia,179300,42
Olivia,161185,357
Olivia,165144,312
Olivia,155380,546
Olivia,178700,328
Olivia,141859,262
Olivia,157902,512
Olivia,188475,83
Olivia,144942,291
Olivia,173578,191
Olivia,187251,28
Olivia,116949,158
Olivia,146375,511
Olivia,131741,611
Olivia,156655,706
Olivia,141696,237
Olivia,182553,786
Olivia,108483,645
Olivia,145017,57
Olivia,166954,729
Olivia,143040,191
Olivia,186203,912
Olivia,188871,545
Olivia,190978,656
Olivia,106503,312
Olivia,145895,811
Olivia,126186,430
Olivia,163633,646
Olivia,123687,434
Olivia,126469,730
Olivia,104055,847
Olivia,125753,525
Olivia,176195,621
Olivia,154345,514
Olivia,178610,416
Olivia,194209,506
Olivia,173121,791
Olivia,103676,763
Olivia,140624,514
Olivia,109239,798
Olivia,147596,792
Olivia,162760,935
Olivia,177701,901
Olivia,115387,269
Olivia,185975,321
Olivia,194653,786
Olivia,159776,719
Olivia,171820,461
Olivia,129123,148
Olivia,144427,310
Olivia,179419,329
Olivia,190467,112
Olivia,176926,580
Olivia,190586,728
Olivia,117039,607
Olivia,143350,492
Olivia,140048,95
Olivia,165752,358
Olivia,104560,989
Olivia,148733,116
Olivia,160986,67
Olivia,169145,498
Olivia,140513,406
Olivia,167144,988
Olivia,105485,785
Olivia,199996,896
Olivia,172134,276
Olivia,140573,1
Olivia,188021,47
Olivia,134668,904
Olivia,119096,91
Olivia,184024,509
Olivia,184326,778
Olivia,151172,576
Olivia,197148,598
Olivia,140422,765
Olivia,105923,977
Olivia,145278,261
Olivia,192523,860
Olivia,101660,165
Olivia,129534,562
Olivia,137531,590
Olivia,161617,770
Olivia,196406,76
Olivia,172359,563
Olivia,141313,420
Olivia,172031,195
Olivia,136382,175
Olivia,144506,755
Olivia,100554,208
Olivia,115662,492
Olivia,129727,554
Olivia,169255,541
Olivia,158700,869
Olivia,145080,133
Olivia,120285,279
Olivia,177286,627
Olivia,116003,17
Olivia,146899,545
Olivia,196588,121
Olivia,106561,533
Olivia,118888,962
Olivia,180395,962
Olivia,109993,581
Olivia,133828,365
Olivia,125047,430
Olivia,107823,123
Olivia,171157,457
Olivia,129779,770
Olivia,180938,669
Olivia,146276,271
Olivia,146246,504
Olivia,124372,155
Olivia,160759,966
Olivia,106646,78
Olivia,169866,499
Olivia,120484,220
Olivia,190661,366
Olivia,185777,207
Olivia,136515,651
Olivia,198010,721
Olivia,137891,579
Olivia,162569,524
Olivia,121650,317
Olivia,171542,937
Olivia,182235,12
Olivia,188869,962
Olivia,171626,565
Olivia,103215,565
Olivia,112646,67
Olivia,140528,667
Olivia,138742,636
Olivia,141366,78
Olivia,110629,257
Olivia,132352,891
Olivia,142254,270
Olivia,126385,779
Olivia,141285,5
Olivia,190269,236
Olivia,141465,714
Olivia,172391,413
Olivia,188727,551
Olivia,186604,990
Olivia,158110,178
Olivia,116072,23
Olivia,199271,184
Olivia,166853,504
Olivia,103393,751
Olivia,188839,689
Olivia,165938,613
Olivia,174817,800
Olivia,139234,626
Olivia,195899,956
Olivia,172202,972
Olivia,163528,968
Olivia,114724,313
Olivia,117557,144
Olivia,187562,137
Olivia,141215,66
Olivia,177707,993
Olivia,183487,772
Olivia,153053,663
Olivia,186744,489
Olivia,112607,336
Olivia,109171,948
Olivia,155059,962
Olivia,148834,495
Olivia,102504,348
Olivia,176916,67
Olivia,154795,394
Olivia,175561,254
Olivia,132501,717
Olivia,119230,757
Olivia,182509,941
Olivia,150946,646
Olivia,145374,806
Olivia,173184,340
Olivia,153152,520
Olivia,128218,617
Olivia,133111,220
Olivia,159371,970
Olivia,126272,965
Olivia,135575,202
Olivia,141872,298
Olivia,177200,411
Olivia,142487,1000
Olivia,179455,223
Olivia,177651,497
Olivia,185054,61
Olivia,153224,992
Olivia,107977,347
Olivia,194176,833
Olivia,126212,657
Olivia,104091,133
Olivia,187285,223
Olivia,137399,573
Olivia,160455,99
Olivia,100155,312
Olivia,131471,272
Olivia,163545,277
Olivia,125945,574
Olivia,121990,415
Olivia,160004,210
Olivia,165063,544
Olivia,118581,886
Olivia,111179,495
Olivia,139334,696
Olivia,132579,781
Olivia,116325,601
Olivia,151336,730
Olivia,147180,87
Olivia,172152,496
Olivia,198550,573
Olivia,136609,817
Olivia,157838,984
Olivia,170216,125
Olivia,103728,980
Olivia,147310,982
Olivia,102114,501
Olivia,151808,542
Olivia,114035,199
Olivia,120370,993
Olivia,192327,723
Olivia,196473,513
Olivia,158227,354
Olivia,183800,306
Olivia,101885,397
Olivia,169656,781
Olivia,173361,326
Olivia,164822,829
Olivia,167602,394
Olivia,148402,807
Olivia,191539,569
Olivia,187110,347
Olivia,164167,698
Olivia,130860,447
Olivia,198675,229
Olivia,122793,766
Olivia,123179,823
Olivia,168482,776
Olivia,189202,572
Olivia,160866,74
Olivia,198469,872
Olivia,127895,342
Olivia,194004,867
Olivia,193807,734
Olivia,199002,983
Olivia,183541,195
Olivia,199228,546
Olivia,123397,503
Olivia,113284,524
Olivia,178226,325
Olivia,170934,636
Olivia,119880,362
Olivia,197844,886
Olivia,150774,47
Olivia,159025,177
Olivia,124937,264
Olivia,152337,587
Olivia,171075,639
Olivia,124978,723
Olivia,123181,685
Olivia,131377,188
Olivia,124194,172
Olivia,156079,199
Olivia,186514,567
Olivia,152661,316
Olivia,135633,933
Olivia,111589,696
Olivia,160964,847
Olivia,145751,447
Olivia,165116,330
Olivia,152026,132
Olivia,126821,903
Olivia,159677,371
Olivia,189384,977
Olivia,194604,438
Olivia,156301,306
Olivia,191637,997
Olivia,121112,969
Olivia,159738,839
Olivia,196069,205
Olivia,134320,184
Olivia,194717,375
Olivia,120106,274
Olivia,144142,885
Olivia,122276,843
Olivia,152181,970
Olivia,174090,588
Olivia,152969,814
Olivia,118476,31
Olivia,189553,868
Olivia,145899,368
Olivia,101946,110
Olivia,133512,470
Olivia,192959,147
Olivia,101966,724
Olivia,106430,477
Olivia,186540,768
Olivia,111139,446
Olivia,199893,73
Olivia,101615,235
Olivia,183334,73
Olivia,129557,275
Olivia,145049,975
Olivia,190755,271
Olivia,112018,973
Olivia,189486,92
Olivia,134375,948
Olivia,178294,85
Olivia,127295,262
Olivia,188298,564
Olivia,173901,242
Olivia,177580,740
Olivia,122165,310
Olivia,102488,131
Olivia,131051,920
Olivia,196368,933
Olivia,119300,556
Olivia,151434,674
Olivia,101271,946
Olivia,155462,891
Olivia,178754,656
Olivia,182155,207
Olivia,121498,628
Olivia,133848,205
Olivia,169705,85
Olivia,186155,382
Olivia,176678,320
Olivia,108927,292
Olivia,189356,686
Olivia,114197,589
Olivia,138877,322
Olivia,109391,147
Olivia,195083,869
Olivia,131551,39
Olivia,195643,820
Olivia,160771,406
Olivia,198110,90
Olivia,184622,588
Olivia,179221,729
Olivia,168603,28
Olivia,133858,731
Olivia,169854,818
Olivia,182791,863
Olivia,102270,537
Olivia,186427,340
Olivia,144510,910
Olivia,124906,502
Olivia,170108,96
Olivia,161267,793
Olivia,148112,290
Olivia,102413,774
Olivia,127110,796
Olivia,128925,58
Olivia,118873,875
Olivia,149401,512
Olivia,102712,63
Olivia,164546,132
Olivia,106879,625
Olivia,107815,865
Olivia,192632,938
Olivia,137927,642
Olivia,165639,767
Olivia,101974,919
Olivia,183822,152
Olivia,141130,687
Olivia,175200,333
Olivia,185349,488
Olivia,124218,774
Olivia,139418,51
Olivia,169161,8
Olivia,151264,407
Olivia,131834,682
Olivia,153825,451
Olivia,100648,626
Olivia,107267,777
Olivia,128449,257
Olivia,124110,241
Olivia,179881,853
Olivia,161132,649
Olivia,176710,390
Olivia,100685,762
Olivia,134868,873
Olivia,111905,393
Olivia,192981,761
Olivia,175556,473
Olivia,142722,563
Olivia,140084,323
Olivia,176460,203
Olivia,156438,647
Olivia,112591,382
Olivia,174758,876
Olivia,161308,274
Olivia,167656,150
Olivia,165655,39
Olivia,133483,379
Olivia,144248,517
Olivia,191901,865
Olivia,136689,404
Olivia,173834,886
Olivia,166403,164
Olivia,121556,523
Olivia,185873,215
Olivia,142237,929
Olivia,104562,894
Olivia,187566,590
Olivia,109992,774
Olivia,110335,477
Olivia,145156,179
Olivia,151364,496
Olivia,114572,261
Olivia,197185,524
Olivia,113071,118
Olivia,101077,253
Olivia,181294,266
Olivia,127417,394
Olivia,111870,483
Olivia,138510,883
Olivia,172404,716
Olivia,179859,317
Olivia,170472,723
Olivia,169447,516
Olivia,127934,1000
Olivia,152117,505
Olivia,155411,973
Olivia,184847,933
Olivia,153266,765
Olivia,111373,972
Olivia,102647,841
Olivia,123392,570
Olivia,104052,724
Olivia,180546,794
Olivia,106876,77
Olivia,131695,824
Olivia,118999,953
Olivia,190694,895
Olivia,179781,246
Olivia,111499,942
Olivia,164169,889
Olivia,189887,718
Olivia,178351,554
Olivia,153111,273
Olivia,189483,81
Olivia,103888,443
Olivia,187870,273
Olivia,172658,57
Olivia,125136,648
Olivia,173592,31
Olivia,154205,629
Olivia,186550,852
Olivia,124773,318
Olivia,140622,533
Olivia,166190,320
Olivia,144419,943
Olivia,167568,25
Olivia,100573,545
Olivia,183147,968
Olivia,132221,597
Olivia,146359,556
Olivia,103371,94
Olivia,118247,111
Olivia,126833,588
Olivia,119491,601
Olivia,167633,667
Olivia,116871,358
Olivia,108367,305
Olivia,114948,473
Olivia,149497,920
Olivia,182320,293
Olivia,183810,245
Olivia,185336,323
Olivia,172859,676
Olivia,161157,343
Olivia,168347,415
Olivia,117528,757
Olivia,115298,651
Olivia,145324,414
Olivia,145884,83
Olivia,110943,67
Olivia,136617,861
Olivia,126886,534
Olivia,110631,975
Olivia,136060,943
Olivia,175448,160
Olivia,180606,159
Olivia,116859,58
Olivia,199329,732
Olivia,129122,738
Olivia,167961,524
Olivia,190075,863
Olivia,144305,862
Olivia,142156,427
Olivia,137551,111
Olivia,105086,948
Olivia,159484,748
Olivia,130880,340
Olivia,175612,455
Olivia,157900,990
Olivia,164008,858
Olivia,154515,303
Olivia,171225,769
Olivia,195045,198
Olivia,113206,579
Olivia,165422,287
Olivia,150032,616
Olivia,163053,698
Olivia,196986,139
Olivia,194027,660
Olivia,100864,79
Olivia,167531,699
Olivia,190940,308
Olivia,138948,281
Olivia,137065,314
Olivia,141979,502
Olivia,110879,28
Olivia,172054,493
Olivia,192538,7
Olivia,122813,623
Olivia,124706,228
Olivia,157022,159
Olivia,100485,651
Olivia,155437,111
Olivia,133473,359
Olivia,101417,239
Olivia,140465,204
Olivia,140300,944
Olivia,110278,237
Olivia,160962,849
Olivia,195334,910
Olivia,122350,529
Olivia,135568,569
Olivia,127287,841
Olivia,160188,294
Olivia,199772,287
Olivia,193494,13
Olivia,198264,485
Olivia,160244,68
Olivia,113629,332
Olivia,158082,636
Olivia,198888,890
Olivia,124215,630
Olivia,172772,990
Olivia,106477,493
Olivia,164491,477
Olivia,124095,672
Olivia,138177,531
Olivia,110403,929
Olivia,166917,123
Olivia,107419,630
Olivia,135648,469
Olivia,168561,835
Olivia,133477,34
Olivia,192075,104
Olivia,154566,201
Olivia,110900,522
Olivia,173033,788
Olivia,181394,316
Olivia,104574,958
Olivia,143868,898
Olivia,191632,158
Olivia,149184,234
Olivia,122013,648
Olivia,124430,876
Olivia,162468,560
Olivia,175932,674
Olivia,113918,762
Olivia,137293,540
Olivia,132816,253
Olivia,128230,611
Olivia,104746,651
Olivia,100345,127
Olivia,115752,669
Olivia,141689,570
Olivia,191987,443
Olivia,153050,331
Olivia,151360,737
Olivia,132763,737
Olivia,113824,17
Olivia,192308,402
Olivia,119183,108
Olivia,148207,603
Olivia,156560,345
Olivia,194532,213
Olivia,153722,670
Olivia,182962,548
Olivia,150277,884
Olivia,108358,388
Olivia,160674,755
Olivia,145687,671
Olivia,156868,446
Olivia,198830,796
Olivia,194093,462
Olivia,106404,273
Olivia,119465,947
Olivia,184444,303
Olivia,127911,225
Olivia,187167,799
Olivia,163790,285
Olivia,198287,575
Olivia,129161,410
Olivia,198701,132
Olivia,107577,787
Olivia,167607,236
Olivia,132350,852
Olivia,142756,45
Olivia,113165,38
Olivia,133680,735
Olivia,157028,484
Olivia,175884,860
Olivia,147494,829
Olivia,124797,371
Olivia,101067,138
Olivia,126885,168
Olivia,148677,510
Olivia,138506,877
Olivia,102117,962
Olivia,165335,532
Olivia,128435,235
Olivia,140324,10
Olivia,107965,464
Olivia,197811,686
Olivia,180247,894
Olivia,135758,796
Olivia,168678,861
Olivia,194914,390
Olivia,106569,266
Olivia,109975,457
Olivia,108295,173
Olivia,160298,379
Olivia,121680,423
Olivia,182473,165
Olivia,128345,890
Olivia,185402,478
Olivia,123862,222
Olivia,191801,465
Olivia,113070,318
Olivia,177934,167
Olivia,168003,420
Olivia,144762,397
Olivia,154525,872
Olivia,114715,949
Olivia,151576,14
Olivia,180480,173
Olivia,185857,972
Olivia,138302,136
Olivia,175464,200
Olivia,149444,971
Olivia,106716,131
Olivia,163156,287
Olivia,103533,121
Olivia,197826,907
Olivia,123746,849
Olivia,173034,118
Olivia,152162,701
Olivia,146609,873
Olivia,122046,594
Olivia,150172,405
Olivia,107563,780
Olivia,135501,80
Olivia,145301,473
Olivia,127371,939
Olivia,194324,427
Olivia,157996,505
Olivia,196654,189
Olivia,101051,91
Olivia,141597,535
Olivia,162182,973
Olivia,115771,922
Olivia,115741,594
Olivia,113273,617
Olivia,187193,7
Olivia,129205,92
Olivia,119441,736
Olivia,155542,184
Olivia,117658,871
Olivia,150976,405
Olivia,164845,453
Olivia,127262,120
Olivia,145349,714
Olivia,148792,766
Olivia,174648,487
Olivia,163874,443
Olivia,173593,238
Olivia,137550,831
Olivia,123774,232
Olivia,119847,425
Olivia,164801,653
Olivia,104221,471
Olivia,169047,629
Olivia,177101,372
Olivia,145226,195
Olivia,122106,451
Olivia,178923,763
Olivia,126051,927
Olivia,175895,613
Olivia,173192,671
Olivia,105852,666
Olivia,113679,814
Olivia,132558,716
Olivia,155586,522
Olivia,134349,302
Olivia,114188,888
Olivia,198341,656
Olivia,125301,303
Olivia,105548,596
Olivia,129176,145
Olivia,173555,125
Olivia,116440,858
Olivia,143873,190
Olivia,172996,74
Olivia,128110,580
Olivia,105518,477
Olivia,188905,863
Olivia,104406,260
Olivia,155562,838
Olivia,182853,39
Olivia,118282,975
Olivia,193120,327
Olivia,101961,552
Olivia,121002,284
Olivia,153351,788
Olivia,100724,79
Olivia,187763,399
Olivia,150286,121
Olivia,174108,848
Olivia,152731,36
Olivia,116463,303
Olivia,123815,719
Olivia,130929,848
Olivia,169046,412
Olivia,192502,914
Olivia,145870,2
Olivia,175599,942
Olivia,100120,96
Olivia,169455,311
Olivia,132773,936
Olivia,140416,489
Olivia,167788,338
Olivia,142706,498
Olivia,133087,192
Olivia,187940,771
Olivia,184129,413
Olivia,150223,123
Olivia,141273,498
Olivia,199484,879
Olivia,191048,796
Olivia,173117,543
Olivia,117699,612
Olivia,124014,69
Olivia,150409,738
Olivia,155003,264
Olivia,194732,951
Olivia,144044,57
Olivia,167923,774
Olivia,124385,417
Olivia,177729,258
Olivia,183117,78
Olivia,122692,818
Olivia,102441,392
Olivia,127292,308
Olivia,180763,399
Olivia,149870,733
Olivia,192771,626
Olivia,111149,334
Olivia,109564,119
Olivia,110272,876
Olivia,197462,748
Olivia,147970,216
Olivia,157113,808
Olivia,164114,220
Olivia,197726,230
Olivia,146958,28
Olivia,174792,344
Olivia,105357,979
Olivia,191771,464
Olivia,130089,319
Olivia,100747,574
Olivia,120541,509
Olivia,129603,556
Olivia,182477,841
Olivia,167533,881
Olivia,167671,213
Olivia,115793,298
Olivia,171152,922
Olivia,167573,873
Olivia,154887,53
Olivia,182012,749
Olivia,108124,294
Olivia,145562,188
Olivia,127640,768
Olivia,116490,991
Olivia,186336,947
Olivia,176109,492
Olivia,195411,751
Olivia,134087,715
Olivia,159326,249
Olivia,168978,35
Olivia,192448,138
Olivia,180329,599
Olivia,170869,97
Olivia,148720,888
Olivia,190771,22
Olivia,192734,957
Olivia,196449,46
Olivia,117427,826
Olivia,136341,257
Olivia,179375,639
Olivia,163923,478
Olivia,125801,889
Olivia,172873,536
Olivia,195271,700
Olivia,181201,293
Olivia,137630,242
Olivia,177935,546
Olivia,113637,132
Olivia,168333,380
Olivia,116478,903
Olivia,114952,356
Olivia,108683,475
Olivia,148493,790
Olivia,115249,734
Olivia,109271,489
Olivia,196532,630
Olivia,139597,918
Olivia,185364,942
Olivia,106214,587
Olivia,170883,190
Olivia,116391,897
Olivia,120008,222
Olivia,106466,934
Olivia,154022,143
Olivia,197057,169
Olivia,158969,432
Olivia,141533,39
Olivia,194218,316
Olivia,158152,985
Olivia,115445,552
Olivia,163299,498
Olivia,173530,448
Olivia,169564,561
Olivia,187751,680
Olivia,139758,804
Olivia,164147,207
Olivia,181399,936
Olivia,199853,161
Olivia,103965,512
Olivia,192028,737
Odessa,163775,113
Odessa,169979,476
Odessa,180733,740
Odessa,151948,113
Odessa,125843,301
Odessa,118653,366
Odessa,112659,495
Odessa,155748,632
Odessa,134426,415
Odessa,188448,408
Odessa,177503,80
Odessa,132279,28
Odessa,140948,985
Odessa,151984,636
Odessa,131564,58
Odessa,158293,127
Odessa,185419,189
Odessa,118544,719
Odessa,102155,345
Odessa,196686,805
Odessa,172260,344
Odessa,118207,148
Odessa,195903,514
Odessa,125389,892
Odessa,172682,526
Odessa,171182,514
Odessa,173239,499
Odessa,110655,675
Odessa,118241,875
Odessa,131121,267
Odessa,187949,640
Odessa,128290,607
Odessa,119003,312
Odessa,113939,185
Odessa,146071,701
Odessa,120397,769
Odessa,198780,549
Odessa,123782,82
Odessa,181722,131
Odessa,137428,30
Odessa,132676,321
Odessa,131219,296
Odessa,102420,599
Odessa,132169,277
Odessa,186372,234
Odessa,137339,137
Odessa,115892,178
Odessa,178783,77
Odessa,141409,799
Odessa,150201,415
Odessa,152687,177
Odessa,111648,33
Odessa,162358,369
Odessa,169592,538
Odessa,152207,222
Odessa,184381,917
Odessa,157043,722
Odessa,127021,784
Odessa,193477,289
Odessa,195040,945
Odessa,102672,399
Odessa,198887,291
Odessa,123255,315
Odessa,138448,186
Odessa,179131,537
Odessa,172938,389
Odessa,188850,226
Odessa,144779,304
Odessa,100369,760
Odessa,108158,21
Odessa,173031,259
Odessa,192476,558
Odessa,186780,669
Odessa,166004,717
Odessa,151246,402
Odessa,164442,713
Odessa,105613,156
Odessa,104821,623
Odessa,187991,322
Odessa,176797,291
Odessa,109883,956
Odessa,130546,789
Odessa,105409,516
Odessa,187528,941
Odessa,160103,292
Odessa,198912,556
Odessa,107151,252
Odessa,102698,650
Odessa,187240,107
Odessa,105970,525
Odessa,140218,653
Odessa,148662,953
Odessa,157076,734
Odessa,128522,199
Odessa,186523,917
Odessa,167090,262
Odessa,182631,850
Odessa,162605,777
Odessa,138323,304
Odessa,171398,443
Odessa,170290,93
Odessa,186476,28
Odessa,102376,136
Odessa,145322,776
Odessa,197203,602
Odessa,176418,412
Odessa,109422,418
Odessa,195495,598
Odessa,191400,555
Odessa,162142,919
Odessa,106220,572
Odessa,156890,491
Odessa,115118,475
Odessa,106593,108
Odessa,112893,435
Odessa,174079,771
Odessa,138834,796
Odessa,170324,676
Odessa,133650,811
Odessa,103253,974
Odessa,133027,711
Odessa,158977,382
Odessa,119630,140
Odessa,142417,773
Odessa,115470,831
Odessa,125316,921
Odessa,199801,735
Odessa,138013,816
Odessa,158957,515
Odessa,119049,484
Odessa,157650,396
Odessa,120651,428
Odessa,142894,521
Odessa,153949,568
Odessa,138951,390
Odessa,106881,758
Odessa,163750,224
Odessa,143864,11
Odessa,143087,628
Odessa,125212,533
Odessa,186182,504
Odessa,150735,988
Odessa,184776,451
Odessa,188674,482
Odessa,177549,19
Odessa,100195,117
Odessa,148350,4
Odessa,128647,635
Odessa,126131,775
Odessa,192392,766
Odessa,175324,818
Odessa,123042,891
Odessa,117410,673
Odessa,152539,847
Odessa,130031,763
Odessa,129930,258
Odessa,158185,537
Odessa,127437,521
Odessa,116511,841
Odessa,154030,856
Odessa,169688,859
Odessa,156970,443
Odessa,184211,831
Odessa,157265,279
Odessa,128640,484
Odessa,191173,842
Odessa,194050,58
Odessa,147453,251
Odessa,147131,541
Odessa,143100,54
Odessa,156273,75
Odessa,159631,541
Odessa,149791,490
Odessa,184870,536
Odessa,157248,582
Odessa,129887,49
Odessa,111398,170
Odessa,168845,420
Odessa,195033,943
Odessa,118568,466
Odessa,198192,852
Odessa,105121,788
Odessa,159206,29
Odessa,199382,241
Odessa,128301,370
Odessa,142955,556
Odessa,119611,408
Odessa,102621,590
Odessa,191706,519
Odessa,138424,310
Odessa,104003,791
Odessa,100368,315
Odessa,152110,884
Odessa,178495,843
Odessa,176581,464
Odessa,131447,680
Odessa,175488,559
Odessa,181381,47
Odessa,118804,411
Odessa,131226,329
Odessa,171072,42
Odessa,108163,797
Odessa,130173,74
Odessa,111767,157
Odessa,132036,935
Odessa,102522,309
Odessa,140215,227
Odessa,159437,42
Odessa,168743,429
Odessa,144292,763
Odessa,150652,630
Odessa,104616,531
Odessa,155442,681
Odessa,103100,959
Odessa,120795,387
Odessa,134092,88
Odessa,103580,782
Odessa,167638,768
Odessa,158528,960
Odessa,106783,406
Odessa,164144,823
Odessa,197871,309
Odessa,151585,898
Odessa,176130,954
Odessa,165835,868
Odessa,180836,455
Odessa,126537,513
Odessa,108811,228
Odessa,160629,641
Odessa,157934,837
Odessa,119090,642
Odessa,123575,328
Odessa,162604,56
Odessa,118603,142
Odessa,110948,712
Odessa,128253,811
Odessa,155307,669
Odessa,110768,555
Odessa,150726,592
Odessa,166239,738
Odessa,193428,665
Odessa,151234,935
Odessa,186471,641
Odessa,134096,147
Odessa,189601,670
Odessa,157861,712
Odessa,100955,702
Odessa,171889,484
Odessa,130072,156
Odessa,115599,915
Odessa,110381,992
Odessa,177980,963
Odessa,158140,369
Odessa,176950,667
Odessa,140759,991
Odessa,196655,936
Odessa,184757,424
Odessa,152954,361
Odessa,193774,703
Odessa,185318,991
Odessa,106060,435
Odessa,107952,903
Odessa,172156,618
Odessa,144019,137
Odessa,130542,170
Odessa,155007,113
Odessa,193263,62
Odessa,131779,513
Odessa,134537,470
Odessa,134291,267
Odessa,179435,129
Odessa,103106,785
Odessa,104633,795
Odessa,162901,788
Odessa,193457,697
Odessa,166787,613
Odessa,184354,789
Odessa,175123,123
Odessa,120879,199
Odessa,199904,399
Odessa,166886,537
Odessa,179276,598
Odessa,167200,479
Odessa,179936,954
Odessa,121677,798
Odessa,150917,434
Odessa,168138,575
Odessa,100471,282
Odessa,139054,591
Odessa,110175,581
Odessa,134292,900
Odessa,148548,661
Odessa,111362,352
Odessa,156759,473
Odessa,189933,572
Odessa,178863,793
Odessa,183041,117
Odessa,135735,950
Odessa,188002,283
Odessa,124288,837
Odessa,172852,423
Odessa,199908,987
Odessa,117631,600
Odessa,140860,347
Odessa,147648,491
Odessa,121875,706
Odessa,128864,251
Odessa,150618,590
Odessa,163571,653
Odessa,172756,941
Odessa,181464,265
Odessa,105541,398
Odessa,174335,744
Odessa,126096,111
Odessa,102717,335
Odessa,122124,791
Odessa,194239,588
Odessa,188250,846
Odessa,168310,467
Odessa,123624,220
Odessa,127792,522
Odessa,105460,993
Odessa,174908,36
Odessa,108171,206
Odessa,124842,64
Odessa,102674,254
Odessa,118061,239
Odessa,189371,657
Odessa,103825,828
Odessa,137882,105
Odessa,182324,365
Odessa,113426,75
Odessa,175354,460
Odessa,155708,194
Odessa,197835,642
Odessa,189697,943
Odessa,141153,66
Odessa,115089,933
Odessa,121236,507
Odessa,144996,999
Odessa,182491,665
Odessa,166177,208
Odessa,178189,10
Odessa,161714,350
Odessa,173333,379
Odessa,197196,632
Odessa,174286,418
Odessa,107739,609
Odessa,190346,198
Odessa,121651,403
Odessa,100333,403
Odessa,148277,536
Odessa,190968,496
Odessa,109547,553
Odessa,156792,792
Odessa,181324,58
Odessa,104363,241
Odessa,106028,792
Odessa,117791,981
Odessa,157244,125
Odessa,133110,958
Odessa,178974,351
Odessa,145484,574
Odessa,138325,189
Odessa,173635,837
Odessa,169437,623
Odessa,152866,862
Odessa,118604,190
Odessa,105049,277
Odessa,143795,715
Odessa,153025,686
Odessa,155993,877
Odessa,145850,659
Odessa,183470,839
Odessa,157702,660
Odessa,174000,986
Odessa,158733,449
Odessa,163081,148
Odessa,153673,285
Odessa,112373,842
Odessa,161916,560
Odessa,159982,860
Odessa,156720,942
Odessa,133419,356
Odessa,134904,141
Odessa,152898,332
Odessa,171968,159
Odessa,166492,992
Odessa,171478,280
Odessa,128278,226
Odessa,116107,461
Odessa,195799,845
Odessa,135288,925
Odessa,131880,376
Odessa,161966,312
Odessa,159449,971
Odessa,128407,445
Odessa,131855,954
Odessa,190205,794
Odessa,120549,47
Odessa,174422,861
Odessa,172427,254
Odessa,143758,145
Odessa,174303,759
Odessa,122316,399
Odessa,184863,674
Odessa,196274,686
Odessa,150248,258
Odessa,140113,517
Odessa,165064,146
Odessa,132237,76
Odessa,157345,182
Odessa,105708,616
Odessa,115592,511
Odessa,133705,685
Odessa,149336,367
Odessa,132173,181
Odessa,122540,142
Odessa,117014,448
Odessa,175679,759
Odessa,129905,929
Odessa,150551,545
Odessa,134567,950
Odessa,193907,629
Odessa,168784,447
Odessa,173413,515
Odessa,183426,681
Odessa,172436,874
Odessa,156975,659
Odessa,148559,514
Odessa,134796,762
Odessa,122712,796
Odessa,128629,141
Odessa,162591,156
Odessa,159396,786
Odessa,151862,272
Odessa,183193,792
Odessa,173846,359
Odessa,156349,808
Odessa,179763,809
Odessa,165026,733
Odessa,181465,190
Odessa,137577,423
Odessa,190423,861
Odessa,183737,897
Odessa,156046,716
Odessa,175681,454
Odessa,110525,191
Odessa,163421,291
Odessa,165372,871
Odessa,170838,655
Odessa,199218,1000
Odessa,192735,161
Odessa,179508,974
Odessa,140337,642
Odessa,153795,833
Odessa,181475,9
Odessa,105715,66
Odessa,161999,663
Odessa,194594,147
Odessa,189789,482
Odessa,106440,61
Odessa,159008,910
Odessa,119360,149
Odessa,140925,183
Odessa,175043,61
Odessa,114288,98
Odessa,107898,331
Odessa,131203,805
Odessa,168000,685
Odessa,178593,143
Odessa,174358,476
Odessa,185083,512
Odessa,105654,237
Odessa,143943,703
Odessa,174922,439
Odessa,198849,478
Odessa,151104,285
Odessa,193814,401
Odessa,100318,792
Odessa,124044,729
Odessa,104761,278
Odessa,161174,345
Odessa,142711,674
Odessa,103292,158
Odessa,187581,306
Odessa,175805,821
Odessa,150769,817
Odessa,188418,865
Odessa,138711,677
Odessa,135252,248
Odessa,194976,491
Odessa,138054,468
Odessa,165343,730
Odessa,109467,321
Odessa,192359,423
Odessa,176726,779
Odessa,113847,660
Odessa,164806,300
Odessa,188988,51
Odessa,119314,417
Odessa,148479,875
Odessa,107637,328
Odessa,140566,755
Odessa,104757,891
Odessa,116397,700
Odessa,176369,51
Odessa,155797,14
Odessa,111307,603
Odessa,161581,485
Odessa,192180,335
Odessa,184245,982
Odessa,188966,564
Odessa,137131,39
Odessa,182462,743
Odessa,199634,212
Odessa,182801,136
Odessa,157025,922
Odessa,165025,800
Odessa,112261,810
Odessa,129495,818
Odessa,123766,963
Odessa,157622,666
Odessa,133128,510
Odessa,188979,62
Odessa,174519,176
Odessa,160735,524
Odessa,148028,503
Odessa,138183,32
Odessa,147243,84
Odessa,157145,872
Odessa,156602,902
Odessa,187647,2
Odessa,104770,408
Odessa,116140,77
Odessa,161895,242
Odessa,103900,727
Odessa,111880,968
Odessa,107748,468
Odessa,140507,634
Odessa,124145,756
Odessa,156348,586
Odessa,116188,321
Odessa,151273,598
Odessa,193898,964
Odessa,110519,336
Odessa,114812,105
Odessa,151520,238
Odessa,190272,936
Odessa,178054,939
Odessa,136778,329
Odessa,198357,555
Odessa,110355,812
Odessa,130338,35
Odessa,166596,957
Odessa,197714,948
Odessa,186210,929
Odessa,100841,688
Odessa,104943,418
Odessa,159271,196
Odessa,133040,659
Odessa,182623,166
Odessa,169366,948
Odessa,141374,412
Odessa,169823,576
Odessa,152672,486
Odessa,115969,40
Odessa,151873,37
Odessa,160778,561
Odessa,185192,146
Odessa,146439,850
Odessa,150439,990
Odessa,161435,50
Odessa,133732,336
Odessa,194666,14
Odessa,190693,728
Odessa,173112,544
Odessa,173959,260
Odessa,192624,872
Odessa,128962,437
Odessa,142974,814
Odessa,117928,293
Odessa,134331,861
Odessa,100229,680
Odessa,114092,827
Odessa,194953,557
Odessa,121356,81
Odessa,142953,297
Odessa,107253,702
Odessa,120229,678
Odessa,131529,471
Odessa,126716,746
Odessa,188517,701
Odessa,193481,953
Odessa,122899,811
Odessa,158711,336
Odessa,146323,829
Odessa,138724,253
Odessa,110048,318
Odessa,195047,366
Odessa,170053,39
Odessa,175908,105
Odessa,136529,808
Odessa,189650,820
Odessa,127807,91
Odessa,134046,782
Odessa,161227,150
Odessa,195581,670
Odessa,116097,164
Odessa,111146,455
Odessa,102296,287
Odessa,194563,814
Odessa,169518,150
Odessa,176602,715
Odessa,121296,509
Odessa,199156,811
Odessa,131941,381
Odessa,194606,531
Odessa,156456,634
Odessa,131960,816
Odessa,100107,689
Odessa,118761,38
Odessa,158526,648
Odessa,137541,96
Odessa,159215,455
Odessa,141148,373
Odessa,166909,863
Odessa,181007,246
Odessa,178444,511
Odessa,132190,428
Odessa,138468,407
Odessa,173429,501
Odessa,150319,865
Odessa,146988,570
Odessa,159383,482
Odessa,165439,935
Odessa,175914,710
Odessa,134826,911
Odessa,115473,169
Odessa,191545,392
Odessa,185664,867
Odessa,168929,400
Odessa,142812,74
Odessa,121255,440
Odessa,184970,902
Odessa,187253,484
Odessa,180323,442
Odessa,106795,299
Odessa,129607,396
Odessa,194276,679
Odessa,145422,481
Odessa,134309,147
Odessa,106114,762
Odessa,192838,87
Odessa,164273,73
Odessa,177321,470
Odessa,151455,786
Odessa,169290,62
Odessa,143468,45
Odessa,166974,650
Odessa,108092,992
Odessa,197662,733
Odessa,148154,773
Odessa,106421,368
Odessa,152490,40
Odessa,191761,520
Odessa,130716,347
Odessa,108598,773
Odessa,171833,162
Odessa,187783,78
Odessa,186819,385
Odessa,194237,783
Odessa,194446,425
Odessa,147841,693
Odessa,123039,811
Odessa,186623,45
Odessa,144283,280
Odessa,116324,698
Odessa,166383,222
Odessa,102016,937
Odessa,135863,544
Odessa,192307,611
Odessa,128467,444
Odessa,154607,619
Odessa,121847,634
Odessa,112209,52
Odessa,169405,659
Odessa,126402,276
Odessa,175492,49
Odessa,158748,292
Odessa,142425,233
Odessa,134489,299
Odessa,142977,793
Odessa,113427,160
Odessa,112970,866
Odessa,137112,850
Odessa,174925,801
Odessa,172815,691
Odessa,166877,926
Odessa,133495,713
Odessa,107848,103
Odessa,160861,385
Odessa,132098,911
Odessa,174829,66
Odessa,192228,586
Odessa,183560,135
Odessa,125556,685
Odessa,158417,564
Odessa,144201,380
Odessa,184796,702
Odessa,133628,875
Odessa,110707,969
Odessa,103822,95
Odessa,176401,259
Odessa,130235,5
Odessa,190368,724
Odessa,165517,543
Odessa,171754,723
Odessa,116282,929
Odessa,107800,956
Odessa,142503,307
Odessa,157260,737
Odessa,112557,836
Odessa,149080,951
Odessa,118833,43
Odessa,103137,940
Odessa,137904,18
Odessa,172871,609
Odessa,178859,201
Odessa,129261,221
Odessa,145170,513
Odessa,124128,647
Odessa,127927,944
Odessa,192665,649
Odessa,171721,562
Odessa,108747,943
Odessa,179507,162
Odessa,100892,75
Odessa,136155,385
Odessa,171914,719
Odessa,133801,431
Odessa,197724,41
Odessa,133021,959
Odessa,166824,526
Odessa,179271,252
Odessa,198985,9
Odessa,103225,649
Odessa,152645,614
Odessa,122324,980
Odessa,177112,654
Odessa,105535,625
Odessa,101198,366
Odessa,133290,65
Odessa,163034,501
Odessa,141958,916
Odessa,170502,446
Odessa,193971,57
Odessa,176561,14
Odessa,157186,706
Odessa,108365,228
Odessa,165007,16
Odessa,193099,594
Odessa,166747,54
Odessa,197982,655
Odessa,104635,305
Odessa,131899,903
Odessa,142222,872
Odessa,102732,332
Odessa,118716,892
Odessa,139202,982
Odessa,185788,279
Odessa,177073,241
Odessa,198013,844
Odessa,137881,478
Odessa,114169,261
Odessa,153412,713
Odessa,120576,896
Odessa,107605,667
Odessa,168080,420
Odessa,194877,935
Odessa,167404,180
Odessa,139519,357
Odessa,153075,47
Odessa,129108,24
Odessa,121521,452
Odessa,148602,839
Odessa,148878,249
Odessa,179255,902
Odessa,102557,929
Odessa,177228,572
Odessa,138905,823
Odessa,173951,357
Odessa,101473,994
Odessa,174103,127
Odessa,171808,10
Odessa,139253,28
Odessa,100017,619
Odessa,163463,368
Odessa,182748,790
Odessa,146334,337
Odessa,111965,418
Odessa,118559,578
Odessa,145022,448
Odessa,192974,681
Odessa,115522,795
Odessa,128333,421
Odessa,156146,276
Odessa,115160,405
Odessa,131510,776
Odessa,194425,104
Odessa,122379,563
Odessa,187055,978
Odessa,147655,252
Odessa,102846,124
Odessa,109886,154
Odessa,166353,381
Odessa,164858,803
Odessa,141147,441
Odessa,118583,583
Odessa,116242,612
Odessa,186410,517
Odessa,178704,534
Odessa,125693,573
Odessa,136399,268
Odessa,193901,50
Odessa,114783,330
Odessa,152535,391
Odessa,195962,371
Odessa,185390,915
Odessa,184691,757
Odessa,155664,783
Odessa,172030,190
Odessa,166103,607
Odessa,140491,769
Odessa,113475,80
Odessa,160844,280
Odessa,194780,100
Odessa,144908,834
Odessa,161366,461
Odessa,143552,427
Odessa,149520,168
Odessa,114133,643
Odessa,156441,860
Odessa,105013,730
Odessa,133679,625
Odessa,170697,430
Odessa,116760,36
Odessa,138667,672
Odessa,100092,715
Odessa,150798,781
Odessa,145035,61
Odessa,111660,828
Odessa,144563,697
Odessa,109240,497
Odessa,142597,77
Odessa,193654,438
Odessa,199393,141
Odessa,134251,972
Odessa,157927,12
Odessa,179980,322
Odessa,163429,556
Odessa,126529,223
Odessa,144330,262
Odessa,190523,373
Odessa,117497,261
Odessa,155365,820
Odessa,164120,721
Odessa,178891,756
Odessa,171627,948
Odessa,143218,576
Odessa,105474,661
Odessa,117382,532
Odessa,112263,439
Odessa,150898,143
Odessa,137419,395
Odessa,180060,626
Odessa,141685,253
Odessa,166067,891
Odessa,150672,406
Odessa,178516,511
Odessa,170319,748
Odessa,155274,803
Odessa,117893,197
Odessa,181575,30
Odessa,193291,70
Odessa,186657,320
Odessa,148934,570
Odessa,132121,527
Odessa,125359,359
Odessa,146936,103
Odessa,162360,518
Odessa,134097,663
Odessa,122881,850
Odessa,130994,253
Odessa,104549,391
Odessa,187231,759
Odessa,172552,513
Odessa,157398,223
Odessa,189855,539
Odessa,122688,315
Odessa,172446,999
Odessa,147346,45
Odessa,187346,276
Odessa,157947,742
Odessa,161912,818
Odessa,178648,586
Odessa,199553,357
Odessa,156378,974
Odessa,129089,186
Odessa,197621,782
Odessa,119583,718
Odessa,149253,371
Odessa,156478,426
Odessa,165106,81
Odessa,181022,887
Odessa,137755,846
Odessa,118037,746
Odessa,176122,753
Odessa,177596,725
Odessa,127238,25
Odessa,102223,410
Odessa,194770,929
Odessa,196990,342
Odessa,142992,141
Odessa,168767,163
Odessa,135169,250
Odessa,108021,938
Odessa,107675,243
Odessa,158134,476
Odessa,150545,693
Odessa,162273,384
Odessa,166989,809
Odessa,170177,85
Odessa,186382,522
Odessa,194557,696
Odessa,173378,275
Odessa,108794,767
Odessa,173101,817
Odessa,104594,994
Odessa,163144,180
Odessa,165748,740
Odessa,153420,288
Odessa,161873,822
Odessa,171661,158
Odessa,174370,4
Odessa,168220,745
Odessa,123488,349
Odessa,181571,137
Odessa,162836,704
Odessa,155533,266
Odessa,149037,852
Odessa,192989,215
Odessa,146884,426
Odessa,119025,243
Odessa,132391,772
Odessa,160435,831
Odessa,165499,220
Odessa,126276,997
Odessa,179450,455
Odessa,155378,840
Odessa,108192,473
Odessa,120652,450
Odessa,186343,408
Odessa,181213,232
Odessa,103046,89
Odessa,197240,729
Odessa,137945,699
Odessa,143155,464
Odessa,150515,152
Odessa,187174,918
Odessa,129896,406
Odessa,102521,703
Odessa,129736,914
Odessa,120703,931
Odessa,117348,753
Odessa,148591,703
Odessa,122176,543
Odessa,162665,919
Odessa,156545,161
Odessa,155465,817
Odessa,145260,594
Odessa,155067,635
Odessa,153536,190
Odessa,162527,870
Odessa,198621,259
Odessa,161030,568
Odessa,174835,856
Odessa,182881,345
Odessa,108887,997
Odessa,172692,884
Odessa,116054,107
Odessa,197378,682
Odessa,101574,368
Odessa,130030,939
Odessa,149989,865
Odessa,150741,81
Odessa,192931,567
Odessa,181727,52
Odessa,139525,15
Odessa,168564,331
Odessa,161988,501
Odessa,143601,933
Odessa,154989,756
Odessa,167846,268
Odessa,144969,163
Odessa,119012,928
Odessa,193849,249
Odessa,129407,142
Odessa,108082,238
Odessa,118054,8
Odessa,170640,758
Odessa,125989,712
Odessa,102988,463
Odessa,177001,969
Odessa,101341,996
Odessa,136150,231
Odessa,122119,491
Odessa,154610,440
Odessa,132370,342
Odessa,173081,140
Odessa,192776,769
Odessa,170895,645
Odessa,175121,45
Odessa,142370,516
Odessa,117632,409
Nayda,154651,55
Nayda,122835,104
Nayda,187504,123
Nayda,120540,227
Nayda,152368,54
Nayda,105039,351
Nayda,165165,326
Nayda,109850,960
Nayda,155383,949
Nayda,132145,92
Nayda,173262,361
Nayda,111805,686
Nayda,121451,935
Nayda,171345,70
Nayda,144915,742
Nayda,158274,685
Nayda,127382,769
Nayda,143441,931
Nayda,127903,612
Nayda,121025,34
Nayda,118341,880
Nayda,158667,621
Nayda,108022,927
Nayda,157510,882
Nayda,156756,405
Nayda,143549,717
Nayda,111050,452
Nayda,102600,110
Nayda,184744,45
Nayda,131370,248
Nayda,140077,33
Nayda,109699,281
Nayda,103605,254
Nayda,112042,649
Nayda,130192,246
Nayda,155860,893
Nayda,131376,372
Nayda,159240,688
Nayda,108712,760
Nayda,168738,229
Nayda,180925,945
Nayda,153357,98
Nayda,100227,886
Nayda,108077,168
Nayda,114902,668
Nayda,186243,878
Nayda,131125,340
Nayda,100966,686
Nayda,196057,36
Nayda,123213,911
Nayda,142102,422
Nayda,139488,722
Nayda,111877,694
Nayda,171532,958
Nayda,118600,802
Nayda,111913,740
Nayda,171544,91
Nayda,139923,530
Nayda,124470,775
Nayda,152303,165
Nayda,129069,417
Nayda,180673,751
Nayda,125263,369
Nayda,193248,810
Nayda,177256,19
Nayda,131401,603
Nayda,138659,400
Nayda,101040,673
Nayda,170377,562
Nayda,145784,699
Nayda,191256,528
Nayda,155911,343
Nayda,184516,206
Nayda,171683,21
Nayda,191934,707
Nayda,133972,252
Nayda,119925,126
Nayda,164824,222
Nayda,193679,423
Nayda,144287,549
Nayda,197452,379
Nayda,108545,225
Nayda,142407,374
Nayda,152419,201
Nayda,166501,745
Nayda,103723,26
Nayda,112185,278
Nayda,108087,697
Nayda,167091,37
Nayda,106558,862
Nayda,154640,33
Nayda,107212,381
Nayda,145694,331
Nayda,143101,226
Nayda,112713,668
Nayda,149574,172
Nayda,198633,789
Nayda,176055,806
Nayda,150213,286
Nayda,131282,26
Nayda,151063,709
Nayda,186875,753
Nayda,118460,438
Nayda,197234,412
Nayda,127562,729
Nayda,172444,834
Nayda,156925,999
Nayda,101485,241
Nayda,103589,662
Nayda,186389,352
Nayda,130884,18
Nayda,129686,375
Nayda,107708,944
Nayda,196464,274
Nayda,103285,121
Nayda,185242,226
Nayda,130137,897
Nayda,178458,373
Nayda,110830,821
Nayda,182511,186
Nayda,120227,988
Nayda,169997,405
Nayda,152044,548
Nayda,104473,805
Nayda,106924,150
Nayda,193878,836
Nayda,195204,721
Nayda,181269,956
Nayda,116310,61
Nayda,119759,464
Nayda,101337,948
Nayda,115756,190
Nayda,170983,166
Nayda,108607,114
Nayda,199306,648
Nayda,102380,818
Nayda,123006,858
Nayda,129093,616
Nayda,138839,409
Nayda,139534,770
Nayda,187421,535
Nayda,104720,843
Nayda,115873,860
Nayda,109692,793
Nayda,124565,406
Nayda,104895,143
Nayda,119298,810
Nayda,138797,460
Nayda,134471,210
Nayda,122611,29
Nayda,185223,526
Nayda,138417,716
Nayda,144840,522
Nayda,174139,568
Nayda,161083,817
Nayda,134849,190
Nayda,131594,48
Nayda,123323,749
Nayda,132959,41
Nayda,132573,83
Nayda,105649,115
Nayda,108360,32
Nayda,111584,271
Nayda,128014,288
Nayda,108522,518
Nayda,119900,302
Nayda,108120,189
Nayda,171170,851
Nayda,184158,122
Nayda,148864,474
Nayda,150575,691
Nayda,171788,318
Nayda,168834,875
Nayda,129907,641
Nayda,134805,173
Nayda,150355,633
Nayda,134124,151
Nayda,165778,909
Nayda,100021,788
Nayda,192782,768
Nayda,154921,869
Nayda,169015,426
Nayda,134497,634
Nayda,170322,944
Nayda,106468,300
Nayda,136762,483
Nayda,159388,765
Nayda,167398,717
Nayda,145695,373
Nayda,147091,222
Nayda,171181,654
Nayda,149466,45
Nayda,152455,739
Nayda,145774,423
Nayda,140842,164
Nayda,188193,414
Nayda,147077,404
Nayda,160309,731
Nayda,166912,782
Nayda,155662,475
Nayda,125418,393
Nayda,100340,715
Nayda,186960,69
Nayda,195917,217
Nayda,106624,855
Nayda,177467,520
Nayda,136537,587
Nayda,114252,688
Nayda,178878,702
Nayda,147523,846
Nayda,144930,386
Nayda,121033,867
Nayda,177351,232
Nayda,191875,948
Nayda,199114,782
Nayda,128631,616
Nayda,130224,966
Nayda,103126,797
Nayda,176684,166
Nayda,163619,555
Nayda,139355,52
Nayda,155510,503
Nayda,119755,321
Nayda,197926,227
Nayda,168594,143
Nayda,159385,581
Nayda,192183,352
Nayda,102783,176
Nayda,198447,793
Nayda,191013,255
Nayda,193057,170
Nayda,105974,518
Nayda,112927,866
Nayda,133303,554
Nayda,136937,947
Nayda,103344,319
Nayda,175405,391
Nayda,188978,91
Nayda,186360,903
Nayda,118652,718
Nayda,105136,967
Nayda,139367,707
Nayda,127461,968
Nayda,161353,594
Nayda,186074,662
Nayda,110780,551
Nayda,151679,272
Nayda,133075,738
Nayda,106394,996
Nayda,143371,443
Nayda,146893,275
Nayda,165044,479
Nayda,128903,566
Nayda,113944,537
Nayda,170964,398
Nayda,189655,780
Nayda,103684,961
Nayda,198321,964
Nayda,152281,821
Nayda,136194,997
Nayda,183529,737
Nayda,123804,156
Nayda,113418,776
Nayda,116521,788
Nayda,180921,740
Nayda,107697,914
Nayda,102905,370
Nayda,113066,139
Nayda,103431,533
Nayda,154025,323
Nayda,169827,825
Nayda,194607,383
Nayda,100908,853
Nayda,159288,699
Nayda,112761,736
Nayda,121458,133
Nayda,156634,314
Nayda,113407,888
Nayda,117990,985
Nayda,160082,354
Nayda,178950,655
Nayda,181170,206
Nayda,192226,759
Nayda,178993,924
Nayda,153729,402
Nayda,127561,818
Nayda,182122,831
Nayda,151578,924
Nayda,140287,72
Nayda,141982,921
Nayda,164303,72
Nayda,191523,757
Nayda,170363,584
Nayda,103426,118
Nayda,140442,826
Nayda,154467,49
Nayda,150947,796
Nayda,108641,337
Nayda,136621,629
Nayda,129610,423
Nayda,136005,570
Nayda,141756,171
Nayda,147328,10
Nayda,123360,466
Nayda,129521,9
Nayda,107353,826
Nayda,105554,441
Nayda,139706,277
Nayda,114873,74
Nayda,167676,672
Nayda,112951,198
Nayda,150231,798
Nayda,198893,559
Nayda,103706,473
Nayda,197880,839
Nayda,178840,29
Nayda,179430,413
Nayda,118841,517
Nayda,128166,378
Nayda,115092,895
Nayda,184405,279
Nayda,198099,553
Nayda,180178,272
Nayda,176494,606
Nayda,111164,808
Nayda,168826,433
Nayda,154283,986
Nayda,129289,407
Nayda,171501,152
Nayda,190214,100
Nayda,131340,468
Nayda,142605,228
Nayda,185605,153
Nayda,114698,882
Nayda,135437,280
Nayda,131001,135
Nayda,183803,137
Nayda,148149,203
Nayda,167940,446
Nayda,167202,232
Nayda,164289,642
Nayda,118251,729
Nayda,178541,853
Nayda,110075,759
Nayda,114071,178
Nayda,100926,814
Nayda,155183,198
Nayda,188330,66
Nayda,139860,333
Nayda,140035,210
Nayda,154237,845
Nayda,113109,634
Nayda,199690,15
Nayda,143295,509
Nayda,165522,513
Nayda,161915,316
Nayda,169069,878
Nayda,172971,961
Nayda,190150,600
Nayda,168097,883
Nayda,101401,371
Nayda,101954,367
Nayda,124840,494
Nayda,115804,257
Nayda,144826,827
Nayda,164324,24
Nayda,120358,68
Nayda,191268,595
Nayda,153996,69
Nayda,147126,503
Nayda,176765,97
Nayda,119994,897
Nayda,189567,701
Nayda,190566,421
Nayda,146176,175
Nayda,143707,37
Nayda,198824,138
Nayda,197416,291
Nayda,150015,774
Nayda,110511,990
Nayda,198957,621
Nayda,190242,61
Nayda,100253,442
Nayda,182832,284
Nayda,105398,90
Nayda,180475,329
Nayda,124526,66
Nayda,153920,743
Nayda,104882,385
Nayda,129450,872
Nayda,136733,91
Nayda,147898,383
Nayda,123570,205
Nayda,103258,667
Nayda,104654,584
Nayda,179418,237
Nayda,178982,928
Nayda,148583,793
Nayda,159927,291
Nayda,154356,462
Nayda,110445,660
Nayda,161583,630
Nayda,149305,586
Nayda,173628,64
Nayda,108041,650
Nayda,134004,627
Nayda,156368,787
Nayda,198746,507
Nayda,188441,612
Nayda,167735,794
Nayda,121080,918
Nayda,105530,107
Nayda,139729,75
Nayda,180774,514
Nayda,193766,584
Nayda,194483,207
Nayda,131848,515
Nayda,194114,603
Nayda,172642,205
Nayda,116302,891
Nayda,103127,718
Nayda,188907,839
Nayda,149696,349
Nayda,166509,776
Nayda,105288,742
Nayda,158606,250
Nayda,142264,938
Nayda,175184,911
Nayda,106101,450
Nayda,162572,644
Nayda,101294,895
Nayda,141443,329
Nayda,159211,687
Nayda,109554,801
Nayda,193173,483
Nayda,152453,690
Nayda,139584,920
Nayda,185028,649
Nayda,138005,4
Nayda,150488,91
Nayda,182639,239
Nayda,122352,228
Nayda,101433,402
Nayda,170238,182
Nayda,110304,861
Nayda,111752,711
Nayda,182708,231
Nayda,172020,429
Nayda,109324,578
Nayda,104100,717
Nayda,165083,288
Nayda,143798,405
Nayda,179824,721
Nayda,103655,666
Nayda,185406,893
Nayda,114225,825
Nayda,172542,100
Nayda,115123,683
Nayda,166354,563
Nayda,185787,200
Nayda,174095,248
Nayda,132822,941
Nayda,183126,274
Nayda,110836,85
Nayda,163675,644
Nayda,195639,270
Nayda,179625,950
Nayda,145480,686
Nayda,178159,556
Nayda,138352,707
Nayda,165614,437
Nayda,184558,570
Nayda,159065,170
Nayda,194187,888
Nayda,128890,960
Nayda,157305,201
Nayda,122323,277
Nayda,135904,723
Nayda,164137,401
Nayda,107352,273
Nayda,155783,318
Nayda,138580,139
Nayda,145271,660
Nayda,159012,689
Nayda,198088,332
Nayda,151780,461
Nayda,175916,131
Nayda,161153,726
Nayda,114891,343
Nayda,100117,629
Nayda,170872,962
Nayda,129481,650
Nayda,101100,524
Nayda,147236,658
Nayda,164000,199
Nayda,168600,634
Nayda,158553,703
Nayda,102983,173
Nayda,151074,534
Nayda,154217,468
Nayda,199826,375
Nayda,136366,453
Nayda,124161,702
Nayda,109222,234
Nayda,183142,12
Nayda,190659,302
Nayda,144568,888
Nayda,123745,733
Nayda,111563,928
Nayda,136692,728
Nayda,196444,731
Nayda,105114,364
Nayda,157603,28
Nayda,114708,716
Nayda,198955,953
Nayda,169916,421
Nayda,103783,355
Nayda,168933,544
Nayda,162824,31
Nayda,174109,478
Nayda,188204,912
Nayda,142818,301
Nayda,143236,333
Nayda,195395,803
Nayda,154011,352
Nayda,105739,473
Nayda,186847,338
Nayda,184078,227
Nayda,160486,844
Nayda,148538,228
Nayda,126015,954
Nayda,101133,546
Nayda,108109,589
Nayda,165416,388
Nayda,198523,743
Nayda,149676,244
Nayda,172965,605
Nayda,134098,573
Nayda,172939,847
Nayda,197686,13
Nayda,188682,224
Nayda,185547,690
Nayda,193533,606
Nayda,155044,315
Nayda,102862,378
Nayda,153243,16
Nayda,146078,167
Nayda,158505,179
Nayda,150861,701
Nayda,145663,37
Nayda,132575,515
Nayda,140366,82
Nayda,176251,998
Nayda,123268,140
Nayda,199511,852
Nayda,155073,329
Nayda,127056,457
Nayda,171033,326
Nayda,163352,3
Nayda,112492,506
Nayda,131719,28
Nayda,103609,636
Nayda,191230,483
Nayda,129974,384
Nayda,174322,538
Nayda,125006,93
Nayda,126111,177
Nayda,167492,130
Nayda,170384,827
Nayda,154966,84
Nayda,127013,624
Nayda,144190,267
Nayda,121197,300
Nayda,165513,691
Nayda,102911,34
Nayda,130624,144
Nayda,192702,293
Nayda,172899,830
Nayda,128453,836
Nayda,140074,197
Nayda,167696,258
Nayda,118838,480
Nayda,169641,180
Nayda,166561,547
Nayda,196157,225
Nayda,135431,290
Nayda,166111,881
Nayda,161919,237
Nayda,148970,873
Nayda,169483,263
Nayda,108214,896
Nayda,136361,39
Nayda,118038,827
Nayda,148259,658
Nayda,157124,982
Nayda,158746,92
Nayda,156739,737
Nayda,190797,933
Nayda,162354,24
Nayda,184396,490
Nayda,136691,766
Nayda,124863,838
Nayda,106711,462
Nayda,125545,775
Nayda,155692,608
Nayda,108234,765
Nayda,152309,618
Nayda,106719,286
Nayda,120946,63
Nayda,143022,992
Nayda,179547,136
Nayda,182597,490
Nayda,199456,786
Nayda,190003,763
Nayda,173613,369
Nayda,166777,996
Nayda,147050,25
Nayda,162079,601
Nayda,134973,300
Nayda,114317,173
Nayda,103276,457
Nayda,187205,47
Nayda,179610,399
Nayda,145760,334
Nayda,175494,810
Nayda,143906,333
Nayda,151387,302
Nayda,143334,86
Nayda,139659,220
Nayda,136963,268
Nayda,115899,196
Nayda,143143,873
Nayda,173278,101
Nayda,170244,343
Nayda,187506,565
Nayda,100141,30
Nayda,104553,335
Nayda,178721,395
Nayda,180903,373
Nayda,138854,992
Nayda,169374,960
Nayda,157152,336
Nayda,192982,600
Nayda,172529,568
Nayda,119341,477
Nayda,180567,244
Nayda,108289,211
Nayda,156168,668
Nayda,154473,185
Nayda,184773,369
Nayda,132530,74
Nayda,149805,108
Nayda,148513,964
Nayda,171662,951
Nayda,137280,733
Nayda,162702,476
Nayda,108160,916
Nayda,149751,431
Nayda,148736,843
Nayda,128479,492
Nayda,109731,990
Nayda,187046,100
Nayda,113088,903
Nayda,125121,618
Nayda,151053,404
Nayda,183966,661
Nayda,188136,134
Nayda,140195,444
Nayda,156315,754
Nayda,131490,796
Nayda,197103,473
Nayda,125800,350
Nayda,121801,284
Nayda,100407,784
Nayda,147478,907
Nayda,194173,4
Nayda,154523,493
Nayda,184343,755
Nayda,131585,220
Nayda,168511,351
Nayda,143001,410
Nayda,123174,30
Nayda,130145,332
Nayda,112332,995
Nayda,166336,470
Nayda,175353,118
Nayda,132103,399
Nayda,110393,906
Nayda,155195,908
Nayda,197177,989
Nayda,131954,808
Nayda,135490,925
Nayda,112102,767
Nayda,107110,316
Nayda,124275,935
Nayda,142921,122
Nayda,139068,806
Nayda,186468,448
Nayda,156337,634
Nayda,104580,39
Nayda,143916,661
Nayda,143904,510
Nayda,106871,496
Nayda,168051,37
Nayda,176238,522
Nayda,189190,625
Nayda,182081,925
Nayda,178034,328
Nayda,146420,665
Nayda,106493,156
Nayda,174542,678
Nayda,113929,978
Nayda,184035,186
Nayda,153484,89
Nayda,197036,550
Nayda,163180,210
Nayda,101356,977
Nayda,179397,231
Nayda,198466,310
Nayda,136384,479
Nayda,135722,523
Nayda,100927,393
Nayda,157584,208
Nayda,180632,657
Nayda,115817,55
Nayda,143809,462
Nayda,193443,539
Nayda,151571,7
Nayda,107438,530
Nayda,140392,435
Nayda,113053,987
Nayda,146387,699
Nayda,150373,60
Nayda,116598,89
Nayda,115887,223
Nayda,140670,760
Nayda,131204,695
Nayda,185337,614
Nayda,177137,0
Nayda,111124,549
Nayda,114765,446
Nayda,178889,421
Nayda,159353,565
Nayda,162085,974
Nayda,117917,768
Nayda,198531,402
Nayda,154015,277
Nayda,155596,794
Nayda,176100,932
Nayda,156027,965
Nayda,136405,922
Nayda,168054,522
Nayda,128330,539
Nayda,121817,967
Nayda,180930,911
Nayda,193054,602
Nayda,111737,664
Nayda,181211,903
Nayda,103527,504
Nayda,187384,627
Nayda,190108,286
Nayda,184544,32
Nayda,156889,988
Nayda,146782,37
Nayda,123526,850
Nayda,164744,16
Nayda,145428,729
Nayda,196386,915
Nayda,190403,65
Nayda,177925,157
Nayda,182251,316
Nayda,113673,134
Nayda,106023,31
Nayda,181754,516
Nayda,130116,158
Nayda,178919,203
Nayda,111173,690
Nayda,185796,971
Nayda,122641,777
Nayda,134730,473
Nayda,177008,612
Nayda,129968,198
Nayda,193257,546
Nayda,132425,950
Nayda,111950,354
Nayda,156102,457
Nayda,133083,761
Nayda,182936,581
Nayda,158638,806
Nayda,150502,268
Nayda,176564,852
Nayda,124269,258
Nayda,112603,552
Nayda,199076,335
Nayda,107169,416
Nayda,146773,758
Nayda,157738,299
Nayda,103048,63
Nayda,152714,850
Nayda,159962,267
Nayda,150689,810
Nayda,190146,326
Nayda,162491,943
Nayda,195807,819
Nayda,139386,616
Nayda,126090,879
Nayda,141941,871
Nayda,178106,412
Nayda,171224,969
Nayda,154635,17
Nayda,106395,169
Nayda,109189,289
Nayda,183726,554
Nayda,142829,807
Nayda,183093,876
Nayda,153559,234
Nayda,137079,82
Nayda,101968,517
Nayda,136271,625
Nayda,196029,320
Nayda,140844,140
Nayda,107458,147
Nayda,158030,854
Nayda,106293,300
Nayda,191969,119
Nayda,129291,310
Nayda,146830,327
Nayda,151329,11
Nayda,118863,204
Nayda,164082,741
Nayda,114115,898
Nayda,117434,171
Nayda,151290,41
Nayda,149541,117
Nayda,142108,373
Nayda,130326,272
Nayda,153504,836
Nayda,172661,232
Nayda,111795,261
Nayda,165487,999
Nayda,108925,48
Nayda,180113,704
Nayda,134758,663
Nayda,193383,101
Nayda,170681,333
Nayda,122950,395
Nayda,172210,424
Nayda,197677,132
Nayda,168277,208
Nayda,190562,179
Nayda,151589,762
Nayda,162585,107
Nayda,101234,574
Nayda,174859,683
Nayda,118457,797
Nayda,103845,613
Nayda,196681,264
Nayda,126937,905
Nayda,105742,548
Nayda,160225,246
Nayda,102530,501
Nayda,121366,918
Nayda,171396,5
Nayda,181484,382
Nayda,193745,112
Nayda,179340,600
Nayda,153867,984
Nayda,154863,359
Nayda,150418,451
Nayda,104385,376
Nayda,171117,83
Nayda,159038,790
Nayda,151533,2
Nayda,104443,422
Nayda,140278,196
Nayda,160554,31
Nayda,188686,457
Nayda,132578,220
Nayda,167578,586
Nayda,124285,115
Nayda,114375,960
Nayda,159123,570
Nayda,185719,406
Nayda,179448,516
Nayda,129859,272
Nayda,144389,524
Nayda,123484,450
Nayda,129208,88
Nayda,156849,842
Nayda,158666,820
Nayda,112811,949
Nayda,139485,646
Nayda,121029,662
Nayda,125107,340
Nayda,145667,648
Nayda,115105,628
Nayda,131964,391
Nayda,133707,461
Nayda,171537,684
Nayda,151401,268
Nayda,114059,589
Nayda,151531,427
Nayda,120257,342
Nayda,198607,1
Nayda,167150,654
Nayda,160053,184
Nayda,164265,360
Nayda,118769,845
Nayda,112487,740
Nayda,133806,449
Nayda,132198,974
Nayda,140958,158
Nayda,152086,799
Nayda,108420,957
Nayda,131158,278
Nayda,102908,719
Nayda,163603,156
Nayda,133509,199
Nayda,178185,277
Nayda,169897,34
Nayda,126266,59
Nayda,104843,1000
Nayda,152381,651
Nayda,110625,281
Nayda,161094,559
Nayda,164694,388
Nayda,178705,227
Nayda,100431,945
Nayda,113901,902
Nayda,182732,234
Nayda,127428,461
Nayda,192152,146
Nayda,148021,65
Nayda,163432,819
Nayda,105513,222
Nayda,106115,941
Nayda,149251,365
Nayda,152195,583
Nayda,184085,459
Nayda,158026,189
Nayda,137075,737
Nayda,126866,323
Nayda,113872,267
Nayda,146972,717
Nayda,166679,317
Nayda,120711,304
Nayda,161391,473
Nayda,176672,646
Nayda,112746,334
Nayda,160825,467
Nayda,178169,135
Nayda,160566,978
Nayda,186463,23
Nayda,172816,931
Nayda,143260,802
Nayda,133795,403
Nayda,136815,274
Nayda,161234,55
Nayda,114234,731
Nayda,145307,838
Nayda,178771,662
Nayda,177026,98
Nayda,167470,490
Nayda,112588,660
Nayda,128766,350
Nayda,101520,13
Nayda,137386,235
Nayda,141886,255
Nayda,188321,878
Nayda,157668,15
Nayda,189081,227
Nayda,186482,626
Nayda,114839,870
Nayda,129526,129
Nayda,143385,472
Nayda,196013,665
Nayda,160019,455
Nayda,100186,358
Nayda,141876,601
Nayda,191511,118
Nayda,136849,363
Nayda,163656,810
Nayda,141755,538
Nayda,165032,259
Nayda,186159,815
Nayda,174089,31
Nayda,159727,519
Nayda,118791,798
Nayda,161957,99
Nayda,126700,316
Nayda,103172,641
Nayda,193411,708
Nayda,124102,92
Nayda,116195,50
Nayda,182425,814
Nayda,137371,348
Nayda,177875,423
Nayda,153215,113
Nayda,125871,808
Nayda,159788,971
Nayda,108843,483
Nayda,132490,93
Nayda,151319,602
Nayda,176180,683
Nayda,126426,588
Nayda,190240,984
Nayda,183961,736
Nayda,149797,854
Nayda,163100,104
Nayda,172478,272
Nayda,162543,745
Nayda,121525,384
Nayda,129676,692
Naomi,158859,718
Naomi,127449,429
Naomi,197631,152
Naomi,183058,103
Naomi,117795,102
Naomi,162056,184
Naomi,192995,419
Naomi,189414,912
Naomi,115020,984
Naomi,133008,748
Naomi,144912,915
Naomi,171698,385
Naomi,120528,380
Naomi,132568,452
Naomi,101385,183
Naomi,169791,944
Naomi,189572,329
Naomi,147482,528
Naomi,106302,395
Naomi,138953,436
Naomi,183704,52
Naomi,119632,683
Naomi,197294,759
Naomi,192957,511
Naomi,138002,66
Naomi,136386,926
Naomi,131111,967
Naomi,174055,285
Naomi,114154,625
Naomi,136103,506
Naomi,148579,677
Naomi,124041,495
Naomi,158713,366
Naomi,171650,248
Naomi,175269,520
Naomi,144967,114
Naomi,198068,1000
Naomi,116873,251
Naomi,147728,717
Naomi,186212,466
Naomi,128097,698
Naomi,137040,853
Naomi,118588,176
Naomi,160512,711
Naomi,120841,241
Naomi,142832,751
Naomi,170720,469
Naomi,150282,391
Naomi,168344,59
Naomi,180307,420
Naomi,173677,237
Naomi,140848,906
Naomi,147945,8
Naomi,135433,833
Naomi,145890,555
Naomi,162187,318
Naomi,119951,431
Naomi,124160,98
Naomi,145283,690
Naomi,136587,743
Naomi,153813,774
Naomi,166301,445
Naomi,153896,674
Naomi,108225,300
Naomi,137672,648
Naomi,164564,604
Naomi,159325,334
Naomi,149470,724
Naomi,196324,751
Naomi,170953,117
Naomi,105642,150
Naomi,153844,40
Naomi,181588,364
Naomi,113972,576
Naomi,194251,760
Naomi,145083,617
Naomi,114359,730
Naomi,170630,537
Naomi,109657,292
Naomi,161850,365
Naomi,161921,556
Naomi,195374,463
Naomi,122814,624
Naomi,150931,249
Naomi,113229,79
Naomi,148102,41
Naomi,140060,896
Naomi,102215,392
Naomi,149737,786
Naomi,181572,476
Naomi,121325,787
Naomi,139700,655
Naomi,121216,176
Naomi,168898,978
Naomi,171270,521
Naomi,142186,834
Naomi,147304,746
Naomi,108490,920
Naomi,141427,394
Naomi,193098,208
Naomi,138873,3
Naomi,124987,846
Naomi,114261,497
Naomi,182526,866
Naomi,100532,617
Naomi,151154,228
Naomi,198707,631
Naomi,121162,539
Naomi,108448,227
Naomi,145195,51
Naomi,153578,602
Naomi,128675,915
Naomi,136481,90
Naomi,176599,932
Naomi,159056,913
Naomi,120856,770
Naomi,141940,390
Naomi,171406,1
Naomi,135994,887
Naomi,189255,803
Naomi,173777,731
Naomi,189608,866
Naomi,176462,149
Naomi,144738,763
Naomi,190910,911
Naomi,142458,604
Naomi,153860,712
Naomi,107954,125
Naomi,100246,363
Naomi,146508,924
Naomi,100210,614
Naomi,126475,916
Naomi,188381,819
Naomi,186100,916
Naomi,198514,400
Naomi,190336,607
Naomi,184587,127
Naomi,146424,958
Naomi,129480,246
Naomi,135836,221
Naomi,159612,218
Naomi,180948,440
Naomi,180090,947
Naomi,128181,60
Naomi,159756,527
Naomi,146794,25
Naomi,100796,330
Naomi,131192,144
Naomi,147107,672
Naomi,139322,17
Naomi,139688,952
Naomi,145200,333
Naomi,135487,269
Naomi,195032,237
Naomi,142216,119
Naomi,186319,986
Naomi,175338,535
Naomi,191880,866
Naomi,152316,957
Naomi,199052,546
Naomi,182034,66
Naomi,197923,134
Naomi,149828,300
Naomi,105420,133
Naomi,135754,720
Naomi,105065,39
Naomi,150810,664
Naomi,198627,988
Naomi,169598,471
Naomi,157269,133
Naomi,118302,479
Naomi,161169,445
Naomi,125256,520
Naomi,187794,434
Naomi,122829,822
Naomi,137700,698
Naomi,160992,790
Naomi,176090,87
Naomi,138635,107
Naomi,185599,330
Naomi,156233,809
Naomi,163958,819
Naomi,169401,23
Naomi,155441,192
Naomi,192695,768
Naomi,144342,139
Naomi,178035,375
Naomi,190140,149
Naomi,171349,656
Naomi,192651,152
Naomi,101316,654
Naomi,111997,970
Naomi,126326,880
Naomi,128068,456
Naomi,195267,667
Naomi,142742,274
Naomi,145442,190
Naomi,182229,865
Naomi,145380,551
Naomi,102614,861
Naomi,186949,9
Naomi,194194,583
Naomi,101471,322
Naomi,135371,518
Naomi,141968,977
Naomi,181365,753
Naomi,156838,848
Naomi,146223,487
Naomi,152821,656
Naomi,198266,986
Naomi,168118,689
Naomi,115669,971
Naomi,129009,703
Naomi,135641,514
Naomi,173295,709
Naomi,181820,214
Naomi,139021,700
Naomi,127789,442
Naomi,176570,800
Naomi,119460,985
Naomi,162195,822
Naomi,123294,273
Naomi,177144,654
Naomi,159966,327
Naomi,185800,319
Naomi,140662,349
Naomi,106444,261
Naomi,129088,12
Naomi,100887,227
Naomi,189031,305
Naomi,117216,769
Naomi,152553,133
Naomi,196090,625
Naomi,137523,612
Naomi,174408,854
Naomi,117591,344
Naomi,195781,203
Naomi,122547,125
Naomi,190058,740
Naomi,114295,907
Naomi,146403,382
Naomi,105075,523
Naomi,157460,851
Naomi,177610,995
Naomi,133039,660
Naomi,161420,805
Naomi,120920,433
Naomi,161029,297
Naomi,120854,5
Naomi,192667,403
Naomi,157239,575
Naomi,148374,749
Naomi,172801,535
Naomi,170508,565
Naomi,137007,209
Naomi,151032,910
Naomi,131611,838
Naomi,118626,823
Naomi,112440,345
Naomi,100721,378
Naomi,178320,887
Naomi,142198,624
Naomi,152744,91
Naomi,116802,568
Naomi,137367,257
Naomi,169346,404
Naomi,169367,185
Naomi,185887,358
Naomi,104668,822
Naomi,143186,209
Naomi,166610,339
Naomi,190807,320
Naomi,161087,93
Naomi,165949,587
Naomi,139675,936
Naomi,175177,805
Naomi,124134,630
Naomi,170900,781
Naomi,109038,872
Naomi,176685,252
Naomi,112399,817
Naomi,138708,582
Naomi,120803,860
Naomi,124310,193
Naomi,193341,291
Naomi,110594,120
Naomi,122388,699
Naomi,148298,275
Naomi,189584,335
Naomi,103183,478
Naomi,167782,270
Naomi,151866,846
Naomi,125250,544
Naomi,168390,935
Naomi,162919,956
Naomi,133178,144
Naomi,118444,735
Naomi,190279,998
Naomi,130744,376
Naomi,167767,605
Naomi,115894,382
Naomi,119692,567
Naomi,108390,453
Naomi,136006,338
Naomi,139373,388
Naomi,138088,154
Naomi,106188,600
Naomi,157562,473
Naomi,190722,275
Naomi,122008,664
Naomi,168988,805
Naomi,175341,923
Naomi,192953,659
Naomi,112564,347
Naomi,103438,132
Naomi,108378,524
Naomi,140163,525
Naomi,119345,478
Naomi,170723,445
Naomi,160728,256
Naomi,143766,300
Naomi,126622,768
Naomi,149820,318
Naomi,161773,987
Naomi,173925,999
Naomi,177797,699
Naomi,100430,711
Naomi,139873,151
Naomi,141486,968
Naomi,116886,956
Naomi,191233,681
Naomi,131789,797
Naomi,162375,80
Naomi,192438,570
Naomi,196641,9
Naomi,168801,90
Naomi,167161,936
Naomi,179892,244
Naomi,127659,725
Naomi,174618,508
Naomi,120353,961
Naomi,192150,612
Naomi,111162,644
Naomi,141377,985
Naomi,131317,857
Naomi,110791,429
Naomi,104031,930
Naomi,110420,307
Naomi,113733,283
Naomi,164683,134
Naomi,138522,750
Naomi,190780,590
Naomi,155991,556
Naomi,191166,590
Naomi,151789,295
Naomi,121675,168
Naomi,183867,144
Naomi,161252,408
Naomi,194645,133
Naomi,143091,103
Naomi,198275,864
Naomi,196346,656
Naomi,144923,126
Naomi,190944,295
Naomi,129586,762
Naomi,146227,673
Naomi,173134,628
Naomi,195097,920
Naomi,166869,622
Naomi,188851,495
Naomi,153700,685
Naomi,199858,246
Naomi,121902,875
Naomi,164654,588
Naomi,105215,44
Naomi,184616,273
Naomi,138665,35
Naomi,129331,845
Naomi,140674,179
Naomi,108341,3
Naomi,111679,544
Naomi,188209,849
Naomi,173481,775
Naomi,165031,896
Naomi,107917,966
Naomi,112844,117
Naomi,129404,474
Naomi,171293,486
Naomi,180437,484
Naomi,101994,763
Naomi,140447,404
Naomi,105589,143
Naomi,136714,12
Naomi,115636,803
Naomi,151383,831
Naomi,172334,962
Naomi,139974,455
Naomi,100343,89
Naomi,125445,486
Naomi,125125,556
Naomi,169192,625
Naomi,125579,23
Naomi,173625,672
Naomi,125817,252
Naomi,135741,737
Naomi,184013,516
Naomi,150762,287
Naomi,167866,389
Naomi,168497,494
Naomi,179676,617
Naomi,116045,358
Naomi,172019,313
Naomi,129927,660
Naomi,139881,666
Naomi,165791,689
Naomi,177775,92
Naomi,198041,203
Naomi,151101,673
Naomi,113631,272
Naomi,167726,783
Naomi,144402,733
Naomi,136097,985
Naomi,184433,282
Naomi,120934,649
Naomi,179663,561
Naomi,187155,436
Naomi,115063,924
Naomi,181023,412
Naomi,141880,296
Naomi,127605,621
Naomi,105997,338
Naomi,193516,421
Naomi,103907,617
Naomi,122810,84
Naomi,175454,523
Naomi,176423,977
Naomi,165629,709
Naomi,115234,770
Naomi,167913,173
Naomi,173717,141
Naomi,117042,478
Naomi,111446,111
Naomi,115446,735
Naomi,197393,903
Naomi,190802,138
Naomi,163563,861
Naomi,163334,44
Naomi,179921,906
Naomi,182861,580
Naomi,101651,157
Naomi,111716,402
Naomi,187687,154
Naomi,103451,865
Naomi,181366,676
Naomi,107875,408
Naomi,140128,112
Naomi,127457,476
Naomi,175782,66
Naomi,144551,9
Naomi,195191,229
Naomi,162134,813
Naomi,118700,380
Naomi,101990,608
Naomi,157303,918
Naomi,183964,578
Naomi,167359,841
Naomi,138745,313
Naomi,127772,283
Naomi,186974,367
Naomi,144600,381
Naomi,118718,221
Naomi,116912,913
Naomi,184059,118
Naomi,153568,64
Naomi,148457,790
Naomi,178602,421
Naomi,131058,79
Naomi,127735,968
Naomi,186085,58
Naomi,197565,629
Naomi,151538,720
Naomi,104028,370
Naomi,187700,879
Naomi,113255,641
Naomi,108129,670
Naomi,167473,841
Naomi,166184,183
Naomi,147438,489
Naomi,175487,889
Naomi,153888,689
Naomi,104554,767
Naomi,191888,780
Naomi,122043,599
Naomi,115441,629
Naomi,196648,485
Naomi,134303,731
Naomi,136564,60
Naomi,135849,410
Naomi,175846,34
Naomi,155828,452
Naomi,164017,381
Naomi,176496,838
Naomi,165944,86
Naomi,118739,424
Naomi,199047,163
Naomi,193506,915
Naomi,119304,466
Naomi,157061,926
Naomi,100537,496
Naomi,189749,268
Naomi,184167,286
Naomi,159455,804
Naomi,102757,170
Naomi,115072,970
Naomi,197283,977
Naomi,106116,751
Naomi,185383,164
Naomi,110030,631
Naomi,111301,202
Naomi,106409,87
Naomi,155877,418
Naomi,169735,92
Naomi,103298,74
Naomi,142926,290
Naomi,145042,657
Naomi,121369,158
Naomi,131852,630
Naomi,102377,182
Naomi,199603,475
Naomi,117566,103
Naomi,103615,691
Naomi,132995,504
Naomi,163651,865
Naomi,113029,770
Naomi,140851,870
Naomi,196833,585
Naomi,149668,105
Naomi,160646,498
Naomi,116079,445
Naomi,189969,406
Naomi,134255,302
Naomi,176023,710
Naomi,142069,672
Naomi,198108,428
Naomi,124609,473
Naomi,134156,208
Naomi,181832,159
Naomi,119174,293
Naomi,117015,54
Naomi,196225,913
Naomi,145596,359
Naomi,141514,687
Naomi,173475,558
Naomi,175692,555
Naomi,156680,762
Naomi,190842,599
Naomi,179052,697
Naomi,119401,808
Naomi,158321,569
Naomi,164628,730
Naomi,113954,364
Naomi,113770,760
Naomi,167471,939
Naomi,172296,981
Naomi,145797,601
Naomi,142906,167
Naomi,177469,140
Naomi,137983,72
Naomi,145393,113
Naomi,179643,187
Naomi,144185,414
Naomi,160145,61
Naomi,133390,328
Naomi,184953,896
Naomi,132869,812
Naomi,115962,579
Naomi,190662,727
Naomi,150119,263
Naomi,141272,502
Naomi,155694,787
Naomi,144445,134
Naomi,127296,725
Naomi,147580,604
Naomi,145671,516
Naomi,132437,398
Naomi,124514,46
Naomi,177764,816
Naomi,183200,241
Naomi,196658,186
Naomi,138846,293
Naomi,108549,968
Naomi,162643,872
Naomi,152676,450
Naomi,171142,481
Naomi,199866,561
Naomi,162480,548
Naomi,108707,58
Naomi,196943,746
Naomi,105352,261
Naomi,125961,17
Naomi,149907,709
Naomi,132043,752
Naomi,154722,54
Naomi,145542,419
Naomi,106986,383
Naomi,188568,259
Naomi,180072,946
Naomi,161225,151
Naomi,178899,552
Naomi,165482,467
Naomi,188637,410
Naomi,164386,832
Naomi,117297,288
Naomi,128332,952
Naomi,113069,856
Naomi,143801,242
Naomi,117253,36
Naomi,172623,548
Naomi,135827,710
Naomi,172528,701
Naomi,165989,514
Naomi,122459,287
Naomi,139823,53
Naomi,129268,487
Naomi,153539,699
Naomi,157324,365
Naomi,135883,85
Naomi,146475,239
Naomi,164086,985
Naomi,103338,589
Naomi,102230,91
Naomi,139781,987
Naomi,147479,866
Naomi,173438,469
Naomi,127257,401
Naomi,145697,291
Naomi,138570,744
Naomi,135410,485
Naomi,178584,319
Naomi,161522,308
Naomi,128869,823
Naomi,184944,826
Naomi,196086,44
Naomi,194427,834
Naomi,135881,309
Naomi,159648,992
Naomi,161486,121
Naomi,146118,96
Naomi,135107,527
Naomi,171879,451
Naomi,106801,342
Naomi,171290,112
Naomi,157587,19
Naomi,130182,975
Naomi,100781,435
Naomi,162964,739
Naomi,196656,656
Naomi,196808,128
Naomi,115009,594
Naomi,118423,499
Naomi,104136,142
Naomi,101435,552
Naomi,119897,618
Naomi,180353,695
Naomi,181543,831
Naomi,182754,342
Naomi,182920,808
Naomi,158979,288
Naomi,114328,552
Naomi,130614,18
Naomi,145971,675
Naomi,161245,981
Naomi,104729,396
Naomi,198609,228
Naomi,190512,215
Naomi,154832,84
Naomi,174826,902
Naomi,142899,983
Naomi,132483,397
Naomi,195967,472
Naomi,155806,133
Naomi,125239,386
Naomi,118279,572
Naomi,123430,577
Naomi,159045,616
Naomi,121978,98
Naomi,162618,130
Naomi,156732,268
Naomi,128231,140
Naomi,138192,427
Naomi,187507,56
Naomi,140810,637
Naomi,154816,403
Naomi,107209,919
Naomi,185046,854
Naomi,153119,194
Naomi,132900,174
Naomi,172495,326
Naomi,158090,448
Naomi,121240,835
Naomi,118140,692
Naomi,138825,655
Naomi,152315,818
Naomi,118289,700
Naomi,128850,307
Naomi,198676,497
Naomi,109186,127
Naomi,169439,352
Naomi,123554,3
Naomi,155049,436
Naomi,108604,927
Naomi,173744,977
Naomi,107453,196
Naomi,142271,848
Naomi,140619,703
Naomi,157711,975
Naomi,163537,885
Naomi,116914,265
Naomi,100455,460
Naomi,109276,130
Naomi,128585,70
Naomi,120503,393
Naomi,165541,86
Naomi,172461,859
Naomi,168904,33
Naomi,169875,326
Naomi,126576,349
Naomi,152951,908
Naomi,169189,41
Naomi,178364,438
Naomi,163266,573
Naomi,104656,692
Naomi,121323,633
Naomi,170843,561
Naomi,108633,260
Naomi,195416,71
Naomi,172956,499
Naomi,189491,360
Naomi,190099,765
Naomi,151646,682
Naomi,196971,855
Naomi,182330,227
Naomi,148985,277
Naomi,145548,499
Naomi,165790,298
Naomi,170264,152
Naomi,167281,691
Naomi,183969,427
Naomi,120502,974
Naomi,131630,7
Naomi,188742,27
Naomi,109691,836
Naomi,117204,293
Naomi,175580,181
Naomi,129321,127
Naomi,127942,679
Naomi,147332,15
Naomi,185001,248
Naomi,107890,719
Naomi,183308,191
Naomi,177080,894
Naomi,171008,81
Naomi,153558,214
Naomi,132554,892
Naomi,144046,487
Naomi,195396,315
Naomi,192109,555
Naomi,134952,38
Naomi,102424,819
Naomi,167632,552
Naomi,111289,733
Naomi,175444,887
Naomi,158771,916
Naomi,134384,884
Naomi,106256,61
Naomi,120746,869
Naomi,138850,453
Naomi,126053,234
Naomi,157888,802
Naomi,137693,671
Naomi,164816,338
Naomi,133142,597
Naomi,159622,535
Naomi,120991,8
Naomi,140499,910
Naomi,135323,90
Naomi,125955,644
Naomi,119607,906
Naomi,144922,846
Naomi,154883,931
Naomi,115363,894
Naomi,181326,730
Naomi,148345,757
Naomi,199175,239
Naomi,126712,55
Naomi,111506,809
Naomi,136144,15
Naomi,100802,559
Naomi,167299,397
Naomi,184063,556
Naomi,187137,912
Naomi,129215,575
Naomi,157560,649
Naomi,133113,28
Naomi,110327,67
Naomi,112259,974
Naomi,105847,246
Naomi,197049,135
Naomi,195247,617
Naomi,125507,923
Naomi,113463,991
Naomi,165374,876
Naomi,133648,327
Naomi,143463,835
Naomi,148536,368
Naomi,146679,859
Naomi,163293,615
Naomi,127312,866
Naomi,196874,277
Naomi,119297,736
Naomi,171863,717
Naomi,141284,461
Naomi,123961,583
Naomi,185403,178
Naomi,197188,505
Naomi,122636,382
Naomi,172013,750
Naomi,171191,699
Naomi,114038,706
Naomi,141839,459
Naomi,174340,331
Naomi,106957,398
Naomi,107644,592
Naomi,111252,818
Naomi,108958,550
Naomi,181030,926
Naomi,126078,503
Naomi,120645,56
Naomi,193927,891
Naomi,129501,924
Naomi,184191,656
Naomi,178470,371
Naomi,197524,51
Naomi,126246,292
Naomi,155381,606
Naomi,115416,626
Naomi,163152,112
Naomi,134408,401
Naomi,154587,670
Naomi,145591,469
Naomi,117580,159
Naomi,127432,717
Naomi,174834,515
Naomi,176321,271
Naomi,122600,850
Naomi,158675,994
Naomi,163037,622
Naomi,148588,478
Naomi,185238,45
Naomi,154210,344
Naomi,180191,232
Naomi,197279,797
Naomi,169563,295
Naomi,184659,700
Naomi,192252,960
Naomi,130279,963
Naomi,120199,442
Naomi,146329,497
Naomi,192592,860
Naomi,126173,202
Naomi,161456,772
Naomi,167854,980
Naomi,194909,454
Naomi,180440,23
Naomi,163993,298
Naomi,116979,578
Naomi,199315,292
Naomi,166106,535
Naomi,121360,786
Naomi,163162,757
Naomi,189874,552
Naomi,173891,935
Naomi,121144,641
Naomi,145837,564
Naomi,147255,695
Naomi,187053,391
Naomi,150662,270
Naomi,196675,694
Naomi,144160,380
Naomi,195963,255
Naomi,116058,878
Naomi,164562,856
Naomi,178247,113
Naomi,195102,822
Naomi,187908,261
Naomi,195879,830
Naomi,106613,879
Naomi,196707,523
Naomi,137202,836
Naomi,129967,127
Naomi,114714,631
Naomi,169434,481
Naomi,124333,564
Naomi,183784,468
Naomi,171517,337
Naomi,144575,865
Naomi,123644,435
Naomi,128531,829
Naomi,108909,784
Naomi,151587,135
Naomi,121991,812
Naomi,146965,972
Naomi,176281,4
Naomi,179118,451
Naomi,197401,658
Naomi,107154,669
Naomi,133881,408
Naomi,107556,444
Naomi,129395,167
Naomi,117473,162
Naomi,130550,327
Naomi,173583,969
Naomi,191873,956
Naomi,130517,229
Naomi,112768,379
Naomi,191848,357
Naomi,113482,786
Naomi,124449,263
Naomi,111508,354
Naomi,116843,825
Naomi,128109,1
Naomi,108251,59
Naomi,106598,934
Naomi,122789,832
Naomi,105544,203
Naomi,195716,50
Naomi,100045,345
Naomi,144517,314
Naomi,147289,312
Naomi,187682,572
Naomi,115083,122
Naomi,113473,381
Naomi,155338,269
Naomi,131074,903
Naomi,188576,732
Naomi,168746,354
Naomi,161402,470
Naomi,104772,288
Naomi,179837,965
Naomi,169288,648
Naomi,157955,485
Naomi,179344,427
Naomi,192330,127
Naomi,104796,736
Naomi,185558,118
Naomi,148571,276
Naomi,116869,156
Naomi,139820,610
Naomi,156810,98
Naomi,167535,576
Naomi,199948,363
Naomi,109797,126
Naomi,153907,200
Naomi,157785,273
Naomi,159130,648
Naomi,149042,545
Naomi,101546,63
Naomi,113705,689
Naomi,176708,891
Naomi,108036,55
Naomi,179926,42
Naomi,118523,885
Naomi,148564,748
Naomi,134991,229
Naomi,145973,746
Naomi,107450,546
Naomi,191395,668
Naomi,102701,7
Naomi,157161,830
Naomi,152533,643
Miriam,194995,219
Miriam,119570,210
Miriam,115518,782
Miriam,129099,211
Miriam,121724,873
Miriam,174614,599
Miriam,140293,538
Miriam,113681,538
Miriam,171883,99
Miriam,123133,195
Miriam,172403,565
Miriam,111693,868
Miriam,108098,642
Miriam,129783,946
Miriam,106828,782
Miriam,106789,223
Miriam,189007,518
Miriam,166540,27
Miriam,194639,232
Miriam,144198,196
Miriam,145188,839
Miriam,174935,320
Miriam,100215,467
Miriam,165710,838
Miriam,109880,703
Miriam,120089,498
Miriam,120675,222
Miriam,169066,236
Miriam,193325,170
Miriam,174493,363
Miriam,155371,368
Miriam,182010,633
Miriam,155454,223
Miriam,134971,451
Miriam,143576,123
Miriam,162038,322
Miriam,149492,984
Miriam,104995,657
Miriam,177624,594
Miriam,167627,979
Miriam,130084,858
Miriam,166261,523
Miriam,144695,374
Miriam,180700,116
Miriam,175022,858
Miriam,187709,257
Miriam,183339,610
Miriam,153905,110
Miriam,128693,599
Miriam,105728,865
Miriam,196829,899
Miriam,126065,815
Miriam,102242,976
Miriam,199483,226
Miriam,197615,539
Miriam,120858,926
Miriam,158692,610
Miriam,191552,281
Miriam,183844,343
Miriam,114788,879
Miriam,142207,739
Miriam,117792,204
Miriam,173762,293
Miriam,143327,206
Miriam,142664,123
Miriam,175140,401
Miriam,186756,426
Miriam,136205,413
Miriam,196140,777
Miriam,176302,853
Miriam,195202,444
Miriam,109194,985
Miriam,156519,66
Miriam,124801,429
Miriam,103577,379
Miriam,169144,62
Miriam,146324,766
Miriam,152288,289
Miriam,174595,744
Miriam,180958,845
Miriam,178411,520
Miriam,109285,517
Miriam,147601,875
Miriam,131207,405
Miriam,172024,853
Miriam,136598,834
Miriam,115259,233
Miriam,195936,136
Miriam,113264,377
Miriam,123695,337
Miriam,119589,96
Miriam,173819,99
Miriam,163905,998
Miriam,174160,799
Miriam,154925,857
Miriam,100662,673
Miriam,158815,781
Miriam,160667,993
Miriam,180483,32
Miriam,129527,562
Miriam,181704,440
Miriam,145138,88
Miriam,192864,325
Miriam,139549,980
Miriam,122299,720
Miriam,159305,920
Miriam,199848,460
Miriam,177100,774
Miriam,172509,658
Miriam,127989,365
Miriam,105716,651
Miriam,156002,28
Miriam,129478,720
Miriam,148531,689
Miriam,126914,472
Miriam,106642,945
Miriam,144768,408
Miriam,190549,291
Miriam,101193,331
Miriam,136808,33
Miriam,110966,722
Miriam,157778,221
Miriam,122286,909
Miriam,145628,362
Miriam,130270,115
Miriam,166728,93
Miriam,120664,818
Miriam,111845,86
Miriam,182574,825
Miriam,158223,106
Miriam,158660,168
Miriam,107224,600
Miriam,149647,884
Miriam,141780,753
Miriam,199243,506
Miriam,173167,312
Miriam,129839,295
Miriam,157080,610
Miriam,131571,279
Miriam,167907,527
Miriam,142910,288
Miriam,122866,213
Miriam,157006,451
Miriam,153919,311
Miriam,165681,730
Miriam,112989,291
Miriam,183936,520
Miriam,121081,603
Miriam,182469,443
Miriam,189627,67
Miriam,197010,207
Miriam,192990,864
Miriam,126379,108
Miriam,116591,90
Miriam,113098,194
Miriam,161413,541
Miriam,145338,717
Miriam,136304,438
Miriam,143418,159
Miriam,178303,371
Miriam,191097,485
Miriam,146506,69
Miriam,179996,854
Miriam,198588,812
Miriam,131710,891
Miriam,148242,162
Miriam,131099,786
Miriam,182265,323
Miriam,143564,306
Miriam,159673,118
Miriam,199505,277
Miriam,128689,561
Miriam,172882,240
Miriam,177918,96
Miriam,152501,216
Miriam,116751,315
Miriam,139588,393
Miriam,147325,821
Miriam,105323,442
Miriam,185093,251
Miriam,123169,409
Miriam,103930,289
Miriam,180633,222
Miriam,114184,733
Miriam,197066,547
Miriam,145361,672
Miriam,110338,478
Miriam,158424,731
Miriam,174839,861
Miriam,164644,31
Miriam,143057,685
Miriam,140423,966
Miriam,115493,310
Miriam,155040,620
Miriam,146456,124
Miriam,181641,465
Miriam,108133,40
Miriam,142988,516
Miriam,172479,71
Miriam,156323,288
Miriam,124913,413
Miriam,166998,200
Miriam,116298,531
Miriam,103193,398
Miriam,193322,93
Miriam,173360,730
Miriam,132572,599
Miriam,118921,876
Miriam,129553,130
Miriam,143847,422
Miriam,145940,37
Miriam,160527,173
Miriam,110176,102
Miriam,133396,626
Miriam,149979,773
Miriam,170262,153
Miriam,199740,563
Miriam,187482,213
Miriam,140743,429
Miriam,164136,696
Miriam,166583,601
Miriam,177759,989
Miriam,105094,110
Miriam,151471,732
Miriam,129465,707
Miriam,114806,93
Miriam,149567,481
Miriam,100401,610
Miriam,197518,781
Miriam,103653,685
Miriam,168269,574
Miriam,179788,480
Miriam,129857,358
Miriam,129082,249
Miriam,179160,563
Miriam,182301,893
Miriam,157328,74
Miriam,178640,492
Miriam,189721,677
Miriam,163911,180
Miriam,111757,212
Miriam,197474,682
Miriam,178722,41
Miriam,154276,807
Miriam,102433,976
Miriam,188100,20
Miriam,184337,634
Miriam,111194,426
Miriam,122030,57
Miriam,177855,173
Miriam,130662,269
Miriam,189726,707
Miriam,150156,934
Miriam,142277,638
Miriam,156722,492
Miriam,126925,996
Miriam,196227,263
Miriam,176194,206
Miriam,185261,892
Miriam,131781,157
Miriam,112566,590
Miriam,185624,816
Miriam,161412,911
Miriam,148655,218
Miriam,101656,817
Miriam,198517,856
Miriam,110040,106
Miriam,133892,331
Miriam,189070,796
Miriam,195836,536
Miriam,174996,459
Miriam,177799,317
Miriam,120214,80
Miriam,142752,805
Miriam,156417,804
Miriam,149331,798
Miriam,152556,555
Miriam,177295,673
Miriam,163979,527
Miriam,125232,207
Miriam,170716,120
Miriam,111282,848
Miriam,110452,96
Miriam,193846,593
Miriam,118068,193
Miriam,140641,970
Miriam,132673,344
Miriam,127218,351
Miriam,163659,588
Miriam,177430,440
Miriam,106437,74
Miriam,134570,606
Miriam,143121,84
Miriam,116519,303
Miriam,123162,385
Miriam,109265,66
Miriam,139087,555
Miriam,144400,710
Miriam,166844,851
Miriam,146317,189
Miriam,179556,19
Miriam,164577,829
Miriam,105264,325
Miriam,165549,490
Miriam,135837,102
Miriam,189799,873
Miriam,180896,613
Miriam,150963,284
Miriam,115729,301
Miriam,137025,997
Miriam,103556,766
Miriam,122321,208
Miriam,181779,165
Miriam,171390,490
Miriam,156382,965
Miriam,134466,174
Miriam,158652,351
Miriam,185867,805
Miriam,125981,510
Miriam,120393,400
Miriam,145540,599
Miriam,152799,280
Miriam,195733,231
Miriam,137625,497
Miriam,149033,730
Miriam,190224,790
Miriam,194929,830
Miriam,187716,729
Miriam,153066,278
Miriam,168756,225
Miriam,149739,28
Miriam,134434,320
Miriam,122434,92
Miriam,162739,840
Miriam,143396,636
Miriam,149227,726
Miriam,173760,678
Miriam,177128,20
Miriam,128790,509
Miriam,118151,781
Miriam,145072,829
Miriam,155528,37
Miriam,164297,902
Miriam,148511,623
Miriam,179688,314
Miriam,163434,618
Miriam,166099,241
Miriam,123140,352
Miriam,116563,145
Miriam,132998,834
Miriam,167433,598
Miriam,182149,333
Miriam,128307,572
Miriam,110305,477
Miriam,104682,723
Miriam,132743,677
Miriam,148661,771
Miriam,143870,989
Miriam,199255,598
Miriam,172277,771
Miriam,126682,301
Miriam,190684,884
Miriam,119719,531
Miriam,185475,793
Miriam,172835,661
Miriam,109487,562
Miriam,185671,374
Miriam,195231,118
Miriam,199295,777
Miriam,125968,259
Miriam,175002,219
Miriam,110416,940
Miriam,181680,251
Miriam,192675,282
Miriam,145769,458
Miriam,113552,272
Miriam,114872,452
Miriam,160760,252
Miriam,143542,642
Miriam,196424,338
Miriam,154713,77
Miriam,159517,189
Miriam,187658,129
Miriam,111686,57
Miriam,173505,857
Miriam,122435,355
Miriam,112928,788
Miriam,119505,850
Miriam,171766,664
Miriam,123879,736
Miriam,147612,680
Miriam,134275,187
Miriam,103260,787
Miriam,199589,94
Miriam,123173,529
Miriam,175489,598
Miriam,133438,636
Miriam,192599,20
Miriam,146404,528
Miriam,150041,527
Miriam,144660,65
Miriam,177600,16
Miriam,196303,194
Miriam,146743,630
Miriam,138979,450
Miriam,108603,244
Miriam,129635,602
Miriam,147341,903
Miriam,119957,97
Miriam,159627,347
Miriam,133910,698
Miriam,162228,39
Miriam,100250,767
Miriam,119860,676
Miriam,197594,276
Miriam,163206,991
Miriam,120124,800
Miriam,151433,828
Miriam,161230,837
Miriam,124536,708
Miriam,124659,802
Miriam,132730,343
Miriam,178711,222
Miriam,119969,679
Miriam,101013,44
Miriam,127816,858
Miriam,113992,180
Miriam,187486,264
Miriam,169899,141
Miriam,156390,684
Miriam,183151,615
Miriam,192968,457
Miriam,105702,745
Miriam,113709,786
Miriam,141822,672
Miriam,122383,886
Miriam,111285,55
Miriam,186532,250
Miriam,161610,635
Miriam,129938,306
Miriam,160049,761
Miriam,192293,66
Miriam,122189,721
Miriam,169880,236
Miriam,150402,46
Miriam,150057,920
Miriam,196559,468
Miriam,144384,365
Miriam,117756,774
Miriam,105332,780
Miriam,199191,969
Miriam,184148,639
Miriam,133410,267
Miriam,141434,476
Miriam,177369,963
Miriam,199368,793
Miriam,190141,123
Miriam,105454,947
Miriam,126017,664
Miriam,161853,844
Miriam,112822,558
Miriam,152537,352
Miriam,128036,198
Miriam,134314,515
Miriam,173062,654
Miriam,174465,582
Miriam,167271,339
Miriam,151299,155
Miriam,165848,189
Miriam,164735,971
Miriam,187644,352
Miriam,143156,939
Miriam,159219,55
Miriam,179772,186
Miriam,183465,246
Miriam,148083,727
Miriam,119758,962
Miriam,111076,656
Miriam,177578,147
Miriam,151000,545
Miriam,197150,146
Miriam,181074,940
Miriam,136605,939
Miriam,173325,80
Miriam,176758,707
Miriam,176150,569
Miriam,189997,127
Miriam,191370,126
Miriam,195265,198
Miriam,114129,843
Miriam,131658,316
Miriam,193478,543
Miriam,162993,661
Miriam,118937,999
Miriam,187227,294
Miriam,111079,985
Miriam,133836,632
Miriam,168688,204
Miriam,103749,32
Miriam,196702,620
Miriam,150107,117
Miriam,102396,969
Miriam,115188,168
Miriam,195815,221
Miriam,181624,490
Miriam,198493,778
Miriam,104903,717
Miriam,197771,701
Miriam,144085,141
Miriam,196801,817
Miriam,175148,409
Miriam,106143,72
Miriam,159950,135
Miriam,131131,522
Miriam,102755,864
Miriam,189852,287
Miriam,136021,916
Miriam,177930,48
Miriam,153564,254
Miriam,108002,689
Miriam,126466,802
Miriam,130794,611
Miriam,147167,670
Miriam,158126,255
Miriam,155138,909
Miriam,179311,58
Miriam,145116,88
Miriam,187160,938
Miriam,148925,230
Miriam,140868,164
Miriam,156914,676
Miriam,163525,956
Miriam,103349,986
Miriam,174069,736
Miriam,198732,851
Miriam,190444,902
Miriam,197710,812
Miriam,146139,283
Miriam,157655,183
Miriam,176164,222
Miriam,182056,960
Miriam,157364,382
Miriam,127771,152
Miriam,140022,45
Miriam,147235,26
Miriam,122715,48
Miriam,199881,434
Miriam,118913,126
Miriam,123956,965
Miriam,197591,141
Miriam,147031,524
Miriam,163913,466
Miriam,172342,622
Miriam,183986,331
Miriam,191520,265
Miriam,140966,335
Miriam,113036,997
Miriam,158995,7
Miriam,118586,427
Miriam,111166,529
Miriam,171352,598
Miriam,190251,77
Miriam,157286,20
Miriam,148888,497
Miriam,151704,339
Miriam,102015,204
Miriam,137359,568
Miriam,154404,849
Miriam,130524,482
Miriam,159747,398
Miriam,169482,104
Miriam,190814,260
Miriam,116497,104
Miriam,154841,329
Miriam,123738,323
Miriam,120053,1
Miriam,178904,339
Miriam,195791,272
Miriam,195711,137
Miriam,199469,475
Miriam,121505,498
Miriam,179712,939
Miriam,112752,887
Miriam,113734,818
Miriam,101877,951
Miriam,176690,511
Miriam,107570,9
Miriam,146031,200
Miriam,127037,892
Miriam,157238,436
Miriam,169054,882
Miriam,138740,93
Miriam,160219,270
Miriam,140340,791
Miriam,110022,450
Miriam,190376,681
Miriam,159381,109
Miriam,161384,326
Miriam,145590,632
Miriam,149781,14
Miriam,155786,349
Miriam,140198,257
Miriam,195278,312
Miriam,197043,411
Miriam,164790,634
Miriam,108946,507
Miriam,161722,675
Miriam,137641,42
Miriam,116684,902
Miriam,195744,29
Miriam,153938,101
Miriam,176147,466
Miriam,188635,720
Miriam,142101,330
Miriam,132405,599
Miriam,102886,236
Miriam,167463,991
Miriam,135495,195
Miriam,163640,272
Miriam,127327,129
Miriam,181057,915
Miriam,118080,278
Miriam,106825,431
Miriam,189801,344
Miriam,166141,530
Miriam,120505,136
Miriam,140520,824
Miriam,157251,555
Miriam,139070,993
Miriam,143497,238
Miriam,173961,899
Miriam,105578,131
Miriam,162680,121
Miriam,155832,35
Miriam,195525,897
Miriam,119387,684
Miriam,122934,295
Miriam,172923,75
Miriam,113771,727
Miriam,158925,980
Miriam,182107,881
Miriam,188281,524
Miriam,156690,581
Miriam,158984,817
Miriam,100713,120
Miriam,132874,484
Miriam,188917,653
Miriam,146044,76
Miriam,159947,551
Miriam,184324,549
Miriam,145910,719
Miriam,142677,427
Miriam,124687,807
Miriam,123833,957
Miriam,156158,594
Miriam,181154,341
Miriam,193672,766
Miriam,192264,648
Miriam,181118,707
Miriam,153045,634
Miriam,115257,748
Miriam,122521,42
Miriam,170330,517
Miriam,154366,53
Miriam,132200,876
Miriam,155116,326
Miriam,116408,396
Miriam,176032,273
Miriam,103902,963
Miriam,188754,741
Miriam,190070,137
Miriam,173426,229
Miriam,168751,148
Miriam,193536,360
Miriam,164766,734
Miriam,138789,477
Miriam,126281,351
Miriam,177091,679
Miriam,156892,744
Miriam,177891,299
Miriam,111267,803
Miriam,123103,801
Miriam,154820,957
Miriam,144325,64
Miriam,109551,230
Miriam,159209,621
Miriam,123809,340
Miriam,152080,357
Miriam,151784,724
Miriam,185809,687
Miriam,111628,28
Miriam,158561,261
Miriam,196371,883
Miriam,132659,115
Miriam,148425,666
Miriam,192739,716
Miriam,148177,45
Miriam,156539,285
Miriam,154756,417
Miriam,110429,905
Miriam,105064,632
Miriam,137639,646
Miriam,129214,184
Miriam,185797,172
Miriam,126114,19
Miriam,140858,0
Miriam,158285,597
Miriam,115212,597
Miriam,174058,762
Miriam,178219,136
Miriam,165648,546
Miriam,152170,352
Miriam,143431,420
Miriam,118130,432
Miriam,107891,634
Miriam,104899,802
Miriam,103305,691
Miriam,122270,249
Miriam,166920,214
Miriam,143825,671
Miriam,124271,788
Miriam,198854,10
Miriam,101325,856
Miriam,143487,608
Miriam,189712,504
Miriam,148258,204
Miriam,168191,859
Miriam,165937,588
Miriam,122158,70
Miriam,139238,332
Miriam,107944,362
Miriam,125268,734
Miriam,144151,257
Miriam,160098,611
Miriam,161325,588
Miriam,192325,141
Miriam,159810,36
Miriam,130693,142
Miriam,103223,506
Miriam,148516,797
Miriam,112143,88
Miriam,102729,899
Miriam,122273,597
Miriam,110428,386
Miriam,129982,219
Miriam,140591,86
Miriam,197366,943
Miriam,198654,233
Miriam,171790,898
Miriam,132775,512
Miriam,173240,880
Miriam,127313,59
Miriam,115625,532
Miriam,165663,476
Miriam,111010,718
Miriam,188569,886
Miriam,102953,816
Miriam,173276,881
Miriam,135180,426
Miriam,119264,234
Miriam,165280,123
Miriam,142809,510
Miriam,183583,362
Miriam,126110,445
Miriam,157231,280
Miriam,106696,286
Miriam,101688,180
Miriam,125048,44
Miriam,117765,970
Miriam,188953,555
Miriam,155305,325
Miriam,177987,579
Miriam,102669,966
Miriam,168495,638
Miriam,100598,852
Miriam,156586,890
Miriam,190672,201
Miriam,138313,860
Miriam,180759,756
Miriam,175330,239
Miriam,179599,255
Miriam,153461,482
Miriam,175025,296
Miriam,166647,579
Miriam,180152,884
Miriam,193476,102
Miriam,184685,593
Miriam,142048,765
Miriam,150276,420
Miriam,169313,536
Miriam,136325,498
Miriam,172424,960
Miriam,161636,597
Miriam,130456,463
Miriam,134578,825
Miriam,128200,74
Miriam,175166,461
Miriam,183230,568
Miriam,132582,206
Miriam,145753,145
Miriam,159023,278
Miriam,137713,428
Miriam,152960,382
Miriam,127926,556
Miriam,107216,463
Miriam,146487,662
Miriam,171993,813
Miriam,199556,934
Miriam,177677,852
Miriam,151308,600
Miriam,172301,282
Miriam,119026,461
Miriam,166533,944
Miriam,177555,162
Miriam,102721,462
Miriam,129612,997
Miriam,152750,748
Miriam,169803,121
Miriam,199592,221
Miriam,121646,90
Miriam,147534,300
Miriam,159519,517
Miriam,151712,814
Miriam,186838,362
Miriam,149511,10
Miriam,135529,274
Miriam,121171,629
Miriam,189232,369
Miriam,199777,251
Miriam,181491,876
Miriam,105611,572
Miriam,137383,665
Miriam,183930,541
Miriam,168216,426
Miriam,127617,743
Miriam,197214,792
Miriam,198883,136
Miriam,100006,917
Miriam,196754,361
Miriam,184919,464
Miriam,146099,538
Miriam,137537,479
Miriam,123918,641
Miriam,183051,756
Miriam,104912,551
Miriam,130529,913
Miriam,125669,254
Miriam,182707,417
Miriam,131333,75
Miriam,143671,495
Miriam,119481,630
Miriam,115992,972
Miriam,183934,264
Miriam,153739,472
Miriam,164292,249
Miriam,164185,644
Miriam,109714,231
Miriam,172508,685
Miriam,132798,458
Miriam,192366,141
Miriam,106759,969
Miriam,161738,250
Miriam,185036,647
Miriam,151462,984
Miriam,141802,6
Miriam,152210,815
Miriam,134115,832
Miriam,142705,698
Miriam,117342,77
Miriam,193723,483
Miriam,144556,825
Miriam,132544,575
Miriam,158111,729
Miriam,111662,653
Miriam,169654,759
Miriam,119444,158
Miriam,104516,316
Miriam,191907,977
Miriam,190862,911
Miriam,141410,914
Miriam,181905,701
Miriam,123494,942
Miriam,135750,123
Miriam,191993,881
Miriam,148009,719
Miriam,124362,958
Miriam,190642,212
Miriam,154852,781
Miriam,134663,947
Miriam,143687,271
Miriam,174457,335
Miriam,171939,359
Miriam,155861,570
Miriam,198510,665
Miriam,190206,291
Miriam,167004,19
Miriam,162393,163
Miriam,147748,31
Miriam,135498,156
Miriam,104025,429
Miriam,142068,971
Miriam,127777,463
Miriam,191308,553
Miriam,165155,11
Miriam,121503,391
Miriam,197547,378
Miriam,138599,782
Miriam,123108,665
Miriam,135224,96
Miriam,114750,469
Miriam,155078,672
Miriam,178936,681
Miriam,138456,827
Miriam,188343,851
Miriam,163457,744
Miriam,131530,965
Miriam,166807,791
Miriam,102024,228
Miriam,151260,819
Miriam,164090,210
Miriam,113906,159
Miriam,101808,77
Miriam,144713,361
Miriam,112541,682
Miriam,102811,248
Miriam,129111,528
Miriam,119303,233
Miriam,150773,374
Miriam,137069,593
Miriam,131122,262
Miriam,165421,675
Miriam,118964,435
Miriam,187532,508
Miriam,141683,543
Miriam,112398,363
Miriam,184016,137
Miriam,109075,434
Miriam,161882,877
Miriam,129981,955
Miriam,123241,535
Miriam,138471,14
Miriam,172245,789
Miriam,117706,11
Miriam,133202,797
Miriam,173215,480
Miriam,144137,270
Miriam,198869,81
Miriam,161737,651
Miriam,197021,505
Miriam,163005,304
Miriam,162932,211
Miriam,136360,269
Miriam,167493,509
Miriam,119236,71
Miriam,155644,886
Miriam,127634,837
Miriam,124684,246
Miriam,165180,955
Miriam,166427,140
Miriam,174951,33
Miriam,109340,571
Miriam,131646,931
Miriam,139365,813
Miriam,116104,36
Miriam,173040,31
Miriam,163869,450
Miriam,169734,892
Miriam,125746,322
Miriam,111726,868
Miriam,178071,49
Miriam,138307,378
Miriam,193442,338
Miriam,123807,397
Miriam,177403,286
Miriam,119176,239
Miriam,110099,377
Miriam,145907,998
Miriam,121568,525
Miriam,104242,521
Miriam,140307,577
Miriam,140781,600
Miriam,134003,977
Miriam,129086,26
Miriam,159551,256
Miriam,183497,991
Miriam,131730,358
Miriam,190738,377
Michael,146505,354
Michael,175169,817
Michael,189361,127
Michael,178875,691
Michael,120148,798
Michael,104284,871
Michael,167106,178
Michael,106168,456
Michael,162334,556
Michael,176766,866
Michael,121924,1
Michael,195019,872
Michael,114661,46
Michael,124142,226
Michael,107368,479
Michael,149084,399
Michael,160745,482
Michael,118168,822
Michael,126759,215
Michael,110986,163
Michael,138852,443
Michael,140523,18
Michael,110417,368
Michael,141317,827
Michael,189105,303
Michael,154996,346
Michael,186613,173
Michael,174690,641
Michael,140131,425
Michael,168727,905
Michael,148694,709
Michael,119212,561
Michael,198487,346
Michael,135343,721
Michael,182370,140
Michael,196388,183
Michael,100261,352
Michael,143509,280
Michael,169892,268
Michael,110536,815
Michael,111199,346
Michael,102761,952
Michael,168219,795
Michael,162699,158
Michael,143577,47
Michael,131733,255
Michael,178979,854
Michael,174346,285
Michael,175646,848
Michael,181862,913
Michael,104742,407
Michael,181844,833
Michael,184046,535
Michael,136443,806
Michael,114002,124
Michael,109630,992
Michael,136957,942
Michael,188233,950
Michael,182871,562
Michael,162246,172
Michael,106712,87
Michael,110148,324
Michael,139295,851
Michael,107941,794
Michael,137716,657
Michael,168045,700
Michael,165178,889
Michael,117285,143
Michael,152760,989
Michael,118664,462
Michael,115993,102
Michael,161392,260
Michael,104750,301
Michael,128516,41
Michael,168765,418
Michael,179943,195
Michael,101461,878
Michael,121123,113
Michael,119623,52
Michael,164354,780
Michael,127999,672
Michael,133596,749
Michael,171755,684
Michael,130951,865
Michael,134896,625
Michael,142912,387
Michael,163167,920
Michael,179560,144
Michael,170482,244
Michael,113293,139
Michael,113995,523
Michael,102860,996
Michael,145395,493
Michael,169758,403
Michael,115368,343
Michael,123513,709
Michael,152608,572
Michael,190985,936
Michael,150924,728
Michael,121348,765
Michael,191245,512
Michael,175567,407
Michael,150351,38
Michael,167932,876
Michael,101739,92
Michael,134347,611
Michael,181955,627
Michael,130795,830
Michael,146599,335
Michael,139302,660
Michael,103058,693
Michael,118673,926
Michael,164641,782
Michael,135486,54
Michael,160840,355
Michael,140150,979
Michael,146158,535
Michael,181753,547
Michael,135494,0
Michael,194405,245
Michael,133333,423
Michael,140552,286
Michael,102115,475
Michael,146816,692
Michael,114782,79
Michael,174380,22
Michael,161947,557
Michael,171007,49
Michael,182941,487
Michael,102581,277
Michael,176168,666
Michael,189643,927
Michael,100039,771
Michael,109025,164
Michael,157172,191
Michael,188191,948
Michael,124544,339
Michael,149367,497
Michael,122461,381
Michael,190528,11
Michael,189457,222
Michael,145261,313
Michael,142513,651
Michael,196336,360
Michael,157027,624
Michael,183299,818
Michael,162828,542
Michael,182846,338
Michael,199224,932
Michael,186067,420
Michael,191379,938
Michael,107240,582
Michael,129917,271
Michael,161076,418
Michael,163355,622
Michael,182180,518
Michael,116388,267
Michael,185703,798
Michael,168276,68
Michael,132682,924
Michael,174910,724
Michael,152096,505
Michael,137217,261
Michael,132265,647
Michael,192131,798
Michael,102596,740
Michael,156846,559
Michael,104043,252
Michael,113999,616
Michael,111177,310
Michael,170747,67
Michael,177018,505
Michael,191546,301
Michael,156327,292
Michael,117489,663
Michael,167830,68
Michael,120640,345
Michael,190358,27
Michael,158332,316
Michael,181699,864
Michael,102793,40
Michael,121857,486
Michael,111399,143
Michael,179565,262
Michael,120619,154
Michael,114942,461
Michael,192824,341
Michael,190823,342
Michael,120117,209
Michael,150757,573
Michael,146242,711
Michael,102887,221
Michael,141699,659
Michael,172748,110
Michael,180798,248
Michael,194652,237
Michael,175911,494
Michael,141583,568
Michael,173685,87
Michael,105661,649
Michael,148791,136
Michael,174008,853
Michael,121751,450
Michael,110522,283
Michael,166464,678
Michael,138290,691
Michael,112438,558
Michael,136887,125
Michael,116101,702
Michael,182252,468
Michael,172412,602
Michael,164643,509
Michael,179242,762
Michael,172760,864
Michael,164348,315
Michael,174540,880
Michael,139111,958
Michael,166808,478
Michael,111197,151
Michael,196088,415
Michael,164568,82
Michael,112342,911
Michael,196945,343
Michael,107072,955
Michael,155988,687
Michael,187086,100
Michael,126664,183
Michael,181422,909
Michael,190148,109
Michael,113716,768
Michael,172417,396
Michael,196714,887
Michael,134656,251
Michael,110083,246
Michael,190935,275
Michael,115039,399
Michael,195768,705
Michael,104748,569
Michael,107757,398
Michael,160310,275
Michael,143321,203
Michael,124187,908
Michael,139523,899
Michael,131489,581
Michael,158499,500
Michael,150375,35
Michael,107676,703
Michael,138771,171
Michael,148946,903
Michael,131870,128
Michael,130808,846
Michael,170699,272
Michael,166734,924
Michael,176067,794
Michael,170698,360
Michael,104779,3
Michael,179726,652
Michael,116207,586
Michael,142121,960
Michael,132688,18
Michael,130946,170
Michael,148235,221
Michael,153264,128
Michael,155105,834
Michael,186676,107
Michael,179309,134
Michael,177614,500
Michael,130252,246
Michael,128553,625
Michael,145357,263
Michael,104333,393
Michael,127829,557
Michael,132074,430
Michael,197238,151
Michael,159535,543
Michael,134406,152
Michael,128574,184
Michael,149770,563
Michael,103850,561
Michael,152089,910
Michael,168647,313
Michael,155800,321
Michael,138451,124
Michael,194205,853
Michael,180789,468
Michael,157126,16
Michael,123315,745
Michael,186789,527
Michael,119808,879
Michael,144880,167
Michael,163164,289
Michael,165535,673
Michael,159112,104
Michael,144717,697
Michael,137995,22
Michael,107601,576
Michael,116393,50
Michael,151102,54
Michael,173923,685
Michael,174581,90
Michael,164010,256
Michael,155872,15
Michael,194329,988
Michael,169812,709
Michael,122243,569
Michael,132250,492
Michael,105050,519
Michael,158386,808
Michael,118545,31
Michael,140308,867
Michael,113422,918
Michael,103718,334
Michael,143693,331
Michael,152485,15
Michael,189149,434
Michael,101369,714
Michael,151429,190
Michael,170689,688
Michael,164053,343
Michael,137656,842
Michael,189642,266
Michael,199972,364
Michael,129410,119
Michael,195126,129
Michael,187269,893
Michael,160917,388
Michael,197113,888
Michael,154662,999
Michael,125166,799
Michael,181740,609
Michael,190615,57
Michael,130559,520
Michael,126206,373
Michael,183785,668
Michael,154618,536
Michael,151171,335
Michael,107238,943
Michael,174043,335
Michael,184347,364
Michael,139746,430
Michael,139649,75
Michael,150794,634
Michael,122619,727
Michael,169460,818
Michael,184864,339
Michael,140067,585
Michael,100570,522
Michael,172516,573
Michael,173130,361
Michael,106325,759
Michael,111364,459
Michael,127486,497
Michael,189629,826
Michael,131788,850
Michael,175975,316
Michael,144727,29
Michael,116172,142
Michael,157908,252
Michael,103348,268
Michael,173015,398
Michael,121242,504
Michael,126055,208
Michael,133920,613
Michael,163831,659
Michael,140516,990
Michael,167284,810
Michael,182627,577
Michael,156541,600
Michael,167672,432
Michael,132261,164
Michael,147223,447
Michael,102412,541
Michael,172039,399
Michael,122946,78
Michael,135530,445
Michael,129435,578
Michael,106728,143
Michael,146662,962
Michael,181632,320
Michael,174313,641
Michael,161551,179
Michael,167597,6
Michael,103492,310
Michael,119508,57
Michael,102774,441
Michael,193782,911
Michael,122902,392
Michael,149587,813
Michael,128909,265
Michael,192377,952
Michael,138687,346
Michael,119165,846
Michael,180705,271
Michael,153609,944
Michael,156787,778
Michael,157192,169
Michael,138158,880
Michael,172285,547
Michael,199140,658
Michael,142577,966
Michael,115126,555
Michael,129562,538
Michael,146204,719
Michael,123931,522
Michael,160387,917
Michael,119529,266
Michael,199722,646
Michael,179440,796
Michael,146922,182
Michael,150294,667
Michael,117046,775
Michael,168620,323
Michael,138411,3
Michael,170582,0
Michael,134539,594
Michael,156497,131
Michael,156436,100
Michael,107277,250
Michael,197788,14
Michael,117536,317
Michael,113133,35
Michael,125470,886
Michael,140245,490
Michael,193791,753
Michael,108661,869
Michael,117486,438
Michael,115178,703
Michael,162277,330
Michael,157544,587
Michael,133348,69
Michael,100354,829
Michael,195201,430
Michael,148920,257
Michael,137272,951
Michael,176040,298
Michael,140400,365
Michael,165860,442
Michael,120883,431
Michael,125298,184
Michael,102863,411
Michael,127674,832
Michael,137057,599
Michael,184582,860
Michael,129766,297
Michael,122584,381
Michael,116318,89
Michael,132506,283
Michael,194981,752
Michael,196572,561
Michael,164870,243
Michael,146674,566
Michael,130798,206
Michael,195871,522
Michael,156108,712
Michael,178739,874
Michael,145565,957
Michael,128949,188
Michael,166750,167
Michael,161671,304
Michael,107121,986
Michael,181183,574
Michael,156124,23
Michael,138443,994
Michael,110265,79
Michael,160624,100
Michael,147421,381
Michael,107584,38
Michael,170605,404
Michael,132102,734
Michael,136213,908
Michael,160699,673
Michael,183742,51
Michael,129356,749
Michael,195766,358
Michael,135879,415
Michael,182932,442
Michael,117441,323
Michael,106405,851
Michael,172544,115
Michael,105303,817
Michael,172846,522
Michael,185272,394
Michael,155974,229
Michael,109384,916
Michael,133720,524
Michael,169561,639
Michael,130853,853
Michael,181576,42
Michael,152619,644
Michael,131239,300
Michael,118524,749
Michael,108459,559
Michael,163753,335
Michael,155016,497
Michael,101348,155
Michael,195305,733
Michael,130521,617
Michael,147619,874
Michael,133196,704
Michael,102227,336
Michael,159781,545
Michael,195539,36
Michael,153613,598
Michael,197456,251
Michael,190380,904
Michael,130229,290
Michael,157464,837
Michael,140178,428
Michael,195027,461
Michael,131548,875
Michael,170235,792
Michael,193861,554
Michael,112849,106
Michael,198246,242
Michael,179784,974
Michael,164887,658
Michael,160440,256
Michael,147426,62
Michael,139343,974
Michael,108095,872
Michael,133378,233
Michael,145094,771
Michael,132787,196
Michael,140276,116
Michael,196599,553
Michael,141508,657
Michael,122675,478
Michael,173975,903
Michael,100395,750
Michael,110805,451
Michael,194781,983
Michael,104840,812
Michael,169218,850
Michael,156395,89
Michael,144140,273
Michael,134110,588
Michael,199755,49
Michael,147936,683
Michael,151761,831
Michael,154416,108
Michael,128461,487
Michael,144366,80
Michael,104001,537
Michael,110951,766
Michael,148835,70
Michael,174070,618
Michael,172982,734
Michael,160291,168
Michael,134279,973
Michael,166025,371
Michael,159237,810
Michael,156406,947
Michael,155696,375
Michael,113351,399
Michael,172908,197
Michael,178589,942
Michael,106733,136
Michael,169229,43
Michael,164653,34
Michael,163503,794
Michael,106559,107
Michael,146735,650
Michael,196790,18
Michael,185382,579
Michael,194991,738
Michael,183667,386
Michael,169675,644
Michael,137601,747
Michael,116222,356
Michael,100634,574
Michael,102248,440
Michael,177594,644
Michael,110530,906
Michael,191161,254
Michael,143844,974
Michael,184301,637
Michael,111515,295
Michael,149048,239
Michael,109168,301
Michael,146889,679
Michael,122519,621
Michael,155890,310
Michael,196100,832
Michael,139507,330
Michael,186662,453
Michael,180641,917
Michael,179473,229
Michael,196045,661
Michael,159817,880
Michael,171269,841
Michael,135734,200
Michael,130516,416
Michael,125997,68
Michael,182579,648
Michael,114189,518
Michael,194225,396
Michael,194783,271
Michael,157770,928
Michael,130772,844
Michael,138479,288
Michael,133117,666
Michael,157945,99
Michael,182396,445
Michael,178872,607
Michael,117768,911
Michael,182441,515
Michael,163007,457
Michael,162732,724
Michael,195726,569
Michael,149535,482
Michael,132341,978
Michael,160626,845
Michael,133147,386
Michael,130939,583
Michael,117331,281
Michael,144104,556
Michael,161804,283
Michael,141057,593
Michael,105961,643
Michael,192468,965
Michael,106191,135
Michael,117922,470
Michael,108614,700
Michael,145951,680
Michael,155196,957
Michael,195864,73
Michael,113669,321
Michael,121423,929
Michael,153684,977
Michael,199432,577
Michael,150752,256
Michael,102476,827
Michael,175785,936
Michael,185968,193
Michael,115807,809
Michael,167402,181
Michael,118885,629
Michael,116226,235
Michael,157597,699
Michael,182499,269
Michael,121676,814
Michael,146265,289
Michael,153773,738
Michael,164689,453
Michael,127052,147
Michael,169210,405
Michael,170088,610
Michael,180259,486
Michael,153287,380
Michael,118870,762
Michael,193868,845
Michael,120375,506
Michael,159319,408
Michael,193465,438
Michael,185111,799
Michael,198024,349
Michael,136913,387
Michael,130821,579
Michael,196174,208
Michael,180934,674
Michael,133641,415
Michael,170633,83
Michael,159469,228
Michael,117335,218
Michael,164269,576
Michael,124133,408
Michael,106599,140
Michael,138874,31
Michael,169083,81
Michael,186413,432
Michael,151255,507
Michael,142560,860
Michael,130460,861
Michael,120033,529
Michael,111093,13
Michael,138057,5
Michael,153873,482
Michael,139569,784
Michael,191088,29
Michael,195745,49
Michael,125931,30
Michael,122325,294
Michael,134265,50
Michael,196600,115
Michael,126807,174
Michael,101784,786
Michael,109772,517
Michael,125109,248
Michael,112744,325
Michael,126418,181
Michael,173233,832
Michael,174755,97
Michael,148510,338
Michael,117975,633
Michael,139033,208
Michael,166364,989
Michael,143806,930
Michael,104896,957
Michael,124878,76
Michael,145237,611
Michael,125090,620
Michael,149008,231
Michael,146145,90
Michael,177926,880
Michael,159308,199
Michael,144164,786
Michael,102527,322
Michael,162924,824
Michael,118650,796
Michael,182772,541
Michael,118469,608
Michael,100323,914
Michael,143966,621
Michael,163950,280
Michael,142166,496
Michael,145388,353
Michael,107057,780
Michael,103727,465
Michael,193819,631
Michael,141049,35
Michael,152310,409
Michael,134120,601
Michael,113812,312
Michael,116306,610
Michael,156813,754
Michael,161691,965
Michael,144797,551
Michael,104056,420
Michael,183197,775
Michael,114515,60
Michael,149489,787
Michael,139652,706
Michael,103325,252
Michael,197596,621
Michael,191936,540
Michael,182835,682
Michael,192595,480
Michael,143942,204
Michael,118388,90
Michael,164704,31
Michael,185536,62
Michael,127704,305
Michael,148761,247
Michael,186587,411
Michael,188806,452
Michael,154449,560
Michael,113798,348
Michael,101305,606
Michael,131922,701
Michael,158373,949
Michael,143291,533
Michael,101572,123
Michael,195565,122
Michael,177963,475
Michael,186080,853
Michael,139437,43
Michael,170013,334
Michael,191018,806
Michael,163689,84
Michael,186597,597
Michael,191737,243
Michael,122971,645
Michael,124961,462
Michael,169799,442
Michael,170923,767
Michael,189135,63
Michael,112944,220
Michael,196222,65
Michael,102028,318
Michael,159650,12
Michael,123206,1
Michael,163392,174
Michael,155698,396
Michael,155093,124
Michael,172350,568
Michael,149841,420
Michael,153634,245
Michael,102591,99
Michael,185773,263
Michael,179080,25
Michael,173958,449
Michael,144380,252
Michael,196495,145
Michael,198613,854
Michael,114558,188
Michael,136269,678
Michael,192200,958
Michael,192198,1
Michael,111353,70
Michael,163587,518
Michael,134374,753
Michael,195094,992
Michael,140689,633
Michael,121494,86
Michael,193736,498
Michael,139387,888
Michael,180260,514
Michael,132617,758
Michael,119429,593
Michael,129755,195
Michael,197114,284
Michael,168458,611
Michael,139542,407
Michael,102894,941
Michael,172244,178
Michael,164366,971
Michael,180918,472
Michael,135052,362
Michael,186779,852
Michael,105073,569
Michael,156074,757
Michael,164384,52
Michael,127801,875
Michael,139785,496
Michael,176204,106
Michael,173826,50
Michael,184586,402
Michael,132658,555
Michael,118263,993
Michael,101672,45
Michael,171602,804
Michael,171584,848
Michael,176467,163
Michael,178638,297
Michael,155112,447
Michael,111946,658
Michael,114361,639
Michael,147976,374
Michael,165193,470
Michael,171193,77
Michael,167759,408
Michael,111370,843
Michael,132606,443
Michael,145206,596
Michael,168230,674
Michael,146484,421
Michael,117485,206
Michael,182190,361
Michael,132058,508
Michael,195634,760
Michael,151894,746
Michael,166644,386
Michael,110673,640
Michael,123861,75
Michael,190956,299
Michael,180995,537
Michael,119683,814
Michael,122940,591
Michael,151002,456
Michael,127032,33
Michael,133768,606
Michael,122496,706
Michael,157447,276
Michael,174719,367
Michael,113613,700
Michael,182426,427
Michael,148724,287
Michael,136164,120
Michael,127753,827
Michael,101070,120
Michael,184959,193
Michael,188246,18
Michael,188923,272
Michael,165641,499
Michael,154644,689
Michael,124596,359
Michael,171587,878
Michael,147540,715
Michael,128484,440
Michael,166283,692
Michael,176759,545
Michael,197395,579
Michael,103435,231
Michael,100520,34
Michael,163661,395
Michael,105892,545
Michael,138312,977
Michael,140338,836
Michael,136737,766
Michael,123783,399
Michael,150096,96
Michael,129483,264
Michael,184113,858
Michael,112879,787
Michael,134402,814
Michael,162139,420
Michael,109872,224
Michael,170253,605
Michael,111730,930
Michael,116384,740
Michael,113089,288
Michael,112287,414
Michael,125267,223
Michael,165965,807
Michael,172620,520
Michael,117173,205
Michael,108875,65
Michael,183664,277
Michael,123082,570
Michael,161972,897
Michael,172943,743
Michael,187187,485
Michael,193205,925
Michael,105637,297
Michael,155556,146
Michael,186546,747
Michael,181912,609
Michael,112165,205
Michael,162180,916
Michael,152977,382
Michael,142529,228
Michael,194799,875
Michael,169389,373
Michael,147598,635
Michael,149931,692
Michael,146810,662
Michael,185738,387
Michael,120567,646
Michael,168500,783
Michael,190845,578
Michael,110975,358
Michael,197793,222
Michael,138300,890
Michael,136758,661
Michael,108999,336
Michael,143820,888
Michael,172985,663
Michael,110433,803
Michael,145634,965
Michael,173281,539
Michael,145924,575
Michael,127326,822
Michael,152803,156
Michael,196116,88
Michael,107005,24
Michael,126118,712
Michael,114628,938
Michael,110253,887
Michael,152375,9
Michael,160790,339
Michael,191388,356
Michael,144442,48
Michael,177887,652
Michael,158375,506
Michael,152198,328
Michael,121305,294
Michael,139846,386
Michael,167446,905
Michael,191065,323
Michael,138947,516
Michael,196358,268
Michael,176139,543
Michael,147725,120
Michael,130160,609
Michael,177278,513
Michael,190864,656
Michael,147160,617
Michael,168846,870
Michael,143244,738
Michael,125173,580
Michael,198221,743
Michael,103739,601
Michael,115575,312
Michael,166224,112
Michael,167849,930
Michael,168855,476
Michael,117635,205
Michael,110066,255
Michael,145212,124
Michael,107155,556
Michael,186025,305
Michael,185427,416
Michael,159380,957
Michael,101374,701
Michael,170803,926
Michael,117815,574
Michael,111843,960
Michael,100388,726
Michael,104752,50
Michael,199860,382
Michael,146835,875
Michael,111158,133
Michael,114813,106
Michael,112934,526
Michael,166804,795
Michael,160975,864
Michael,189465,764
Michael,103784,536
Michael,137793,269
Michael,162462,982
Michael,108218,608
Michael,134263,722
Michael,146751,438
Michael,188217,11
Michael,196138,647
Michael,153659,105
Michael,199378,574
Michael,189415,37
Michael,137034,166
Michael,158650,605
Michael,186107,364
Michael,158080,924
Michael,146868,56
Michael,176844,244
Michael,176874,536
Michael,172073,536
Michael,107166,258
Michael,105481,395
Michael,166210,237
Michael,171482,644
Michael,100569,444
Michael,115172,618
Michael,177015,799
Michael,156452,392
Michael,172728,766
Michael,149289,629
Michael,127500,26
Michael,186881,16
Michael,135271,324
Michael,159075,417
Michael,134876,385
Michael,190774,871
Michael,111295,412
Michael,130792,383
Michael,116849,566
Michael,187332,493
Michael,146280,654
Michael,188950,437
Michael,185206,232
Michael,129415,601
Michael,152428,649
Michael,128709,128
Michael,177670,755
Michael,102817,573
Michael,169085,680
Michael,146288,380
Michael,196775,242
Michael,178883,452
Michael,171136,8
Michael,128830,551
Michael,131452,271
Michael,142518,125
Michael,159895,390
Michael,140826,369
Michael,159945,90
Michael,191859,248
Michael,115822,985
Michael,153555,710
Michael,177241,224
Michael,197376,877
Michael,147296,762
Michael,115398,930
Michael,112203,737
Michael,188726,348
Michael,163885,709
Michael,161465,17
Michael,115902,378
Michael,124017,556
Michael,174744,333
Michael,164006,11
Michael,161068,881
Michael,194310,761
Michael,110634,754
Michael,197330,735
Merrill,176287,389
Merrill,133474,537
Merrill,172197,472
Merrill,128363,633
Merrill,175411,190
Merrill,186992,317
Merrill,119087,40
Merrill,119688,271
Merrill,150095,3
Merrill,115427,413
Merrill,129709,842
Merrill,108908,644
Merrill,161393,915
Merrill,114259,695
Merrill,125416,730
Merrill,115753,911
Merrill,190021,529
Merrill,196813,58
Merrill,113508,508
Merrill,105690,124
Merrill,186948,407
Merrill,149809,631
Merrill,158297,323
Merrill,179471,869
Merrill,134185,913
Merrill,143415,534
Merrill,173521,385
Merrill,195136,206
Merrill,177105,336
Merrill,172983,477
Merrill,107244,292
Merrill,103331,213
Merrill,163547,806
Merrill,194592,28
Merrill,190239,281
Merrill,128802,433
Merrill,153359,995
Merrill,192897,313
Merrill,117717,933
Merrill,148155,986
Merrill,194043,953
Merrill,186204,631
Merrill,150573,124
Merrill,193270,837
Merrill,100933,278
Merrill,182933,805
Merrill,179966,173
Merrill,107623,69
Merrill,193802,720
Merrill,113460,831
Merrill,137270,890
Merrill,193253,841
Merrill,134936,66
Merrill,163433,857
Merrill,159898,525
Merrill,120769,897
Merrill,117278,115
Merrill,122820,741
Merrill,147732,679
Merrill,117657,502
Merrill,122775,27
Merrill,188690,215
Merrill,190185,233
Merrill,118000,522
Merrill,117235,465
Merrill,103293,248
Merrill,197760,586
Merrill,170426,410
Merrill,141722,784
Merrill,113139,823
Merrill,183806,953
Merrill,150582,952
Merrill,100216,945
Merrill,186002,354
Merrill,164275,244
Merrill,162620,627
Merrill,172741,236
Merrill,186293,804
Merrill,175682,410
Merrill,155492,882
Merrill,193464,60
Merrill,107361,120
Merrill,132296,907
Merrill,112701,397
Merrill,101004,57
Merrill,139285,760
Merrill,186152,335
Merrill,197158,673
Merrill,158299,947
Merrill,196393,399
Merrill,118074,368
Merrill,123510,327
Merrill,128081,919
Merrill,128006,31
Merrill,104740,841
Merrill,179065,685
Merrill,129400,417
Merrill,171642,810
Merrill,180202,885
Merrill,134313,528
Merrill,116884,940
Merrill,167062,863
Merrill,179701,836
Merrill,192802,515
Merrill,150382,404
Merrill,108398,420
Merrill,119504,258
Merrill,137929,736
Merrill,125070,352
Merrill,191948,931
Merrill,187844,105
Merrill,124908,692
Merrill,166057,406
Merrill,141065,164
Merrill,108207,45
Merrill,173347,990
Merrill,199054,113
Merrill,196972,460
Merrill,166858,711
Merrill,189609,510
Merrill,196156,519
Merrill,177933,52
Merrill,166123,809
Merrill,168941,37
Merrill,197108,629
Merrill,170491,179
Merrill,101526,940
Merrill,121674,493
Merrill,133814,277
Merrill,133330,278
Merrill,155157,337
Merrill,130652,278
Merrill,159017,692
Merrill,137994,102
Merrill,110995,609
Merrill,178331,324
Merrill,172311,712
Merrill,100631,462
Merrill,167486,753
Merrill,179241,726
Merrill,165594,636
Merrill,114792,587
Merrill,140878,869
Merrill,173942,425
Merrill,173753,939
Merrill,141101,903
Merrill,125321,484
Merrill,186485,836
Merrill,170351,719
Merrill,128259,533
Merrill,117694,769
Merrill,117347,874
Merrill,125769,748
Merrill,149379,843
Merrill,110231,204
Merrill,111762,375
Merrill,159409,755
Merrill,116383,901
Merrill,141818,573
Merrill,171916,330
Merrill,199935,779
Merrill,136853,544
Merrill,161796,696
Merrill,157602,622
Merrill,111998,660
Merrill,112268,201
Merrill,112960,537
Merrill,170737,223
Merrill,105950,944
Merrill,121280,960
Merrill,123302,161
Merrill,125240,865
Merrill,121611,28
Merrill,122219,34
Merrill,139951,293
Merrill,102508,574
Merrill,169078,759
Merrill,153534,741
Merrill,181207,347
Merrill,143368,265
Merrill,143785,983
Merrill,167418,517
Merrill,123361,2
Merrill,117279,597
Merrill,187849,373
Merrill,138764,302
Merrill,182750,815
Merrill,132454,572
Merrill,164407,711
Merrill,102163,199
Merrill,137101,997
Merrill,108823,191
Merrill,149700,165
Merrill,162798,103
Merrill,162447,470
Merrill,185439,761
Merrill,139691,186
Merrill,111401,140
Merrill,106548,733
Merrill,124469,94
Merrill,115349,972
Merrill,172675,529
Merrill,184735,69
Merrill,106815,788
Merrill,177151,119
Merrill,154900,840
Merrill,108587,355
Merrill,145386,745
Merrill,165109,68
Merrill,197590,632
Merrill,159159,4
Merrill,162092,911
Merrill,141125,704
Merrill,191344,949
Merrill,190555,495
Merrill,135332,510
Merrill,168516,244
Merrill,108723,877
Merrill,181748,814
Merrill,115119,180
Merrill,126735,179
Merrill,124293,30
Merrill,163285,358
Merrill,133210,23
Merrill,117610,298
Merrill,108556,154
Merrill,160780,760
Merrill,141639,116
Merrill,197489,309
Merrill,163728,565
Merrill,195161,132
Merrill,133709,39
Merrill,126070,367
Merrill,105494,997
Merrill,152179,580
Merrill,128910,354
Merrill,190190,250
Merrill,181721,641
Merrill,126031,977
Merrill,142022,228
Merrill,110387,388
Merrill,158967,81
Merrill,199205,860
Merrill,186228,561
Merrill,154475,121
Merrill,189820,32
Merrill,137705,717
Merrill,130087,473
Merrill,164545,357
Merrill,174486,16
Merrill,116059,512
Merrill,121903,591
Merrill,172232,603
Merrill,171611,630
Merrill,142218,719
Merrill,151117,851
Merrill,105581,325
Merrill,131762,48
Merrill,167839,448
Merrill,157809,6
Merrill,161859,494
Merrill,109785,270
Merrill,167337,239
Merrill,184265,181
Merrill,138320,370
Merrill,105180,974
Merrill,158017,266
Merrill,152696,496
Merrill,126245,719
Merrill,100396,49
Merrill,184422,125
Merrill,114286,773
Merrill,100463,120
Merrill,139913,978
Merrill,193183,377
Merrill,122210,895
Merrill,144850,621
Merrill,125431,716
Merrill,136274,429
Merrill,131212,209
Merrill,117425,635
Merrill,170829,260
Merrill,102509,994
Merrill,118726,982
Merrill,162006,175
Merrill,167699,862
Merrill,177287,401
Merrill,164464,951
Merrill,165508,533
Merrill,126977,178
Merrill,150851,574
Merrill,165210,73
Merrill,173435,686
Merrill,192257,333
Merrill,127066,154
Merrill,176595,4
Merrill,112256,563
Merrill,110817,341
Merrill,110077,134
Merrill,126717,219
Merrill,166156,832
Merrill,137794,673
Merrill,148977,304
Merrill,119029,588
Merrill,113787,658
Merrill,128340,489
Merrill,137235,681
Merrill,124105,498
Merrill,176173,786
Merrill,193838,566
Merrill,177715,446
Merrill,133030,2
Merrill,147853,589
Merrill,177238,91
Merrill,191082,697
Merrill,106184,267
Merrill,161831,552
Merrill,138086,411
Merrill,146644,653
Merrill,127683,900
Merrill,136469,206
Merrill,117533,958
Merrill,121288,725
Merrill,107468,95
Merrill,145416,61
Merrill,140051,696
Merrill,185275,621
Merrill,131662,627
Merrill,180783,290
Merrill,137158,407
Merrill,190987,243
Merrill,119310,897
Merrill,131195,403
Merrill,121685,938
Merrill,168479,276
Merrill,176585,536
Merrill,189109,786
Merrill,184258,982
Merrill,114402,748
Merrill,160680,797
Merrill,180134,142
Merrill,109312,270
Merrill,158472,975
Merrill,149158,835
Merrill,179989,842
Merrill,150597,68
Merrill,147348,564
Merrill,171049,483
Merrill,133218,402
Merrill,183989,560
Merrill,112559,424
Merrill,140529,77
Merrill,195193,515
Merrill,191313,450
Merrill,178885,28
Merrill,109092,688
Merrill,107085,360
Merrill,138622,845
Merrill,165089,457
Merrill,160066,921
Merrill,180622,227
Merrill,184014,513
Merrill,190619,572
Merrill,157415,316
Merrill,173298,874
Merrill,143406,327
Merrill,146834,784
Merrill,166964,666
Merrill,194346,30
Merrill,175067,660
Merrill,135020,285
Merrill,162593,151
Merrill,131382,640
Merrill,157877,619
Merrill,168818,307
Merrill,104446,911
Merrill,168708,869
Merrill,150637,396
Merrill,101243,931
Merrill,189539,404
Merrill,189752,91
Merrill,171494,367
Merrill,198545,30
Merrill,144491,45
Merrill,199310,331
Merrill,139991,622
Merrill,146681,353
Merrill,154247,151
Merrill,199396,171
Merrill,127902,959
Merrill,195487,843
Merrill,199051,799
Merrill,140331,969
Merrill,133271,280
Merrill,183425,910
Merrill,162336,604
Merrill,119412,733
Merrill,103630,30
Merrill,118026,744
Merrill,177177,682
Merrill,111719,296
Merrill,146737,120
Merrill,143336,993
Merrill,115646,714
Merrill,108729,151
Merrill,119348,637
Merrill,124860,690
Merrill,144955,526
Merrill,103619,876
Merrill,117463,208
Merrill,175881,603
Merrill,133107,244
Merrill,110151,618
Merrill,191758,577
Merrill,139351,421
Merrill,133377,138
Merrill,178682,17
Merrill,140650,986
Merrill,111137,550
Merrill,162694,89
Merrill,189156,976
Merrill,173604,236
Merrill,146949,134
Merrill,143978,362
Merrill,148018,779
Merrill,119963,940
Merrill,157742,971
Merrill,137966,89
Merrill,153848,851
Merrill,145383,387
Merrill,186834,117
Merrill,153294,601
Merrill,177613,803
Merrill,120402,325
Merrill,105845,837
Merrill,106435,559
Merrill,115582,944
Merrill,124683,751
Merrill,187060,92
Merrill,195526,368
Merrill,163679,257
Merrill,114177,743
Merrill,187821,689
Merrill,125344,169
Merrill,128100,888
Merrill,110370,894
Merrill,104762,797
Merrill,156630,262
Merrill,151669,676
Merrill,147843,381
Merrill,124335,497
Merrill,129188,508
Merrill,100742,710
Merrill,179353,345
Merrill,144658,552
Merrill,162095,941
Merrill,126387,736
Merrill,180505,56
Merrill,128219,157
Merrill,153790,68
Merrill,191534,912
Merrill,138288,930
Merrill,124422,208
Merrill,148873,194
Merrill,144571,364
Merrill,109461,376
Merrill,109008,816
Merrill,137172,261
Merrill,129366,17
Merrill,170018,798
Merrill,107794,221
Merrill,132717,232
Merrill,174592,188
Merrill,108030,664
Merrill,145320,744
Merrill,160140,669
Merrill,159392,135
Merrill,141946,17
Merrill,115624,860
Merrill,192478,905
Merrill,116235,862
Merrill,119372,134
Merrill,155246,754
Merrill,164502,343
Merrill,121136,600
Merrill,181260,76
Merrill,121511,47
Merrill,151878,641
Merrill,163947,657
Merrill,102027,461
Merrill,152267,720
Merrill,196608,443
Merrill,188842,866
Merrill,158380,917
Merrill,112228,249
Merrill,187798,517
Merrill,168679,619
Merrill,125061,913
Merrill,178912,246
Merrill,103069,859
Merrill,124502,151
Merrill,188153,840
Merrill,190551,84
Merrill,161557,27
Merrill,171426,198
Merrill,196392,89
Merrill,181924,668
Merrill,117139,331
Merrill,112788,224
Merrill,114382,853
Merrill,129212,479
Merrill,174057,969
Merrill,169077,858
Merrill,117722,225
Merrill,189616,259
Merrill,143184,428
Merrill,111400,298
Merrill,167859,130
Merrill,153395,765
Merrill,105099,846
Merrill,158662,35
Merrill,114670,291
Merrill,112289,79
Merrill,129276,569
Merrill,198721,202
Merrill,141892,534
Merrill,110008,331
Merrill,151636,588
Merrill,181716,861
Merrill,155042,88
Merrill,191792,201
Merrill,117660,442
Merrill,181935,202
Merrill,111698,960
Merrill,133499,129
Merrill,108153,852
Merrill,119084,781
Merrill,176124,623
Merrill,182390,929
Merrill,123015,807
Merrill,137323,991
Merrill,170338,352
Merrill,113375,526
Merrill,169226,367
Merrill,105671,798
Merrill,125221,826
Merrill,183577,642
Merrill,188147,698
Merrill,124776,161
Merrill,162454,895
Merrill,177021,835
Merrill,169508,495
Merrill,101015,471
Merrill,167355,344
Merrill,177657,421
Merrill,102943,880
Merrill,101561,536
Merrill,168361,972
Merrill,194145,603
Merrill,110460,598
Merrill,110759,930
Merrill,106255,403
Merrill,179214,382
Merrill,108568,873
Merrill,181848,456
Merrill,188413,15
Merrill,131091,933
Merrill,157049,932
Merrill,162018,992
Merrill,181562,335
Merrill,191218,295
Merrill,143452,177
Merrill,131539,127
Merrill,102816,48
Merrill,182713,608
Merrill,185679,774
Merrill,184367,335
Merrill,158689,2
Merrill,105320,888
Merrill,161594,783
Merrill,185414,813
Merrill,132204,686
Merrill,176217,836
Merrill,193298,599
Merrill,130681,620
Merrill,124905,400
Merrill,123704,123
Merrill,118720,475
Merrill,181761,543
Merrill,170849,496
Merrill,102962,882
Merrill,105713,748
Merrill,196016,557
Merrill,175750,930
Merrill,174878,888
Merrill,185433,958
Merrill,104154,189
Merrill,154100,736
Merrill,130247,839
Merrill,154082,97
Merrill,129001,848
Merrill,194936,902
Merrill,152509,721
Merrill,132987,293
Merrill,194103,312
Merrill,173420,345
Merrill,189035,606
Merrill,192936,659
Merrill,147628,872
Merrill,133307,903
Merrill,188184,173
Merrill,118928,847
Merrill,190097,793
Merrill,155548,448
Merrill,143469,265
Merrill,158712,318
Merrill,176883,638
Merrill,187935,14
Merrill,161360,946
Merrill,179656,475
Merrill,138608,494
Merrill,164258,378
Merrill,110933,865
Merrill,163974,25
Merrill,166755,264
Merrill,148790,518
Merrill,139862,425
Merrill,159774,501
Merrill,154047,704
Merrill,161555,847
Merrill,154396,87
Merrill,139915,54
Merrill,169423,256
Merrill,193936,64
Merrill,151963,962
Merrill,198529,684
Merrill,193359,582
Merrill,146825,776
Merrill,112297,463
Merrill,184590,447
Merrill,131038,97
Merrill,161602,470
Merrill,109309,444
Merrill,182112,161
Merrill,186342,672
Merrill,120685,85
Merrill,193609,466
Merrill,148753,677
Merrill,121407,501
Merrill,197233,437
Merrill,122355,388
Merrill,171912,339
Merrill,177908,149
Merrill,196173,845
Merrill,107407,526
Merrill,102141,677
Merrill,109266,311
Merrill,154241,936
Merrill,188493,196
Merrill,133896,638
Merrill,183385,399
Merrill,199787,869
Merrill,197689,935
Merrill,159922,93
Merrill,110773,738
Merrill,102650,17
Merrill,160754,607
Merrill,179368,947
Merrill,170117,248
Merrill,172532,239
Merrill,187521,180
Merrill,187224,70
Merrill,124380,834
Merrill,140550,708
Merrill,112877,647
Merrill,124718,409
Merrill,137149,681
Merrill,170348,760
Merrill,185002,289
Merrill,190872,503
Merrill,129178,855
Merrill,154127,842
Merrill,188785,541
Merrill,193869,738
Merrill,141673,943
Merrill,189999,666
Merrill,169530,380
Merrill,103841,636
Merrill,109137,271
Merrill,196482,171
Merrill,197854,162
Merrill,122314,334
Merrill,156598,304
Merrill,112705,883
Merrill,152077,761
Merrill,108724,930
Merrill,196963,275
Merrill,100690,970
Merrill,156557,898
Merrill,131307,252
Merrill,146729,758
Merrill,165689,728
Merrill,131003,293
Merrill,163884,599
Merrill,166799,827
Merrill,139753,363
Merrill,156648,56
Merrill,184172,733
Merrill,133434,521
Merrill,176315,78
Merrill,121146,609
Merrill,133547,546
Merrill,186368,231
Merrill,173815,881
Merrill,115228,481
Merrill,149622,785
Merrill,145123,299
Merrill,131952,481
Merrill,112462,307
Merrill,184040,856
Merrill,152240,538
Merrill,190995,128
Merrill,106340,400
Merrill,167376,189
Merrill,151848,538
Merrill,121445,408
Merrill,125593,526
Merrill,129157,699
Merrill,125085,150
Merrill,180817,913
Merrill,178916,411
Merrill,144176,686
Merrill,118668,549
Merrill,195920,633
Merrill,165331,98
Merrill,190853,227
Merrill,117011,957
Merrill,168622,895
Merrill,187404,325
Merrill,118630,23
Merrill,112441,964
Merrill,113469,96
Merrill,110321,590
Merrill,150583,154
Merrill,188542,550
Merrill,135834,318
Merrill,170707,661
Merrill,122471,966
Merrill,101108,627
Merrill,148480,698
Merrill,141846,81
Merrill,158357,760
Merrill,162619,11
Merrill,166265,681
Merrill,160331,485
Merrill,117960,557
Merrill,133357,96
Merrill,144106,431
Merrill,155565,435
Merrill,189845,525
Merrill,177014,784
Merrill,158620,122
Merrill,164821,6
Merrill,160732,690
Merrill,139338,848
Merrill,132349,774
Merrill,181693,803
Merrill,152249,414
Merrill,148613,39
Merrill,162809,904
Merrill,106426,440
Merrill,146589,197
Merrill,165945,385
Merrill,178271,797
Merrill,110572,606
Merrill,134392,830
Merrill,137249,474
Merrill,159933,206
Merrill,128386,559
Merrill,184579,580
Merrill,116688,192
Merrill,183563,626
Merrill,126255,717
Merrill,116537,926
Merrill,186659,480
Merrill,199966,551
Merrill,168459,330
Merrill,176518,635
Merrill,175521,630
Merrill,133467,695
Merrill,187858,846
Merrill,199781,643
Merrill,185369,184
Merrill,185628,64
Merrill,129653,767
Merrill,127222,960
Merrill,147536,416
Merrill,162984,979
Merrill,123239,386
Merrill,118621,245
Merrill,137795,161
Merrill,104769,282
Merrill,140927,681
Merrill,146397,551
Merrill,101880,136
Merrill,175155,173
Merrill,156285,305
Merrill,104822,289
Merrill,111851,198
Merrill,164323,301
Merrill,182998,583
Merrill,139996,135
Merrill,127805,762
Merrill,165112,46
Merrill,152860,547
Merrill,163287,982
Merrill,108107,834
Merrill,168373,45
Merrill,128556,221
Merrill,169849,265
Merrill,148699,851
Merrill,131221,627
Merrill,139904,203
Merrill,147005,230
Merrill,123195,807
Merrill,135182,40
Merrill,132580,342
Merrill,106221,958
Merrill,165745,323
Merrill,118491,312
Merrill,100958,919
Merrill,121050,321
Merrill,169976,34
Merrill,110495,985
Merrill,143727,241
Merrill,102716,599
Merrill,136256,916
Merrill,182268,155
Merrill,124234,231
Merrill,158625,428
Merrill,169501,714
Merrill,119448,835
Merrill,175455,896
Merrill,151990,545
Merrill,151628,722
Merrill,171062,14
Merrill,189064,638
Merrill,161221,41
Merrill,123223,705
Merrill,153977,361
Merrill,178862,312
Merrill,112735,579
Merrill,168821,392
Merrill,180734,433
Merrill,149393,821
Merrill,160230,87
Merrill,134692,951
Merrill,156071,912
Merrill,169930,696
Merrill,145646,133
Merrill,141762,649
Merrill,183031,152
Merrill,166663,57
Merrill,110246,291
Merrill,133952,128
Merrill,184412,785
Merrill,131277,546
Merrill,113305,277
Merrill,109360,716
Merrill,156613,231
Merrill,115139,267
Merrill,114903,994
Merrill,181058,92
Merrill,189185,557
Merrill,169671,370
Merrill,157787,303
Merrill,144757,990
Merrill,168942,235
Merrill,154611,442
Merrill,175674,544
Merrill,138027,854
Merrill,136017,317
Merrill,115543,167
Merrill,131495,137
Merrill,148451,76
Merrill,141801,517
Merrill,158372,700
Merrill,146292,350
Merrill,146312,89
Merrill,178955,338
Merrill,197632,35
Merrill,139629,918
Merrill,191710,749
Merrill,154932,601
Merrill,165662,5
Merrill,101914,330
Merrill,155247,109
Merrill,171311,19
Merrill,117968,823
Merrill,188059,808
Merrill,163912,132
Merrill,124209,909
Merrill,110046,878
Merrill,125421,166
Merrill,182389,728
Merrill,151858,346
Merrill,140012,692
Merrill,100378,841
Merrill,139379,447
Merrill,137038,449
Merrill,143745,759
Merrill,114333,138
Merrill,190913,170
Merrill,103411,239
Merrill,188547,730
Merrill,146655,525
Merrill,156354,949
Merrill,167147,401
Merrill,156392,643
Merrill,161785,477
Merrill,112404,892
Merrill,195434,626
Merrill,183968,485
Merrill,115503,261
Merrill,127224,765
Merrill,152383,166
Merrill,117685,140
Merrill,155707,280
Merrill,167526,943
Merrill,157678,125
Merrill,118144,652
Merrill,173909,314
Merrill,134445,750
Merrill,149278,721
Merrill,160568,712
Merrill,100503,316
Merrill,166845,769
Merrill,136502,557
Merrill,134078,468
Merrill,105942,587
Merrill,189002,738
Merrill,134588,428
Merrill,177154,582
Merrill,148896,476
Merrill,168059,423
Merrill,160055,647
Merrill,110945,724
Merrill,124682,924
Merrill,128095,605
Merrill,187988,666
Merrill,182004,574
Merrill,155447,67
Merrill,119473,905
Merrill,132418,940
Merrill,107878,461
Merrill,105901,669
Merrill,162522,240
Merrill,198720,196
Merrill,102851,402
Merrill,100845,875
Merrill,115200,236
Merrill,188994,792
Merrill,123716,244
Merrill,106528,11
Merrill,115778,291
Merrill,152188,211
Merrill,169111,589
Merrill,106633,43
Merrill,178468,607
Merrill,100367,42
Merrill,112400,198
Merrill,121273,846
Merrill,144829,61
Merrill,182329,915
Merrill,156355,54
Merrill,189012,417
Merrill,118717,314
Merrill,182363,845
Merrill,170933,637
Merrill,155266,791
Merrill,133158,262
Merrill,148981,445
Merrill,177130,895
Merrill,163483,443
Merrill,197568,450
Merrill,157752,56
Merrill,177275,775
Merrill,159032,110
Merrill,138858,9
Merrill,103168,568
Merrill,186130,930
Merrill,145318,839
Merrill,155346,815
Merrill,163766,242
Merrill,174257,99
Merrill,171082,742
Merrill,106838,654
Merrill,169643,464
Merrill,159939,98
Merrill,170615,117
Merrill,123750,47
Merrill,144060,375
Merrill,125616,388
Merrill,160723,358
Merrill,161983,587
Merrill,181736,401
Merrill,138589,734
Merrill,145467,180
Merrill,141564,41
Merrill,196506,291
Merrill,145598,15
Merrill,105826,42
Melanie,127586,375
Melanie,145926,707
Melanie,187904,890
Melanie,144114,542
Melanie,138449,597
Melanie,124763,130
Melanie,126624,551
Melanie,119656,650
Melanie,179776,61
Melanie,100027,539
Melanie,125659,145
Melanie,114466,319
Melanie,125565,233
Melanie,186527,370
Melanie,126307,471
Melanie,103610,544
Melanie,167683,962
Melanie,131337,19
Melanie,110604,526
Melanie,108402,563
Melanie,113713,892
Melanie,193955,784
Melanie,186438,420
Melanie,101864,340
Melanie,155172,469
Melanie,159157,525
Melanie,163771,693
Melanie,197018,667
Melanie,191345,222
Melanie,171300,354
Melanie,166227,107
Melanie,107814,183
Melanie,110549,464
Melanie,158710,677
Melanie,192740,816
Melanie,109135,984
Melanie,178006,261
Melanie,117771,946
Melanie,102497,496
Melanie,174939,255
Melanie,162148,409
Melanie,192393,497
Melanie,130777,909
Melanie,110547,818
Melanie,188769,344
Melanie,111016,611
Melanie,160248,832
Melanie,134762,890
Melanie,144533,508
Melanie,181254,939
Melanie,120280,880
Melanie,182895,751
Melanie,149284,945
Melanie,180271,122
Melanie,163567,410
Melanie,112084,138
Melanie,158294,57
Melanie,178929,684
Melanie,175715,553
Melanie,123023,261
Melanie,196820,315
Melanie,154354,120
Melanie,167501,371
Melanie,145403,512
Melanie,168125,962
Melanie,168264,783
Melanie,164960,594
Melanie,198413,697
Melanie,129955,924
Melanie,116548,628
Melanie,160383,262
Melanie,175429,308
Melanie,150761,395
Melanie,118030,903
Melanie,168068,400
Melanie,117590,318
Melanie,159769,360
Melanie,168085,336
Melanie,113754,486
Melanie,165583,683
Melanie,120322,983
Melanie,126568,901
Melanie,124641,540
Melanie,141500,769
Melanie,190255,409
Melanie,107004,591
Melanie,117367,811
Melanie,181513,900
Melanie,127653,757
Melanie,126670,958
Melanie,188501,889
Melanie,176881,334
Melanie,161292,859
Melanie,127754,80
Melanie,166363,754
Melanie,182676,188
Melanie,129702,925
Melanie,163351,994
Melanie,176632,821
Melanie,161464,214
Melanie,166110,154
Melanie,150510,540
Melanie,145658,238
Melanie,174475,427
Melanie,120196,109
Melanie,131537,684
Melanie,118958,971
Melanie,166056,276
Melanie,183520,459
Melanie,168372,845
Melanie,188293,97
Melanie,129608,886
Melanie,183916,209
Melanie,196620,124
Melanie,115953,205
Melanie,150112,974
Melanie,142715,547
Melanie,160282,793
Melanie,113127,249
Melanie,124077,693
Melanie,116822,455
Melanie,170012,294
Melanie,159701,152
Melanie,139280,951
Melanie,145047,906
Melanie,193448,324
Melanie,139984,466
Melanie,183154,631
Melanie,175650,375
Melanie,187637,109
Melanie,114015,870
Melanie,167076,936
Melanie,107993,285
Melanie,108485,160
Melanie,137289,804
Melanie,173627,648
Melanie,154674,887
Melanie,117229,298
Melanie,193238,259
Melanie,168037,417
Melanie,145871,251
Melanie,153885,713
Melanie,127737,326
Melanie,137969,856
Melanie,129312,118
Melanie,122067,852
Melanie,119996,528
Melanie,130269,434
Melanie,157914,403
Melanie,134324,690
Melanie,166934,578
Melanie,148456,488
Melanie,190186,200
Melanie,123396,826
Melanie,131129,47
Melanie,152264,468
Melanie,105251,144
Melanie,175297,164
Melanie,109299,332
Melanie,143522,247
Melanie,134666,292
Melanie,145184,698
Melanie,157007,591
Melanie,132446,369
Melanie,159284,426
Melanie,130771,212
Melanie,175386,811
Melanie,199995,259
Melanie,150768,565
Melanie,189198,330
Melanie,168729,991
Melanie,176846,596
Melanie,168611,197
Melanie,143138,207
Melanie,108805,150
Melanie,137829,433
Melanie,174966,227
Melanie,152407,446
Melanie,142253,579
Melanie,132563,223
Melanie,131306,983
Melanie,126889,25
Melanie,109763,750
Melanie,181193,805
Melanie,152479,880
Melanie,132317,430
Melanie,158514,439
Melanie,154923,715
Melanie,190231,858
Melanie,159293,804
Melanie,183601,250
Melanie,165877,55
Melanie,135704,670
Melanie,168086,508
Melanie,163957,931
Melanie,153166,915
Melanie,141081,285
Melanie,129914,487
Melanie,106356,321
Melanie,108541,18
Melanie,146757,338
Melanie,137261,638
Melanie,182862,158
Melanie,187668,549
Melanie,144186,692
Melanie,121457,151
Melanie,198452,418
Melanie,175921,726
Melanie,177371,284
Melanie,177194,920
Melanie,133550,998
Melanie,179393,895
Melanie,125185,425
Melanie,117600,340
Melanie,120446,759
Melanie,195765,251
Melanie,167667,657
Melanie,170617,312
Melanie,154725,926
Melanie,161565,937
Melanie,175110,212
Melanie,144327,778
Melanie,191960,965
Melanie,185457,427
Melanie,119572,603
Melanie,116111,610
Melanie,166167,768
Melanie,142876,553
Melanie,198731,693
Melanie,146433,974
Melanie,119125,305
Melanie,182999,496
Melanie,108491,571
Melanie,124911,327
Melanie,191906,100
Melanie,121519,58
Melanie,134350,504
Melanie,106417,8
Melanie,125854,738
Melanie,168352,504
Melanie,184420,940
Melanie,187589,861
Melanie,199746,513
Melanie,101822,190
Melanie,147821,73
Melanie,109701,693
Melanie,179110,83
Melanie,109633,679
Melanie,153742,783
Melanie,142344,427
Melanie,195528,530
Melanie,167609,789
Melanie,108081,35
Melanie,148940,217
Melanie,192980,569
Melanie,155511,604
Melanie,195647,26
Melanie,116679,273
Melanie,102828,795
Melanie,164188,338
Melanie,120522,840
Melanie,168699,36
Melanie,137267,200
Melanie,110842,14
Melanie,158881,78
Melanie,159972,350
Melanie,137181,985
Melanie,106335,916
Melanie,193946,208
Melanie,141184,555
Melanie,176888,812
Melanie,117286,17
Melanie,161396,479
Melanie,113399,939
Melanie,132273,791
Melanie,182993,458
Melanie,133393,340
Melanie,153660,328
Melanie,164878,714
Melanie,130617,294
Melanie,158908,325
Melanie,106676,685
Melanie,194035,980
Melanie,152204,734
Melanie,146747,771
Melanie,153768,576
Melanie,126628,728
Melanie,135045,666
Melanie,156167,25
Melanie,188365,304
Melanie,131677,214
Melanie,197884,424
Melanie,134848,344
Melanie,127592,818
Melanie,130025,50
Melanie,164369,407
Melanie,176282,317
Melanie,126608,116
Melanie,108956,740
Melanie,161422,725
Melanie,156279,276
Melanie,188138,943
Melanie,176148,193
Melanie,184239,736
Melanie,179114,235
Melanie,190891,730
Melanie,112359,19
Melanie,109411,904
Melanie,154648,2
Melanie,113820,17
Melanie,187717,829
Melanie,191592,484
Melanie,184999,187
Melanie,123064,200
Melanie,133131,112
Melanie,131361,634
Melanie,197025,460
Melanie,127081,591
Melanie,127344,861
Melanie,167937,100
Melanie,104135,820
Melanie,119555,365
Melanie,146188,845
Melanie,187095,866
Melanie,101211,868
Melanie,129325,666
Melanie,171804,806
Melanie,187152,902
Melanie,170668,111
Melanie,131496,86
Melanie,197694,851
Melanie,186999,359
Melanie,188014,181
Melanie,159242,434
Melanie,143492,65
Melanie,102965,579
Melanie,155894,294
Melanie,168730,451
Melanie,162044,747
Melanie,132052,846
Melanie,182934,669
Melanie,138045,268
Melanie,113198,708
Melanie,197916,341
Melanie,145329,589
Melanie,124732,979
Melanie,192622,202
Melanie,162072,966
Melanie,112450,58
Melanie,182168,144
Melanie,140620,851
Melanie,117797,98
Melanie,170901,889
Melanie,104731,885
Melanie,127090,85
Melanie,140638,885
Melanie,152596,218
Melanie,109114,624
Melanie,174960,689
Melanie,101475,727
Melanie,179261,167
Melanie,186509,900
Melanie,156209,394
Melanie,154874,621
Melanie,190052,506
Melanie,196076,401
Melanie,161002,453
Melanie,134425,552
Melanie,110595,23
Melanie,146393,84
Melanie,106436,326
Melanie,193196,126
Melanie,140160,808
Melanie,138967,316
Melanie,178440,774
Melanie,142326,83
Melanie,117257,84
Melanie,129257,761
Melanie,137711,660
Melanie,149109,206
Melanie,124672,661
Melanie,126419,711
Melanie,133668,635
Melanie,122104,136
Melanie,122665,315
Melanie,154075,624
Melanie,197024,714
Melanie,142970,685
Melanie,137449,738
Melanie,175849,671
Melanie,183329,207
Melanie,195888,791
Melanie,184175,525
Melanie,143586,855
Melanie,144986,524
Melanie,105801,337
Melanie,183744,479
Melanie,141203,854
Melanie,104722,835
Melanie,170477,717
Melanie,156318,69
Melanie,149800,944
Melanie,168963,841
Melanie,161822,238
Melanie,111854,784
Melanie,136594,998
Melanie,158108,545
Melanie,125744,494
Melanie,148623,24
Melanie,180106,99
Melanie,142232,362
Melanie,112347,818
Melanie,158952,642
Melanie,115644,994
Melanie,182755,64
Melanie,129668,500
Melanie,172212,805
Melanie,153134,375
Melanie,127904,809
Melanie,143075,233
Melanie,191193,60
Melanie,137816,97
Melanie,181070,472
Melanie,164725,793
Melanie,120988,169
Melanie,143331,7
Melanie,113086,863
Melanie,111229,126
Melanie,185210,320
Melanie,136811,840
Melanie,130280,163
Melanie,187862,493
Melanie,183673,239
Melanie,176670,720
Melanie,136744,827
Melanie,157489,905
Melanie,182492,664
Melanie,168617,367
Melanie,158154,129
Melanie,128194,7
Melanie,188954,218
Melanie,188793,179
Melanie,131518,661
Melanie,136509,655
Melanie,166608,504
Melanie,196235,742
Melanie,154699,454
Melanie,125405,823
Melanie,196241,41
Melanie,162078,565
Melanie,156679,909
Melanie,124550,364
Melanie,131234,824
Melanie,185620,775
Melanie,191498,905
Melanie,171281,231
Melanie,121347,947
Melanie,188253,603
Melanie,153489,765
Melanie,158236,974
Melanie,111896,456
Melanie,120710,766
Melanie,112124,411
Melanie,176205,29
Melanie,181921,653
Melanie,171701,222
Melanie,162295,224
Melanie,193056,833
Melanie,105299,100
Melanie,184022,341
Melanie,131419,955
Melanie,136746,511
Melanie,109604,962
Melanie,110742,742
Melanie,102217,711
Melanie,119455,858
Melanie,111549,659
Melanie,100034,522
Melanie,183848,445
Melanie,117708,85
Melanie,176872,206
Melanie,149132,456
Melanie,155527,750
Melanie,113880,159
Melanie,187739,499
Melanie,111920,536
Melanie,158170,741
Melanie,117534,186
Melanie,112651,738
Melanie,120869,528
Melanie,163370,444
Melanie,115256,940
Melanie,191107,873
Melanie,167651,663
Melanie,103935,813
Melanie,188924,515
Melanie,184775,564
Melanie,136566,653
Melanie,120421,831
Melanie,110470,346
Melanie,185317,407
Melanie,116262,63
Melanie,181231,301
Melanie,199384,983
Melanie,118499,206
Melanie,198365,159
Melanie,100486,152
Melanie,117186,331
Melanie,149682,768
Melanie,133246,999
Melanie,124746,903
Melanie,139806,297
Melanie,187630,928
Melanie,130151,135
Melanie,162380,39
Melanie,153457,317
Melanie,118763,53
Melanie,162155,569
Melanie,141446,325
Melanie,134221,210
Melanie,175054,306
Melanie,164779,191
Melanie,101620,786
Melanie,196609,721
Melanie,199305,972
Melanie,111460,517
Melanie,154892,503
Melanie,189718,354
Melanie,113634,156
Melanie,199629,585
Melanie,156299,487
Melanie,148295,970
Melanie,153311,570
Melanie,134318,25
Melanie,170701,485
Melanie,102120,191
Melanie,165943,891
Melanie,150818,555
Melanie,157038,18
Melanie,181159,358
Melanie,107073,295
Melanie,113280,723
Melanie,165113,894
Melanie,121186,280
Melanie,123038,565
Melanie,165963,789
Melanie,127541,839
Melanie,177264,270
Melanie,130607,666
Melanie,169507,439
Melanie,186048,700
Melanie,127531,625
Melanie,162820,813
Melanie,144124,851
Melanie,113110,820
Melanie,182820,711
Melanie,173499,22
Melanie,171470,974
Melanie,155891,698
Melanie,154686,769
Melanie,126516,153
Melanie,101459,184
Melanie,152361,710
Melanie,167824,28
Melanie,148749,936
Melanie,180486,186
Melanie,137843,545
Melanie,131284,234
Melanie,187534,690
Melanie,122673,599
Melanie,158341,848
Melanie,135160,825
Melanie,198740,782
Melanie,137006,982
Melanie,105100,281
Melanie,133312,291
Melanie,116928,701
Melanie,172895,242
Melanie,111351,82
Melanie,142365,107
Melanie,143718,588
Melanie,101026,679
Melanie,132290,988
Melanie,167210,444
Melanie,102765,705
Melanie,196597,669
Melanie,162369,8
Melanie,161810,64
Melanie,159725,339
Melanie,114984,33
Melanie,156231,689
Melanie,120600,882
Melanie,119333,103
Melanie,118903,637
Melanie,183403,383
Melanie,120661,30
Melanie,188491,333
Melanie,126094,612
Melanie,192405,987
Melanie,153352,8
Melanie,119231,677
Melanie,156706,412
Melanie,165236,466
Melanie,143645,837
Melanie,135620,274
Melanie,132604,363
Melanie,158661,695
Melanie,136785,344
Melanie,169515,698
Melanie,139627,396
Melanie,124633,61
Melanie,129912,480
Melanie,181191,432
Melanie,116640,742
Melanie,154949,733
Melanie,127736,11
Melanie,144074,686
Melanie,124857,885
Melanie,103616,65
Melanie,176447,366
Melanie,168512,138
Melanie,114229,568
Melanie,108076,230
Melanie,121695,636
Melanie,182269,35
Melanie,140091,925
Melanie,185138,526
Melanie,163794,530
Melanie,164166,944
Melanie,103216,905
Melanie,157830,566
Melanie,179653,285
Melanie,142341,710
Melanie,193538,520
Melanie,127953,309
Melanie,133310,772
Melanie,168122,196
Melanie,142933,619
Melanie,181488,753
Melanie,175242,133
Melanie,189085,560
Melanie,168671,681
Melanie,114880,116
Melanie,184651,320
Melanie,148475,119
Melanie,197751,926
Melanie,194608,301
Melanie,168398,508
Melanie,191926,501
Melanie,157017,589
Melanie,170544,60
Melanie,176858,13
Melanie,106523,689
Melanie,145456,210
Melanie,111464,876
Melanie,164839,107
Melanie,196196,711
Melanie,152286,70
Melanie,181246,511
Melanie,149319,564
Melanie,134820,135
Melanie,163701,94
Melanie,140502,506
Melanie,195554,764
Melanie,118851,813
Melanie,151270,161
Melanie,108023,61
Melanie,120799,658
Melanie,147998,898
Melanie,164923,894
Melanie,131832,262
Melanie,199435,91
Melanie,160801,682
Melanie,130741,120
Melanie,130253,892
Melanie,184901,736
Melanie,151790,781
Melanie,193133,976
Melanie,111442,663
Melanie,168356,939
Melanie,161126,206
Melanie,160689,587
Melanie,148165,746
Melanie,152161,625
Melanie,142981,629
Melanie,145618,650
Melanie,172666,233
Melanie,199464,255
Melanie,169972,687
Melanie,173591,959
Melanie,122878,896
Melanie,198212,766
Melanie,183115,441
Melanie,143556,412
Melanie,192482,196
Melanie,126731,262
Melanie,192751,166
Melanie,188982,756
Melanie,160367,321
Melanie,111061,234
Melanie,154986,298
Melanie,190263,761
Melanie,177832,613
Melanie,195455,290
Melanie,152617,184
Melanie,110491,903
Melanie,178369,164
Melanie,166246,163
Melanie,131454,4
Melanie,114538,73
Melanie,171167,371
Melanie,164497,914
Melanie,143829,852
Melanie,153149,959
Melanie,103330,524
Melanie,125527,40
Melanie,129552,28
Melanie,171382,832
Melanie,147885,690
Melanie,176469,381
Melanie,135838,58
Melanie,153731,265
Melanie,176752,709
Melanie,154142,33
Melanie,191361,234
Melanie,136939,165
Melanie,167456,25
Melanie,179812,807
Melanie,138093,754
Melanie,143249,410
Melanie,188751,809
Melanie,113924,113
Melanie,138252,109
Melanie,180566,922
Melanie,140723,124
Melanie,158261,948
Melanie,151294,311
Melanie,114486,8
Melanie,173783,319
Melanie,199920,214
Melanie,144973,651
Melanie,157652,564
Melanie,162130,506
Melanie,167543,384
Melanie,198498,879
Melanie,145299,981
Melanie,166789,133
Melanie,186774,385
Melanie,147212,887
Melanie,109761,885
Melanie,184203,997
Melanie,132732,473
Melanie,162765,236
Melanie,135718,835
Melanie,171868,609
Melanie,187728,266
Melanie,186129,135
Melanie,194921,14
Melanie,148139,810
Melanie,136062,752
Melanie,135363,170
Melanie,164252,716
Melanie,112040,600
Melanie,171625,440
Melanie,174712,60
Melanie,110938,675
Melanie,197471,259
Melanie,163687,411
Melanie,194360,587
Melanie,120003,959
Melanie,188694,711
Melanie,135703,653
Melanie,117572,38
Melanie,108451,677
Melanie,163949,878
Melanie,148869,805
Melanie,109818,774
Melanie,181247,293
Melanie,155445,318
Melanie,168857,888
Melanie,198057,231
Melanie,194571,726
Melanie,190094,831
Melanie,152561,193
Melanie,100432,128
Melanie,103962,555
Melanie,194144,457
Melanie,175629,315
Melanie,174002,263
Melanie,103766,938
Melanie,106071,617
Melanie,176193,867
Melanie,118961,304
Melanie,105338,870
Melanie,147097,512
Melanie,146548,466
Melanie,197068,3
Melanie,168971,559
Melanie,169633,734
Melanie,134719,940
Melanie,107910,652
Melanie,104621,270
Melanie,125578,3
Melanie,131763,590
Melanie,189750,94
Melanie,104474,709
Melanie,136210,223
Melanie,114327,636
Melanie,198056,484
Melanie,102408,363
Melanie,144944,418
Melanie,131231,819
Melanie,188425,861
Melanie,156050,685
Melanie,123156,480
Melanie,100106,853
Melanie,160353,944
Melanie,192500,535
Melanie,146146,195
Melanie,149890,923
Melanie,138401,134
Melanie,188363,660
Melanie,108084,231
Melanie,142993,983
Melanie,168011,983
Melanie,163565,464
Melanie,194685,386
Melanie,115800,450
Melanie,124129,841
Melanie,154780,128
Melanie,153148,909
Melanie,133817,331
Melanie,156923,669
Melanie,138232,981
Melanie,151791,873
Melanie,176749,206
Melanie,108732,626
Melanie,169579,702
Melanie,120302,821
Melanie,156800,275
Melanie,135958,437
Melanie,134742,710
Melanie,124036,711
Melanie,136408,840
Melanie,114164,492
Melanie,176802,562
Melanie,135208,709
Melanie,182075,980
Melanie,123850,735
Melanie,181059,909
Melanie,100535,675
Melanie,123846,349
Melanie,175837,220
Melanie,138886,490
Melanie,168755,638
Melanie,140061,665
Melanie,123499,276
Melanie,121374,285
Melanie,111838,891
Melanie,139721,590
Melanie,157163,984
Melanie,157178,192
Melanie,140953,950
Melanie,150264,56
Melanie,177284,76
Melanie,180340,300
Melanie,116762,660
Melanie,158825,213
Melanie,105112,41
Melanie,112215,327
Melanie,124382,292
Melanie,104568,361
Melanie,162789,396
Melanie,132084,933
Melanie,141287,167
Melanie,137439,116
Melanie,128085,87
Melanie,141300,908
Melanie,129511,131
Melanie,140570,833
Melanie,109451,781
Melanie,149977,612
Melanie,139383,449
Melanie,117300,802
Melanie,160250,159
Melanie,127878,865
Melanie,104075,862
Melanie,156187,26
Melanie,125933,76
Melanie,189138,275
Melanie,110367,711
Melanie,123197,755
Melanie,123435,869
Melanie,184338,925
Melanie,137987,268
Melanie,178461,37
Melanie,108548,834
Melanie,127215,357
Melanie,171530,12
Melanie,184835,708
Melanie,180596,156
Melanie,166655,321
Melanie,133651,942
Melanie,164255,773
Melanie,152692,812
Melanie,140213,722
Melanie,193356,817
Melanie,199498,321
Melanie,108519,207
Melanie,126795,300
Melanie,149062,576
Melanie,191211,553
Melanie,131638,276
Melanie,128292,226
Melanie,173217,989
Melanie,139396,751
Melanie,100518,52
Melanie,166851,885
Melanie,180661,48
Melanie,127532,869
Melanie,177906,951
Melanie,177946,643
Melanie,123696,42
Melanie,110858,222
Melanie,199608,800
Melanie,195485,420
Melanie,182753,271
Melanie,117617,487
Melanie,177198,310
Melanie,187299,66
Melanie,159176,489
Melanie,114738,406
Melanie,116332,668
Melanie,117368,113
Melanie,117161,432
Melanie,117719,472
Melanie,174874,90
Melanie,102961,324
Melanie,153419,862
Melanie,145975,553
Melanie,140677,625
Melanie,188230,829
Melanie,189581,685
Melanie,153889,372
Melanie,136457,580
Melanie,108537,396
Melanie,137159,638
Melanie,104357,856
Melanie,102162,213
Melanie,124665,939
Melanie,144175,439
Melanie,149558,264
Melanie,111518,263
Melanie,134144,743
Melanie,186666,327
Melanie,122949,689
Melanie,158980,835
Melanie,151749,72
Melanie,130268,837
Melanie,150433,631
Melanie,125589,609
Melanie,157449,749
Melanie,167238,843
Melanie,166897,178
Melanie,187618,704
Melanie,180886,375
Melanie,146619,415
Melanie,142496,576
Melanie,116761,593
Melanie,157329,554
Melanie,129106,966
Melanie,149167,994
Melanie,104213,117
Melanie,191407,606
Melanie,177159,776
Melanie,121094,436
Melanie,181407,855
Melanie,189607,941
Melanie,178024,23
Melanie,147636,593
Melanie,144976,130
Melanie,112801,245
Melanie,189793,577
Melanie,170479,376
Melanie,185884,608
Melanie,113957,531
Melanie,195620,36
Melanie,143996,954
Melanie,110988,806
Melanie,167028,927
Melanie,158602,324
Melanie,198974,503
Melanie,112629,883
Melanie,125971,522
Melanie,109771,173
Melanie,120840,835
Melanie,155757,376
Melanie,192510,590
Melanie,125180,482
Melanie,159999,539
Melanie,143230,334
Melanie,189052,936
Melanie,118511,236
Melanie,118786,86
Melanie,146432,389
Melanie,164647,702
Melanie,195146,79
Melanie,195772,311
Melanie,148587,863
Melanie,138675,340
Melanie,145601,263
Melanie,188046,201
Melanie,158333,695
Melanie,114457,218
Melanie,163488,331
Melanie,146048,766
Melanie,132233,612
Melanie,145979,380
Melanie,182461,579
Melanie,149228,533
Melanie,141113,554
Melanie,136233,817
Melanie,138298,486
Melanie,162808,165
Melanie,130790,818
Melanie,191651,832
Melanie,146163,975
Melanie,164359,801
Melanie,134935,985
Melanie,100977,132
Melanie,102744,363
Melanie,158757,742
Melanie,165461,868
Melanie,185441,949
Melanie,141987,193
Melanie,144344,866
Melanie,172150,837
Melanie,129372,647
Melanie,127960,462
Melanie,106731,498
Melanie,140058,852
Melanie,133068,77
Melanie,183682,373
Melanie,191170,417
Melanie,171314,6
Melanie,118962,676
Melanie,153630,951
Melanie,182633,91
Melanie,150665,900
Melanie,102267,490
Melanie,172955,26
Marshall,100334,81
Marshall,106456,615
Marshall,132797,979
Marshall,115042,740
Marshall,129167,252
Marshall,116821,104
Marshall,115025,221
Marshall,190749,785
Marshall,197379,665
Marshall,114233,702
Marshall,152114,900
Marshall,118681,931
Marshall,175610,720
Marshall,190109,230
Marshall,113250,362
Marshall,135862,340
Marshall,199619,741
Marshall,158064,389
Marshall,143830,617
Marshall,158195,5
Marshall,118871,870
Marshall,165812,20
Marshall,168431,404
Marshall,104107,721
Marshall,151161,947
Marshall,148711,966
Marshall,188685,989
Marshall,155920,722
Marshall,188524,186
Marshall,178612,86
Marshall,144801,926
Marshall,166732,694
Marshall,126931,611
Marshall,194659,945
Marshall,158932,848
Marshall,136453,559
Marshall,172945,925
Marshall,129966,581
Marshall,186944,3
Marshall,100712,316
Marshall,167713,155
Marshall,123424,606
Marshall,193583,743
Marshall,160304,627
Marshall,190568,745
Marshall,190320,592
Marshall,108506,780
Marshall,174444,636
Marshall,144428,308
Marshall,167296,384
Marshall,106461,387
Marshall,164051,212
Marshall,142691,829
Marshall,182115,351
Marshall,142089,120
Marshall,126006,569
Marshall,153985,658
Marshall,166621,754
Marshall,185031,548
Marshall,165471,136
Marshall,108561,617
Marshall,117846,355
Marshall,193208,962
Marshall,192276,685
Marshall,169610,925
Marshall,147306,393
Marshall,118563,294
Marshall,167169,12
Marshall,115783,514
Marshall,118103,483
Marshall,183177,949
Marshall,186570,64
Marshall,189823,243
Marshall,141915,787
Marshall,143734,489
Marshall,173086,480
Marshall,136541,844
Marshall,189368,259
Marshall,171554,616
Marshall,141942,169
Marshall,169780,772
Marshall,170246,337
Marshall,181628,687
Marshall,168394,434
Marshall,195904,695
Marshall,146622,155
Marshall,110799,425
Marshall,146755,335
Marshall,181096,26
Marshall,147507,228
Marshall,149848,569
Marshall,108478,589
Marshall,128060,940
Marshall,179326,381
Marshall,116441,248
Marshall,126912,974
Marshall,129211,433
Marshall,183287,304
Marshall,169461,319
Marshall,155173,321
Marshall,153502,756
Marshall,162823,636
Marshall,147809,213
Marshall,101617,204
Marshall,102579,654
Marshall,121054,141
Marshall,118591,340
Marshall,166343,310
Marshall,190311,11
Marshall,142759,627
Marshall,115459,708
Marshall,135418,162
Marshall,189006,131
Marshall,126019,240
Marshall,196134,158
Marshall,196202,183
Marshall,169804,830
Marshall,130687,223
Marshall,169742,368
Marshall,110848,892
Marshall,189393,147
Marshall,143319,532
Marshall,122953,207
Marshall,108037,548
Marshall,194524,991
Marshall,120516,313
Marshall,116966,368
Marshall,165587,616
Marshall,101856,991
Marshall,152476,886
Marshall,106673,781
Marshall,155561,97
Marshall,146070,9
Marshall,119469,480
Marshall,130915,186
Marshall,134562,536
Marshall,150079,583
Marshall,163628,457
Marshall,103913,372
Marshall,103003,938
Marshall,185926,773
Marshall,101272,62
Marshall,119690,197
Marshall,127716,943
Marshall,140369,525
Marshall,193664,811
Marshall,199890,815
Marshall,157300,848
Marshall,138885,426
Marshall,138216,790
Marshall,170144,790
Marshall,154833,138
Marshall,191663,37
Marshall,191154,385
Marshall,144338,82
Marshall,166362,510
Marshall,187982,19
Marshall,103865,40
Marshall,110875,566
Marshall,188013,571
Marshall,171524,202
Marshall,119942,252
Marshall,134443,877
Marshall,114358,355
Marshall,100527,193
Marshall,178269,898
Marshall,147445,749
Marshall,170914,835
Marshall,170056,464
Marshall,101755,759
Marshall,123440,686
Marshall,152060,694
Marshall,160827,883
Marshall,145362,957
Marshall,109452,39
Marshall,180824,880
Marshall,141055,504
Marshall,171921,99
Marshall,199851,712
Marshall,125081,116
Marshall,157525,348
Marshall,144008,624
Marshall,112595,773
Marshall,192162,559
Marshall,150378,405
Marshall,102833,235
Marshall,124856,925
Marshall,137845,339
Marshall,112709,391
Marshall,113437,974
Marshall,130098,733
Marshall,175076,164
Marshall,125207,823
Marshall,192305,965
Marshall,181181,239
Marshall,123612,97
Marshall,119587,477
Marshall,151564,744
Marshall,139641,226
Marshall,155055,924
Marshall,161127,653
Marshall,136539,910
Marshall,126676,13
Marshall,115144,433
Marshall,184979,293
Marshall,191144,296
Marshall,158560,440
Marshall,156499,886
Marshall,114140,957
Marshall,123608,562
Marshall,106663,871
Marshall,193521,385
Marshall,109531,715
Marshall,102187,396
Marshall,130113,276
Marshall,162350,833
Marshall,122647,480
Marshall,112730,942
Marshall,182794,469
Marshall,146172,185
Marshall,148192,897
Marshall,165857,822
Marshall,149970,111
Marshall,173763,869
Marshall,199163,869
Marshall,169867,727
Marshall,183769,234
Marshall,172065,476
Marshall,170667,41
Marshall,187168,306
Marshall,106781,294
Marshall,147944,886
Marshall,119281,672
Marshall,122265,347
Marshall,149459,462
Marshall,187808,932
Marshall,111129,431
Marshall,197881,118
Marshall,186703,742
Marshall,118839,270
Marshall,109728,704
Marshall,119035,132
Marshall,116449,754
Marshall,153211,620
Marshall,113100,324
Marshall,115110,153
Marshall,164332,512
Marshall,145498,236
Marshall,180400,731
Marshall,166388,216
Marshall,143501,294
Marshall,100112,934
Marshall,117732,984
Marshall,186115,167
Marshall,160168,719
Marshall,174721,991
Marshall,127631,278
Marshall,179766,1
Marshall,120059,454
Marshall,149738,767
Marshall,191362,167
Marshall,188552,388
Marshall,109134,710
Marshall,143123,544
Marshall,147175,693
Marshall,176182,896
Marshall,181581,797
Marshall,132449,176
Marshall,165304,343
Marshall,144522,115
Marshall,127012,310
Marshall,136767,395
Marshall,188045,539
Marshall,128583,48
Marshall,108282,814
Marshall,174031,739
Marshall,189956,280
Marshall,188627,108
Marshall,101190,63
Marshall,183386,270
Marshall,159495,494
Marshall,100013,466
Marshall,187818,822
Marshall,193905,124
Marshall,147715,913
Marshall,141571,139
Marshall,113672,766
Marshall,149110,390
Marshall,184206,983
Marshall,174502,55
Marshall,191629,549
Marshall,127751,28
Marshall,180624,124
Marshall,198023,439
Marshall,194713,963
Marshall,113272,587
Marshall,116774,721
Marshall,189973,251
Marshall,147955,866
Marshall,126545,782
Marshall,163115,869
Marshall,187956,598
Marshall,197314,663
Marshall,135892,776
Marshall,159844,776
Marshall,196476,670
Marshall,176563,323
Marshall,145382,615
Marshall,156287,801
Marshall,193241,449
Marshall,108415,803
Marshall,179492,519
Marshall,156605,694
Marshall,186897,324
Marshall,132467,660
Marshall,175336,367
Marshall,166434,690
Marshall,109085,513
Marshall,153051,958
Marshall,199107,36
Marshall,109895,940
Marshall,182834,123
Marshall,192927,289
Marshall,130750,294
Marshall,156163,837
Marshall,197599,736
Marshall,165581,716
Marshall,165546,6
Marshall,110920,186
Marshall,166870,510
Marshall,169865,756
Marshall,127161,103
Marshall,132059,44
Marshall,196245,747
Marshall,199974,178
Marshall,178108,539
Marshall,141823,125
Marshall,174576,970
Marshall,149001,848
Marshall,161469,578
Marshall,177145,807
Marshall,137557,126
Marshall,134502,393
Marshall,164019,167
Marshall,192637,609
Marshall,172696,721
Marshall,138189,481
Marshall,138030,949
Marshall,130683,855
Marshall,138342,55
Marshall,154973,638
Marshall,180043,688
Marshall,197209,728
Marshall,156674,443
Marshall,158994,247
Marshall,112914,938
Marshall,173175,187
Marshall,129753,692
Marshall,107409,679
Marshall,165520,817
Marshall,142395,265
Marshall,143341,973
Marshall,140044,313
Marshall,135464,346
Marshall,147451,136
Marshall,137155,360
Marshall,166883,677
Marshall,147229,989
Marshall,165069,381
Marshall,177083,462
Marshall,106832,703
Marshall,104343,229
Marshall,160167,619
Marshall,101504,562
Marshall,155164,75
Marshall,130204,604
Marshall,190460,398
Marshall,110342,689
Marshall,112969,187
Marshall,155048,403
Marshall,118525,592
Marshall,158877,256
Marshall,149919,888
Marshall,109350,353
Marshall,157817,431
Marshall,191410,500
Marshall,143117,0
Marshall,143665,994
Marshall,119295,489
Marshall,119192,746
Marshall,158543,327
Marshall,138912,245
Marshall,138428,345
Marshall,151025,86
Marshall,126798,959
Marshall,157979,608
Marshall,191041,158
Marshall,114514,459
Marshall,147431,937
Marshall,125053,933
Marshall,137412,750
Marshall,131329,459
Marshall,132366,910
Marshall,192941,542
Marshall,173179,848
Marshall,156786,98
Marshall,181999,18
Marshall,109917,864
Marshall,143541,65
Marshall,118566,866
Marshall,145078,400
Marshall,140522,20
Marshall,137061,468
Marshall,116315,592
Marshall,194185,288
Marshall,105188,12
Marshall,109980,572
Marshall,130850,233
Marshall,109690,875
Marshall,129710,491
Marshall,125259,652
Marshall,100651,72
Marshall,160737,891
Marshall,149593,656
Marshall,184726,5
Marshall,103230,456
Marshall,158442,404
Marshall,159919,50
Marshall,100542,568
Marshall,127289,114
Marshall,121022,96
Marshall,113157,41
Marshall,134207,528
Marshall,153369,651
Marshall,140239,464
Marshall,160930,220
Marshall,126862,116
Marshall,128480,458
Marshall,197640,865
Marshall,186397,21
Marshall,154090,612
Marshall,145714,640
Marshall,144129,91
Marshall,186583,589
Marshall,111700,165
Marshall,178655,282
Marshall,153125,477
Marshall,123680,753
Marshall,143476,543
Marshall,194047,659
Marshall,147071,676
Marshall,147280,591
Marshall,114412,580
Marshall,168969,899
Marshall,121321,314
Marshall,166495,305
Marshall,169969,435
Marshall,199475,547
Marshall,149780,455
Marshall,143959,946
Marshall,171802,645
Marshall,136852,176
Marshall,149050,358
Marshall,115405,782
Marshall,143440,816
Marshall,192880,242
Marshall,101844,207
Marshall,120729,220
Marshall,114123,323
Marshall,197141,330
Marshall,194428,300
Marshall,167540,510
Marshall,145466,844
Marshall,140915,719
Marshall,164347,636
Marshall,154141,777
Marshall,114006,758
Marshall,139814,859
Marshall,138305,461
Marshall,146731,370
Marshall,193364,55
Marshall,111247,750
Marshall,153387,8
Marshall,136092,715
Marshall,159542,129
Marshall,131211,359
Marshall,189941,445
Marshall,179729,389
Marshall,144640,133
Marshall,130595,614
Marshall,104672,754
Marshall,168278,539
Marshall,143626,769
Marshall,135128,110
Marshall,162059,586
Marshall,194883,286
Marshall,188911,358
Marshall,198228,884
Marshall,161111,78
Marshall,164974,781
Marshall,166925,925
Marshall,158300,35
Marshall,113316,537
Marshall,109836,482
Marshall,177258,863
Marshall,156247,910
Marshall,128633,794
Marshall,110488,54
Marshall,114087,417
Marshall,125735,939
Marshall,167205,206
Marshall,145079,185
Marshall,133443,287
Marshall,106239,262
Marshall,193923,291
Marshall,156606,38
Marshall,163497,338
Marshall,188879,734
Marshall,175524,989
Marshall,173342,534
Marshall,142934,100
Marshall,184857,957
Marshall,136167,281
Marshall,180779,991
Marshall,184727,715
Marshall,165723,484
Marshall,123523,482
Marshall,197482,152
Marshall,170089,713
Marshall,127717,967
Marshall,164586,185
Marshall,193932,127
Marshall,171074,736
Marshall,121342,887
Marshall,104587,640
Marshall,198443,78
Marshall,106348,953
Marshall,191564,309
Marshall,156754,586
Marshall,133609,491
Marshall,154872,845
Marshall,178797,63
Marshall,158569,81
Marshall,133994,142
Marshall,175818,246
Marshall,131820,0
Marshall,140104,80
Marshall,126241,768
Marshall,144013,708
Marshall,172264,794
Marshall,130891,350
Marshall,147020,798
Marshall,199822,910
Marshall,194444,83
Marshall,151457,334
Marshall,110459,275
Marshall,154643,103
Marshall,149044,200
Marshall,160249,66
Marshall,139872,529
Marshall,149144,0
Marshall,197126,537
Marshall,141939,681
Marshall,145006,854
Marshall,101175,374
Marshall,116991,59
Marshall,196589,886
Marshall,142280,422
Marshall,135301,864
Marshall,167837,552
Marshall,128973,866
Marshall,146973,661
Marshall,182879,917
Marshall,123647,509
Marshall,186605,899
Marshall,138992,484
Marshall,169184,219
Marshall,118392,990
Marshall,165985,233
Marshall,153719,188
Marshall,185080,280
Marshall,184801,45
Marshall,129882,39
Marshall,167647,613
Marshall,174164,977
Marshall,167601,614
Marshall,128112,536
Marshall,107135,831
Marshall,182412,913
Marshall,105340,885
Marshall,151187,486
Marshall,125996,711
Marshall,103590,312
Marshall,101068,946
Marshall,167211,234
Marshall,185231,108
Marshall,181599,958
Marshall,105812,165
Marshall,168980,556
Marshall,113419,466
Marshall,125618,714
Marshall,175035,385
Marshall,170973,32
Marshall,122517,774
Marshall,151374,520
Marshall,175077,322
Marshall,193064,144
Marshall,111185,223
Marshall,121158,931
Marshall,146464,334
Marshall,114887,209
Marshall,118713,716
Marshall,139421,476
Marshall,189454,558
Marshall,145255,267
Marshall,194500,146
Marshall,104237,632
Marshall,173699,600
Marshall,183315,143
Marshall,114091,206
Marshall,112100,502
Marshall,174771,873
Marshall,183481,296
Marshall,190133,513
Marshall,141757,691
Marshall,125670,622
Marshall,104659,740
Marshall,141720,836
Marshall,100220,133
Marshall,154554,52
Marshall,160670,187
Marshall,103004,567
Marshall,176894,346
Marshall,141629,778
Marshall,143111,319
Marshall,157176,874
Marshall,194057,183
Marshall,102749,324
Marshall,130367,187
Marshall,173277,146
Marshall,119166,846
Marshall,137168,330
Marshall,110165,590
Marshall,108509,95
Marshall,194439,701
Marshall,115608,14
Marshall,105379,273
Marshall,183911,490
Marshall,191310,591
Marshall,145736,639
Marshall,195413,37
Marshall,102007,75
Marshall,197415,580
Marshall,128688,252
Marshall,164789,616
Marshall,104938,641
Marshall,125878,376
Marshall,145029,212
Marshall,161192,992
Marshall,195223,481
Marshall,141398,782
Marshall,123805,516
Marshall,144033,929
Marshall,109104,875
Marshall,120104,634
Marshall,181910,296
Marshall,195820,143
Marshall,189733,423
Marshall,172958,751
Marshall,141120,70
Marshall,156788,47
Marshall,168114,349
Marshall,143398,36
Marshall,130055,313
Marshall,195844,280
Marshall,145532,187
Marshall,139508,777
Marshall,196842,726
Marshall,176807,671
Marshall,167095,807
Marshall,121035,600
Marshall,124178,996
Marshall,109279,805
Marshall,141536,317
Marshall,169616,574
Marshall,149392,410
Marshall,158114,674
Marshall,178003,118
Marshall,105269,734
Marshall,149869,454
Marshall,139961,817
Marshall,161250,186
Marshall,159464,855
Marshall,126338,10
Marshall,188375,56
Marshall,141168,128
Marshall,161753,378
Marshall,170399,751
Marshall,194052,631
Marshall,100755,406
Marshall,146491,748
Marshall,113648,995
Marshall,103785,613
Marshall,149514,963
Marshall,184943,389
Marshall,179019,639
Marshall,118405,179
Marshall,152558,183
Marshall,103171,865
Marshall,127280,224
Marshall,188285,934
Marshall,167419,808
Marshall,191733,739
Marshall,148557,680
Marshall,190257,981
Marshall,198878,959
Marshall,171789,949
Marshall,140547,268
Marshall,179800,851
Marshall,126389,29
Marshall,146590,525
Marshall,111032,474
Marshall,150489,633
Marshall,137813,367
Marshall,154428,133
Marshall,130878,110
Marshall,172981,731
Marshall,192793,500
Marshall,121570,679
Marshall,195679,588
Marshall,182150,103
Marshall,130303,41
Marshall,151181,879
Marshall,169925,118
Marshall,143379,267
Marshall,150935,671
Marshall,198064,498
Marshall,173932,434
Marshall,112218,401
Marshall,114093,222
Marshall,118107,569
Marshall,110580,187
Marshall,118464,828
Marshall,119635,404
Marshall,111447,627
Marshall,189898,572
Marshall,104641,550
Marshall,151960,150
Marshall,197200,81
Marshall,157013,752
Marshall,176042,349
Marshall,113440,532
Marshall,102608,641
Marshall,195402,729
Marshall,132459,492
Marshall,192336,107
Marshall,137283,577
Marshall,112113,304
Marshall,141502,246
Marshall,113381,0
Marshall,174203,966
Marshall,172819,794
Marshall,165804,15
Marshall,179268,928
Marshall,102325,308
Marshall,155443,312
Marshall,109407,685
Marshall,100717,562
Marshall,162731,550
Marshall,106277,966
Marshall,161586,831
Marshall,121432,891
Marshall,119055,152
Marshall,157609,581
Marshall,173654,475
Marshall,198105,756
Marshall,130706,194
Marshall,141842,781
Marshall,159986,813
Marshall,161715,546
Marshall,128928,254
Marshall,171155,673
Marshall,172188,234
Marshall,187018,165
Marshall,167268,402
Marshall,154289,585
Marshall,131618,498
Marshall,156755,867
Marshall,178542,574
Marshall,101887,185
Marshall,197958,522
Marshall,187449,842
Marshall,131114,732
Marshall,157953,361
Marshall,111138,233
Marshall,172732,693
Marshall,192832,432
Marshall,117151,563
Marshall,189309,774
Marshall,144646,820
Marshall,159019,51
Marshall,134010,57
Marshall,113739,325
Marshall,174436,991
Marshall,100646,541
Marshall,133179,834
Marshall,151822,666
Marshall,192505,181
Marshall,194501,84
Marshall,188427,431
Marshall,168046,610
Marshall,153495,283
Marshall,112436,442
Marshall,154971,862
Marshall,194622,157
Marshall,135442,315
Marshall,133260,65
Marshall,192245,538
Marshall,175062,533
Marshall,127010,974
Marshall,118757,318
Marshall,120171,540
Marshall,166140,262
Marshall,112670,470
Marshall,108771,740
Marshall,193233,896
Marshall,146045,364
Marshall,106746,706
Marshall,199600,893
Marshall,114754,421
Marshall,187727,176
Marshall,124383,100
Marshall,175640,628
Marshall,176434,987
Marshall,198596,618
Marshall,190455,814
Marshall,183077,860
Marshall,181295,157
Marshall,154347,777
Marshall,111057,538
Marshall,164671,52
Marshall,111526,265
Marshall,180404,509
Marshall,175192,974
Marshall,121907,196
Marshall,182038,572
Marshall,127354,20
Marshall,150310,348
Marshall,107461,767
Marshall,159408,612
Marshall,124504,843
Marshall,199183,554
Marshall,143968,758
Marshall,146806,529
Marshall,177382,913
Marshall,120897,141
Marshall,178476,373
Marshall,148178,51
Marshall,131596,683
Marshall,148671,554
Marshall,122751,918
Marshall,124606,697
Marshall,104342,248
Marshall,169929,679
Marshall,149685,250
Marshall,186835,210
Marshall,163782,257
Marshall,195049,873
Marshall,130650,665
Marshall,128912,172
Marshall,149106,688
Marshall,177192,732
Marshall,185579,222
Marshall,176600,907
Marshall,160147,980
Marshall,127919,436
Marshall,134154,862
Marshall,181498,934
Marshall,159258,594
Marshall,159079,165
Marshall,182741,903
Marshall,119642,23
Marshall,108075,167
Marshall,194465,910
Marshall,199596,732
Marshall,182452,958
Marshall,154784,758
Marshall,152389,501
Marshall,143652,253
Marshall,140000,665
Marshall,103142,681
Marshall,197232,179
Marshall,185652,330
Marshall,135870,842
Marshall,106910,331
Marshall,104037,629
Marshall,151146,260
Marshall,193044,304
Marshall,129863,114
Marshall,168083,484
Marshall,179742,922
Marshall,132125,767
Marshall,186776,608
Marshall,156647,336
Marshall,155262,552
Marshall,134246,872
Marshall,189481,385
Marshall,191678,999
Marshall,152729,770
Marshall,101327,980
Marshall,136393,413
Marshall,189257,336
Marshall,130587,221
Marshall,159978,86
Marshall,174600,991
Marshall,195945,686
Marshall,132218,430
Marshall,104792,655
Marshall,173415,492
Marshall,170052,706
Marshall,170473,264
Marshall,165295,926
Marshall,127225,936
Marshall,130588,536
Marshall,141207,121
Marshall,112948,869
Marshall,129045,590
Marshall,185595,310
Marshall,142423,370
Marshall,100714,582
Marshall,148933,623
Marshall,150968,21
Marshall,122629,143
Marshall,158387,635
Marshall,143436,11
Marshall,172638,14
Marshall,117385,983
Marshall,184296,700
Marshall,128033,297
Marshall,178323,104
Marshall,156220,172
Marshall,154012,994
Marshall,191198,561
Marshall,106467,378
Marshall,134661,869
Marshall,118438,175
Marshall,111168,616
Marshall,195405,350
Marshall,136638,302
Marshall,189890,72
Marshall,120314,877
Marshall,151133,665
Marshall,161649,455
Marshall,179130,191
Marshall,166736,77
Marshall,181580,268
Marshall,116959,536
Marshall,169802,650
Marshall,152045,895
Marshall,147911,911
Marshall,165022,548
Marshall,140029,465
Marshall,133392,485
Marshall,110023,305
Marshall,155648,989
Marshall,121420,979
Marshall,186529,430
Marshall,120512,289
Marshall,181712,191
Marshall,123785,880
Marshall,194680,735
Marshall,154604,657
Marshall,127916,878
Marshall,195080,812
Marshall,163842,832
Marshall,131245,688
Marshall,189542,62
Marshall,154036,695
Marshall,189443,194
Marshall,182271,753
Marshall,110560,236
Marshall,100292,653
Marshall,198848,945
Marshall,172257,381
Marshall,103631,597
Marshall,162955,407
Marshall,107638,235
Marshall,144677,767
Marshall,138838,946
Marshall,136886,449
Marshall,140143,966
Marshall,174017,545
Marshall,132771,4
Marshall,139016,872
Marshall,159360,466
Marshall,167183,152
Marshall,193046,471
Marshall,184978,953
Marshall,118352,350
Marshall,135284,726
Marshall,124879,686
Marshall,125793,671
Marshall,130865,361
Marshall,164044,984
Marshall,152073,849
Marshall,182986,633
Marshall,141305,402
Marshall,169271,317
Marshall,133993,656
Marshall,152679,427
Marshall,104312,726
Marshall,132132,29
Marshall,156439,127
Marshall,197537,458
Marshall,193652,465
Marshall,110887,626
Marshall,134723,682
Marshall,163787,715
Marshall,134550,752
Marshall,153912,788
Marshall,171557,211
Marshall,192171,898
Marshall,168021,970
Marshall,164891,451
Marshall,190997,980
Marshall,186324,637
Marshall,157091,971
Marshall,187694,158
Marshall,149052,872
Marshall,146687,185
Marshall,135459,643
Marshall,190345,924
Marshall,136132,487
Marshall,191205,756
Marshall,166194,53
Marshall,162947,419
Marshall,123875,724
Marshall,151359,259
Marshall,134069,596
Marshall,176300,737
Marshall,135825,492
Marshall,190361,136
Marshall,139325,50
Marshall,146686,730
Marshall,159338,802
Marshall,158122,909
Marshall,137130,428
Marshall,178410,448
Marshall,166229,731
Marshall,115748,204
Marshall,135932,332
Marshall,104624,350
Marshall,111659,185
Marshall,178213,353
Marshall,104671,240
Marshall,103206,82
Marshall,150236,395
Marshall,152002,98
Marshall,130477,775
Marshall,120626,706
Marshall,122890,955
Marshall,176199,173
Marshall,100823,707
Marsden,129883,961
Marsden,146234,267
Marsden,112681,63
Marsden,190449,546
Marsden,176720,954
Marsden,194845,303
Marsden,178998,997
Marsden,109893,96
Marsden,192095,679
Marsden,109870,952
Marsden,125628,806
Marsden,148318,327
Marsden,168663,357
Marsden,143672,766
Marsden,118239,862
Marsden,143356,710
Marsden,187705,387
Marsden,189944,746
Marsden,162162,0
Marsden,102519,446
Marsden,130937,242
Marsden,154743,27
Marsden,143294,91
Marsden,148141,591
Marsden,177634,916
Marsden,122421,140
Marsden,138919,352
Marsden,134737,295
Marsden,137948,391
Marsden,161870,905
Marsden,164329,307
Marsden,185965,416
Marsden,158102,368
Marsden,167947,37
Marsden,112689,781
Marsden,185882,771
Marsden,173946,599
Marsden,105688,717
Marsden,143851,46
Marsden,187661,23
Marsden,142627,236
Marsden,182769,504
Marsden,113845,675
Marsden,109605,488
Marsden,123502,1
Marsden,165638,431
Marsden,118072,255
Marsden,155204,797
Marsden,109899,32
Marsden,193167,296
Marsden,117312,634
Marsden,172091,414
Marsden,168674,487
Marsden,151962,985
Marsden,112936,631
Marsden,106276,353
Marsden,178379,132
Marsden,108690,122
Marsden,181404,990
Marsden,179102,625
Marsden,135223,736
Marsden,108672,334
Marsden,183070,651
Marsden,132759,71
Marsden,140969,77
Marsden,152920,291
Marsden,121194,367
Marsden,114924,846
Marsden,123135,714
Marsden,154595,956
Marsden,191115,173
Marsden,101831,316
Marsden,154715,669
Marsden,167763,753
Marsden,107581,397
Marsden,192210,894
Marsden,120763,441
Marsden,132792,178
Marsden,109103,976
Marsden,134063,915
Marsden,111395,946
Marsden,108444,370
Marsden,183243,16
Marsden,139449,843
Marsden,107017,466
Marsden,136580,963
Marsden,151976,194
Marsden,174701,57
Marsden,110793,792
Marsden,177357,473
Marsden,197067,864
Marsden,154133,968
Marsden,101624,916
Marsden,159061,168
Marsden,178223,897
Marsden,198548,43
Marsden,136417,997
Marsden,153542,474
Marsden,194388,58
Marsden,127402,851
Marsden,186905,23
Marsden,105345,601
Marsden,193997,181
Marsden,173990,53
Marsden,107680,589
Marsden,106029,299
Marsden,199355,243
Marsden,106066,208
Marsden,147384,802
Marsden,155324,914
Marsden,140965,571
Marsden,159429,231
Marsden,152025,492
Marsden,115352,29
Marsden,134194,751
Marsden,155258,915
Marsden,157452,182
Marsden,169331,615
Marsden,196355,695
Marsden,139332,679
Marsden,198945,236
Marsden,193904,988
Marsden,182539,454
Marsden,166669,331
Marsden,127567,411
Marsden,114191,808
Marsden,178822,156
Marsden,177260,68
Marsden,131430,652
Marsden,176959,424
Marsden,137493,619
Marsden,169869,152
Marsden,156138,219
Marsden,184880,683
Marsden,168967,487
Marsden,187601,511
Marsden,108094,439
Marsden,118222,428
Marsden,189880,470
Marsden,162706,642
Marsden,157543,768
Marsden,196457,31
Marsden,114065,270
Marsden,146721,131
Marsden,186848,969
Marsden,101631,741
Marsden,103837,534
Marsden,161962,794
Marsden,119799,142
Marsden,155824,579
Marsden,186286,145
Marsden,135865,430
Marsden,103688,360
Marsden,156931,518
Marsden,101134,36
Marsden,157737,973
Marsden,141354,905
Marsden,135713,898
Marsden,106211,753
Marsden,186732,661
Marsden,183003,989
Marsden,109941,636
Marsden,172915,198
Marsden,183008,576
Marsden,132247,203
Marsden,196428,868
Marsden,126999,116
Marsden,158107,297
Marsden,153699,353
Marsden,198000,898
Marsden,124870,572
Marsden,180028,505
Marsden,152258,124
Marsden,151743,256
Marsden,112560,968
Marsden,190643,693
Marsden,153417,945
Marsden,106321,798
Marsden,146981,879
Marsden,198799,113
Marsden,109245,247
Marsden,119846,742
Marsden,122308,83
Marsden,179090,294
Marsden,102888,654
Marsden,153097,663
Marsden,109274,473
Marsden,126526,398
Marsden,189282,708
Marsden,122475,806
Marsden,171158,751
Marsden,117175,165
Marsden,193182,736
Marsden,169893,794
Marsden,191365,164
Marsden,139731,633
Marsden,173280,332
Marsden,137012,989
Marsden,185235,871
Marsden,135686,988
Marsden,150756,171
Marsden,178611,101
Marsden,165805,930
Marsden,117985,267
Marsden,164777,491
Marsden,132128,920
Marsden,166040,866
Marsden,125828,834
Marsden,132087,736
Marsden,190602,413
Marsden,130385,576
Marsden,111968,340
Marsden,115827,916
Marsden,133155,312
Marsden,131499,49
Marsden,105274,554
Marsden,176060,646
Marsden,191072,891
Marsden,174152,908
Marsden,199351,451
Marsden,130287,566
Marsden,145241,25
Marsden,165201,268
Marsden,104257,25
Marsden,122571,970
Marsden,151333,339
Marsden,176273,527
Marsden,168433,39
Marsden,166794,479
Marsden,140793,285
Marsden,140396,409
Marsden,197224,772
Marsden,151856,185
Marsden,124222,414
Marsden,176924,825
Marsden,131297,823
Marsden,107393,666
Marsden,122469,0
Marsden,147454,562
Marsden,126957,784
Marsden,142764,477
Marsden,127233,157
Marsden,169267,967
Marsden,107801,234
Marsden,114040,713
Marsden,144016,291
Marsden,111753,650
Marsden,165968,566
Marsden,187928,256
Marsden,184524,812
Marsden,147654,679
Marsden,198836,780
Marsden,125942,895
Marsden,126749,66
Marsden,181162,959
Marsden,121864,329
Marsden,116309,907
Marsden,125819,37
Marsden,174163,466
Marsden,127637,921
Marsden,106415,947
Marsden,145440,250
Marsden,159536,675
Marsden,117023,525
Marsden,105673,429
Marsden,121317,996
Marsden,111287,223
Marsden,136004,746
Marsden,193967,640
Marsden,168787,248
Marsden,142283,1000
Marsden,143107,847
Marsden,130895,773
Marsden,149232,165
Marsden,199963,330
Marsden,158237,630
Marsden,196997,864
Marsden,143490,0
Marsden,136728,501
Marsden,182643,183
Marsden,141459,491
Marsden,163389,960
Marsden,169510,883
Marsden,185201,249
Marsden,116228,551
Marsden,124326,954
Marsden,108038,724
Marsden,189432,854
Marsden,170526,193
Marsden,149329,857
Marsden,119519,85
Marsden,127394,751
Marsden,128038,217
Marsden,105343,733
Marsden,128791,473
Marsden,102922,498
Marsden,122892,184
Marsden,148552,724
Marsden,196948,70
Marsden,123512,927
Marsden,191995,388
Marsden,152681,513
Marsden,165984,674
Marsden,100219,309
Marsden,113927,188
Marsden,116664,337
Marsden,108298,647
Marsden,134373,420
Marsden,135166,869
Marsden,186782,911
Marsden,129394,536
Marsden,160764,583
Marsden,104853,483
Marsden,130067,327
Marsden,137143,684
Marsden,176191,87
Marsden,149360,657
Marsden,134380,485
Marsden,169503,331
Marsden,156326,621
Marsden,167816,936
Marsden,171714,397
Marsden,182739,286
Marsden,169373,430
Marsden,146712,271
Marsden,132275,304
Marsden,144066,130
Marsden,109656,147
Marsden,195653,789
Marsden,113146,335
Marsden,119423,773
Marsden,158863,794
Marsden,187298,671
Marsden,152059,912
Marsden,165415,326
Marsden,171037,903
Marsden,118436,253
Marsden,134997,373
Marsden,145833,48
Marsden,123600,780
Marsden,118502,270
Marsden,184100,43
Marsden,179100,635
Marsden,195606,899
Marsden,147825,522
Marsden,119399,669
Marsden,182924,223
Marsden,170120,876
Marsden,188183,625
Marsden,170195,428
Marsden,170925,606
Marsden,151006,867
Marsden,138679,877
Marsden,126665,338
Marsden,166439,493
Marsden,136648,949
Marsden,175298,311
Marsden,107282,588
Marsden,109311,661
Marsden,145236,169
Marsden,150097,827
Marsden,195520,907
Marsden,187278,818
Marsden,109906,411
Marsden,114755,742
Marsden,119173,775
Marsden,147757,514
Marsden,126989,782
Marsden,104390,646
Marsden,137986,469
Marsden,128793,597
Marsden,112004,120
Marsden,147285,340
Marsden,180175,880
Marsden,179280,485
Marsden,117141,654
Marsden,174009,973
Marsden,110483,192
Marsden,159862,164
Marsden,163086,449
Marsden,116086,52
Marsden,197663,437
Marsden,167447,202
Marsden,173223,995
Marsden,105475,213
Marsden,103843,790
Marsden,129764,363
Marsden,122956,105
Marsden,126013,522
Marsden,138154,98
Marsden,120708,277
Marsden,128826,575
Marsden,111022,946
Marsden,112714,915
Marsden,157950,728
Marsden,109511,169
Marsden,143780,155
Marsden,112020,570
Marsden,159472,986
Marsden,104941,392
Marsden,167789,720
Marsden,161093,886
Marsden,169352,202
Marsden,108325,947
Marsden,159052,283
Marsden,151961,469
Marsden,125080,748
Marsden,166075,88
Marsden,181682,784
Marsden,141309,689
Marsden,159819,123
Marsden,110882,395
Marsden,162177,528
Marsden,134138,907
Marsden,142058,561
Marsden,194682,24
Marsden,172383,514
Marsden,150593,396
Marsden,158268,434
Marsden,177662,532
Marsden,113479,941
Marsden,183635,289
Marsden,181227,183
Marsden,131301,818
Marsden,109073,550
Marsden,158483,679
Marsden,101953,221
Marsden,183935,233
Marsden,168071,762
Marsden,189495,118
Marsden,164489,143
Marsden,187032,994
Marsden,107013,119
Marsden,176893,204
Marsden,193170,65
Marsden,172596,17
Marsden,195515,379
Marsden,121691,324
Marsden,136851,327
Marsden,108778,9
Marsden,100996,214
Marsden,155311,206
Marsden,150960,316
Marsden,131029,361
Marsden,147886,967
Marsden,141785,387
Marsden,177544,343
Marsden,115606,436
Marsden,194249,984
Marsden,146225,135
Marsden,162309,625
Marsden,174844,343
Marsden,120960,387
Marsden,199276,648
Marsden,182073,257
Marsden,186684,265
Marsden,109399,436
Marsden,106402,862
Marsden,185949,246
Marsden,105074,428
Marsden,186797,67
Marsden,125806,598
Marsden,113646,968
Marsden,196467,69
Marsden,176662,585
Marsden,106238,543
Marsden,133822,671
Marsden,139995,695
Marsden,110598,968
Marsden,126437,62
Marsden,137866,89
Marsden,106051,562
Marsden,102284,93
Marsden,185875,63
Marsden,110322,37
Marsden,184417,495
Marsden,193180,651
Marsden,164965,496
Marsden,117713,233
Marsden,111193,599
Marsden,155597,386
Marsden,186305,307
Marsden,177185,681
Marsden,196936,322
Marsden,159302,96
Marsden,153506,561
Marsden,143698,846
Marsden,136424,372
Marsden,113227,884
Marsden,199208,529
Marsden,157159,474
Marsden,143237,582
Marsden,182796,132
Marsden,193110,319
Marsden,105861,688
Marsden,109177,972
Marsden,124632,892
Marsden,158740,907
Marsden,160289,276
Marsden,131399,598
Marsden,157518,579
Marsden,197402,916
Marsden,150322,324
Marsden,189694,636
Marsden,165232,553
Marsden,140804,269
Marsden,119020,314
Marsden,159351,924
Marsden,147258,390
Marsden,174362,910
Marsden,178236,755
Marsden,108394,811
Marsden,168632,446
Marsden,112153,587
Marsden,195218,315
Marsden,182856,623
Marsden,133288,896
Marsden,183022,506
Marsden,121750,7
Marsden,159532,165
Marsden,186202,445
Marsden,124657,985
Marsden,137912,216
Marsden,193213,170
Marsden,135013,155
Marsden,131926,514
Marsden,193284,989
Marsden,148857,163
Marsden,174586,576
Marsden,199788,376
Marsden,123832,865
Marsden,175350,662
Marsden,169197,66
Marsden,196776,86
Marsden,185293,918
Marsden,112883,8
Marsden,136654,848
Marsden,103389,439
Marsden,108576,902
Marsden,164112,234
Marsden,174884,980
Marsden,142890,682
Marsden,172892,967
Marsden,101601,172
Marsden,127642,996
Marsden,134913,256
Marsden,187107,433
Marsden,189067,990
Marsden,104059,495
Marsden,124050,407
Marsden,127595,753
Marsden,138436,79
Marsden,139220,720
Marsden,107585,5
Marsden,107795,85
Marsden,177407,612
Marsden,160920,629
Marsden,154188,713
Marsden,108741,100
Marsden,133562,418
Marsden,169942,371
Marsden,116944,54
Marsden,198829,44
Marsden,156501,376
Marsden,197611,254
Marsden,121312,302
Marsden,156899,558
Marsden,173063,735
Marsden,103926,432
Marsden,116053,857
Marsden,142515,448
Marsden,155370,844
Marsden,116535,571
Marsden,162083,188
Marsden,104771,276
Marsden,132963,1000
Marsden,194644,195
Marsden,115595,290
Marsden,148903,55
Marsden,104610,619
Marsden,124638,199
Marsden,119523,483
Marsden,166366,879
Marsden,183807,561
Marsden,158031,477
Marsden,155703,133
Marsden,193134,688
Marsden,122499,593
Marsden,184603,504
Marsden,132913,13
Marsden,118808,211
Marsden,196284,183
Marsden,154866,326
Marsden,198388,274
Marsden,104687,967
Marsden,147625,784
Marsden,110800,97
Marsden,145218,805
Marsden,146121,577
Marsden,135573,690
Marsden,167750,17
Marsden,153450,149
Marsden,180121,226
Marsden,147076,557
Marsden,140430,882
Marsden,106511,69
Marsden,165979,1000
Marsden,122240,340
Marsden,144956,920
Marsden,158137,14
Marsden,187867,382
Marsden,185314,905
Marsden,172586,253
Marsden,113218,441
Marsden,182648,383
Marsden,156024,839
Marsden,172327,518
Marsden,126863,214
Marsden,156950,715
Marsden,153118,210
Marsden,101534,662
Marsden,190013,202
Marsden,182471,596
Marsden,131754,598
Marsden,132879,69
Marsden,157884,676
Marsden,133487,712
Marsden,155665,885
Marsden,141487,816
Marsden,102709,250
Marsden,155787,715
Marsden,184525,301
Marsden,113430,18
Marsden,125325,317
Marsden,137234,260
Marsden,192186,490
Marsden,122313,279
Marsden,183708,260
Marsden,109096,442
Marsden,120473,988
Marsden,113870,299
Marsden,158378,119
Marsden,174441,990
Marsden,198178,176
Marsden,100083,475
Marsden,159882,761
Marsden,172419,420
Marsden,139461,833
Marsden,165840,896
Marsden,121789,622
Marsden,148893,566
Marsden,145817,956
Marsden,110002,282
Marsden,123199,818
Marsden,190273,440
Marsden,149649,147
Marsden,149338,167
Marsden,165936,71
Marsden,193174,98
Marsden,132999,103
Marsden,191001,505
Marsden,146264,923
Marsden,153764,990
Marsden,139554,121
Marsden,163809,484
Marsden,181876,887
Marsden,104230,989
Marsden,182042,966
Marsden,199173,34
Marsden,196662,758
Marsden,174887,848
Marsden,139077,349
Marsden,170736,92
Marsden,160043,450
Marsden,181626,707
Marsden,185040,720
Marsden,145790,412
Marsden,198557,671
Marsden,116550,681
Marsden,177439,737
Marsden,194805,795
Marsden,160264,75
Marsden,106543,375
Marsden,143268,501
Marsden,159871,15
Marsden,148314,648
Marsden,109681,810
Marsden,189534,565
Marsden,125068,698
Marsden,111603,438
Marsden,191537,311
Marsden,108744,308
Marsden,155501,71
Marsden,158045,616
Marsden,174141,962
Marsden,196296,640
Marsden,195414,585
Marsden,101212,419
Marsden,132382,572
Marsden,137228,442
Marsden,172146,96
Marsden,176743,851
Marsden,161320,682
Marsden,143281,933
Marsden,120666,575
Marsden,122896,541
Marsden,199404,652
Marsden,129243,503
Marsden,140411,572
Marsden,175503,551
Marsden,188284,39
Marsden,115382,563
Marsden,142739,851
Marsden,185194,963
Marsden,159377,320
Marsden,179103,595
Marsden,170448,795
Marsden,192512,302
Marsden,113265,922
Marsden,102291,369
Marsden,151739,887
Marsden,149430,524
Marsden,198690,668
Marsden,127427,730
Marsden,182183,954
Marsden,109310,615
Marsden,116904,365
Marsden,131516,70
Marsden,116950,641
Marsden,151317,567
Marsden,113815,408
Marsden,122406,597
Marsden,131296,321
Marsden,189751,945
Marsden,122602,732
Marsden,144791,918
Marsden,180248,811
Marsden,112910,97
Marsden,137093,563
Marsden,190839,9
Marsden,167100,368
Marsden,121743,391
Marsden,167071,314
Marsden,168532,770
Marsden,124634,987
Marsden,187692,894
Marsden,195767,20
Marsden,176538,394
Marsden,107225,392
Marsden,194188,711
Marsden,123065,410
Marsden,127130,773
Marsden,197340,813
Marsden,126512,388
Marsden,160276,899
Marsden,156290,975
Marsden,185920,616
Marsden,157114,665
Marsden,183428,946
Marsden,178813,116
Marsden,113136,178
Marsden,120013,555
Marsden,117302,430
Marsden,169349,466
Marsden,183130,948
Marsden,190588,858
Marsden,189679,805
Marsden,124716,854
Marsden,191132,810
Marsden,145155,94
Marsden,138214,437
Marsden,197821,712
Marsden,126606,334
Marsden,150367,476
Marsden,182089,504
Marsden,162567,986
Marsden,133659,317
Marsden,101377,875
Marsden,111357,168
Marsden,107753,607
Marsden,175542,48
Marsden,164629,802
Marsden,179616,722
Marsden,103433,919
Marsden,178137,138
Marsden,120555,176
Marsden,185459,811
Marsden,121041,79
Marsden,118160,868
Marsden,147848,396
Marsden,110466,593
Marsden,170842,410
Marsden,115471,323
Marsden,199840,727
Marsden,143585,614
Marsden,124985,262
Marsden,193744,600
Marsden,169786,265
Marsden,111604,472
Marsden,198102,835
Marsden,142032,219
Marsden,167353,643
Marsden,141058,12
Marsden,177562,577
Marsden,144916,832
Marsden,156685,689
Marsden,117558,321
Marsden,196944,911
Marsden,186665,965
Marsden,180348,809
Marsden,145365,216
Marsden,169287,777
Marsden,169106,658
Marsden,185600,732
Marsden,145341,242
Marsden,114497,829
Marsden,105466,936
Marsden,117512,245
Marsden,189416,196
Marsden,100890,844
Marsden,117198,390
Marsden,117808,819
Marsden,113013,676
Marsden,126479,957
Marsden,104113,969
Marsden,128032,278
Marsden,189861,97
Marsden,147731,657
Marsden,153127,411
Marsden,178673,78
Marsden,157643,682
Marsden,195329,744
Marsden,151988,430
Marsden,186436,684
Marsden,125442,779
Marsden,127247,563
Marsden,158313,304
Marsden,151054,916
Marsden,191929,386
Marsden,165917,789
Marsden,171512,652
Marsden,145414,297
Marsden,187865,435
Marsden,138998,370
Marsden,196899,489
Marsden,114610,690
Marsden,105519,809
Marsden,100741,350
Marsden,136872,710
Marsden,101139,704
Marsden,173025,819
Marsden,167978,418
Marsden,113393,687
Marsden,173794,521
Marsden,120589,649
Marsden,165467,792
Marsden,179751,791
Marsden,161020,746
Marsden,128947,556
Marsden,130708,974
Marsden,147476,998
Marsden,112231,886
Marsden,177746,654
Marsden,123250,189
Marsden,190341,720
Marsden,124891,100
Marsden,170315,100
Marsden,117608,558
Marsden,142972,773
Marsden,168875,590
Marsden,160528,320
Marsden,114861,161
Marsden,174339,362
Marsden,196965,93
Marsden,135651,647
Marsden,130352,302
Marsden,128867,417
Marsden,130571,906
Marsden,174369,3
Marsden,112341,419
Marsden,127006,581
Marsden,161747,107
Marsden,155865,974
Marsden,117864,274
Marsden,158279,63
Marsden,118606,999
Marsden,176175,429
Marsden,195924,572
Marsden,173188,193
Marsden,106078,150
Marsden,192962,912
Marsden,151258,438
Marsden,185636,948
Marsden,130758,749
Marsden,170159,572
Marsden,176512,148
Marsden,157796,978
Marsden,101985,833
Marsden,126868,256
Marsden,129730,255
Marsden,147750,586
Marsden,173809,801
Marsden,131170,806
Marsden,197183,958
Marsden,130651,533
Marsden,149353,319
Marsden,187408,781
Marsden,191105,612
Marsden,153114,961
Marsden,125435,265
Marsden,112340,888
Marsden,158191,507
Marsden,198167,534
Marsden,154375,84
Marsden,130726,133
Marsden,179680,778
Marsden,113711,785
Marsden,195164,587
Marsden,134403,370
Marsden,160141,666
Marsden,102875,363
Marsden,187995,600
Marsden,114185,678
Marsden,166193,439
Marsden,131388,761
Marsden,197162,873
Marsden,197139,1
Marsden,146440,234
Marsden,151607,249
Marsden,107163,14
Marsden,196859,979
Marsden,153670,285
Marsden,174329,484
Marsden,182665,197
Marsden,130405,284
Marsden,108759,832
Marsden,197501,660
Marsden,144928,69
Marsden,187900,394
Marsden,168323,998
Marsden,140768,649
Marsden,154328,212
Marsden,108053,966
Marsden,130198,529
Marsden,160093,828
Marsden,176639,457
Marsden,102304,794
Marsden,145581,764
Marsden,192101,963
Marsden,111145,323
Marsden,143948,297
Marsden,108755,131
Marsden,140731,288
Marny,137313,567
Marny,101700,147
Marny,111360,239
Marny,128425,224
Marny,150484,715
Marny,141117,909
Marny,101867,807
Marny,167912,685
Marny,147470,678
Marny,108525,465
Marny,101926,832
Marny,148766,750
Marny,159382,841
Marny,186751,463
Marny,198197,28
Marny,174912,657
Marny,175688,951
Marny,103956,680
Marny,112843,484
Marny,107144,385
Marny,167379,440
Marny,142530,488
Marny,177012,553
Marny,161138,838
Marny,128318,951
Marny,180928,855
Marny,134105,61
Marny,118579,278
Marny,124277,150
Marny,122570,939
Marny,173650,829
Marny,161670,229
Marny,104661,59
Marny,106138,423
Marny,155781,803
Marny,177747,349
Marny,142903,981
Marny,180990,958
Marny,103986,334
Marny,172392,486
Marny,165186,930
Marny,153182,867
Marny,129056,741
Marny,114659,277
Marny,115262,240
Marny,114349,492
Marny,110456,570
Marny,125441,905
Marny,103008,461
Marny,120281,294
Marny,113549,592
Marny,177932,984
Marny,167330,531
Marny,194202,714
Marny,119613,670
Marny,157591,403
Marny,117176,656
Marny,105378,839
Marny,173582,909
Marny,139491,790
Marny,125228,233
Marny,187093,829
Marny,175419,390
Marny,142808,275
Marny,175764,509
Marny,193155,218
Marny,178848,572
Marny,161224,58
Marny,112158,101
Marny,195338,626
Marny,187450,651
Marny,181117,546
Marny,167851,297
Marny,199192,781
Marny,158494,788
Marny,191521,292
Marny,190766,244
Marny,164937,612
Marny,140123,179
Marny,103111,427
Marny,127098,150
Marny,157223,587
Marny,143979,674
Marny,106334,436
Marny,159856,694
Marny,150682,226
Marny,128431,315
Marny,197346,828
Marny,151603,811
Marny,128557,845
Marny,141030,878
Marny,165612,795
Marny,179667,468
Marny,112715,153
Marny,134459,288
Marny,107177,54
Marny,181762,964
Marny,190965,594
Marny,140425,80
Marny,169135,122
Marny,160359,404
Marny,102690,962
Marny,121185,380
Marny,169316,390
Marny,106507,447
Marny,150993,937
Marny,133414,40
Marny,119991,268
Marny,119600,161
Marny,162601,95
Marny,178505,362
Marny,118639,65
Marny,198592,280
Marny,153616,612
Marny,116095,242
Marny,174798,50
Marny,150255,566
Marny,174276,585
Marny,192517,804
Marny,170232,363
Marny,196531,480
Marny,164947,867
Marny,150526,639
Marny,158611,36
Marny,176131,666
Marny,102876,984
Marny,182744,97
Marny,195362,307
Marny,133364,628
Marny,174296,175
Marny,147903,507
Marny,128123,968
Marny,119247,397
Marny,146917,371
Marny,155849,114
Marny,186227,743
Marny,121707,815
Marny,121550,969
Marny,180659,422
Marny,115168,403
Marny,103799,815
Marny,183873,695
Marny,198984,685
Marny,110797,527
Marny,155589,813
Marny,152127,349
Marny,122226,859
Marny,108010,927
Marny,145201,996
Marny,109593,34
Marny,160547,429
Marny,143794,575
Marny,127564,523
Marny,120109,233
Marny,100987,138
Marny,117280,650
Marny,190697,592
Marny,111822,734
Marny,112126,220
Marny,118779,230
Marny,176522,199
Marny,105567,960
Marny,152777,524
Marny,154603,365
Marny,161607,105
Marny,150676,494
Marny,126495,885
Marny,141664,628
Marny,166930,218
Marny,147391,598
Marny,190901,625
Marny,142632,15
Marny,120598,1000
Marny,158292,59
Marny,117258,745
Marny,105088,122
Marny,158888,118
Marny,118332,430
Marny,191084,162
Marny,131713,576
Marny,123790,76
Marny,139178,665
Marny,115342,138
Marny,127045,734
Marny,151251,850
Marny,156702,981
Marny,137326,392
Marny,183121,515
Marny,100702,592
Marny,167020,364
Marny,185793,150
Marny,136719,698
Marny,183780,727
Marny,103857,915
Marny,128272,620
Marny,162456,822
Marny,112022,895
Marny,198100,180
Marny,190246,719
Marny,109608,132
Marny,161842,939
Marny,101670,862
Marny,122551,662
Marny,142263,471
Marny,163708,609
Marny,116303,898
Marny,104944,73
Marny,194044,656
Marny,185643,1
Marny,168568,944
Marny,116158,941
Marny,100807,513
Marny,126843,858
Marny,187892,470
Marny,129542,430
Marny,165841,607
Marny,119676,647
Marny,138909,710
Marny,188085,114
Marny,184595,455
Marny,103980,63
Marny,181322,167
Marny,128954,151
Marny,107574,835
Marny,151337,68
Marny,199971,538
Marny,110167,303
Marny,113334,133
Marny,135262,991
Marny,176215,19
Marny,109666,140
Marny,128765,427
Marny,197307,338
Marny,191600,410
Marny,146319,716
Marny,125154,217
Marny,175529,849
Marny,154993,6
Marny,124847,68
Marny,180897,95
Marny,122501,842
Marny,161549,950
Marny,143467,532
Marny,104773,781
Marny,186495,33
Marny,197849,313
Marny,101410,44
Marny,162012,294
Marny,186750,966
Marny,127317,589
Marny,117395,389
Marny,129293,83
Marny,146937,265
Marny,158426,84
Marny,102269,370
Marny,163616,12
Marny,116081,349
Marny,131778,119
Marny,172177,308
Marny,181812,620
Marny,169871,705
Marny,172585,783
Marny,121555,412
Marny,172062,937
Marny,130214,525
Marny,169282,562
Marny,178097,394
Marny,102425,719
Marny,169235,218
Marny,183889,48
Marny,196168,709
Marny,115263,307
Marny,151268,251
Marny,156172,645
Marny,189307,307
Marny,187786,363
Marny,125439,11
Marny,167348,494
Marny,198975,112
Marny,176733,47
Marny,160013,462
Marny,113545,469
Marny,180133,917
Marny,186240,293
Marny,131578,718
Marny,162299,571
Marny,150100,54
Marny,167517,309
Marny,153759,397
Marny,103159,736
Marny,117277,237
Marny,117056,78
Marny,185057,926
Marny,108861,875
Marny,134665,203
Marny,101905,814
Marny,152573,260
Marny,131088,8
Marny,132645,299
Marny,140089,696
Marny,172215,861
Marny,102160,149
Marny,193152,318
Marny,106775,397
Marny,194430,946
Marny,154831,728
Marny,188853,851
Marny,185755,1
Marny,183808,961
Marny,121131,16
Marny,132094,616
Marny,125569,292
Marny,152250,277
Marny,145421,88
Marny,188131,24
Marny,153403,608
Marny,162501,7
Marny,131975,839
Marny,176649,200
Marny,116022,206
Marny,146678,494
Marny,148416,393
Marny,160703,120
Marny,193648,98
Marny,139755,17
Marny,189654,470
Marny,169053,799
Marny,116357,720
Marny,107922,500
Marny,191134,591
Marny,141276,97
Marny,124576,110
Marny,193281,839
Marny,127794,5
Marny,167646,462
Marny,131025,320
Marny,128155,373
Marny,133838,69
Marny,132034,987
Marny,105239,180
Marny,148746,485
Marny,164670,793
Marny,155359,591
Marny,133662,313
Marny,147996,418
Marny,140479,105
Marny,171694,718
Marny,159313,645
Marny,134290,705
Marny,158057,125
Marny,167065,940
Marny,179144,496
Marny,152540,717
Marny,134339,113
Marny,135316,93
Marny,172534,451
Marny,170357,260
Marny,142374,81
Marny,108627,713
Marny,194985,842
Marny,198694,30
Marny,181142,727
Marny,105087,494
Marny,199809,911
Marny,146591,928
Marny,141646,966
Marny,198650,322
Marny,186758,233
Marny,194570,666
Marny,114626,347
Marny,128639,619
Marny,112144,52
Marny,130455,44
Marny,117411,58
Marny,188729,248
Marny,128863,101
Marny,196025,908
Marny,111473,641
Marny,116969,188
Marny,105918,407
Marny,197705,143
Marny,168752,178
Marny,164069,455
Marny,161994,666
Marny,152009,592
Marny,173528,679
Marny,197223,985
Marny,192764,268
Marny,101469,974
Marny,185229,534
Marny,109306,869
Marny,104666,184
Marny,134461,732
Marny,124122,528
Marny,120131,679
Marny,110122,282
Marny,176482,177
Marny,128789,724
Marny,145724,87
Marny,164587,560
Marny,130029,441
Marny,142944,385
Marny,169122,872
Marny,189681,471
Marny,121966,678
Marny,151460,591
Marny,149127,941
Marny,130563,83
Marny,104704,930
Marny,167857,675
Marny,140751,576
Marny,125127,333
Marny,167381,613
Marny,182721,465
Marny,180183,111
Marny,186798,283
Marny,177393,431
Marny,181069,994
Marny,166532,234
Marny,173489,550
Marny,198097,214
Marny,130466,37
Marny,166643,862
Marny,146216,526
Marny,161908,516
Marny,190062,351
Marny,132716,630
Marny,185905,588
Marny,111567,691
Marny,193105,320
Marny,117334,31
Marny,170618,581
Marny,183332,339
Marny,198823,161
Marny,152715,948
Marny,128906,635
Marny,149986,662
Marny,149425,873
Marny,154111,811
Marny,160812,368
Marny,184456,30
Marny,199064,650
Marny,151751,72
Marny,160390,793
Marny,197194,537
Marny,107527,310
Marny,118031,709
Marny,116326,325
Marny,131064,310
Marny,146894,208
Marny,176864,748
Marny,172952,513
Marny,163182,692
Marny,134412,493
Marny,139267,773
Marny,145879,680
Marny,119200,400
Marny,110082,369
Marny,113723,974
Marny,150805,768
Marny,181657,267
Marny,133245,96
Marny,126393,424
Marny,161123,801
Marny,125811,2
Marny,111284,413
Marny,141610,788
Marny,129040,761
Marny,108919,808
Marny,184329,452
Marny,170087,909
Marny,120189,757
Marny,178010,548
Marny,144403,124
Marny,143269,776
Marny,128223,347
Marny,172687,955
Marny,139002,542
Marny,177504,190
Marny,170982,240
Marny,151012,593
Marny,170137,729
Marny,102798,641
Marny,104685,183
Marny,165311,943
Marny,123171,460
Marny,180356,292
Marny,183449,591
Marny,192639,842
Marny,120352,71
Marny,124477,273
Marny,184975,129
Marny,142767,918
Marny,137171,266
Marny,198840,749
Marny,165378,998
Marny,186278,204
Marny,195457,358
Marny,122358,129
Marny,115499,561
Marny,178385,579
Marny,144882,551
Marny,190198,360
Marny,133575,298
Marny,185727,490
Marny,117097,796
Marny,145063,440
Marny,128020,122
Marny,106065,261
Marny,122823,727
Marny,120121,389
Marny,145865,163
Marny,134031,518
Marny,153286,793
Marny,120447,952
Marny,156333,599
Marny,162141,66
Marny,127072,422
Marny,104818,187
Marny,152123,73
Marny,108936,132
Marny,154277,209
Marny,132590,815
Marny,114398,20
Marny,154875,469
Marny,137258,275
Marny,117062,6
Marny,175933,165
Marny,128091,136
Marny,128138,455
Marny,188859,96
Marny,159573,921
Marny,135876,264
Marny,120371,660
Marny,166885,288
Marny,128356,447
Marny,148387,957
Marny,182664,858
Marny,139043,625
Marny,109486,826
Marny,190606,939
Marny,125815,823
Marny,161404,911
Marny,179503,337
Marny,179519,265
Marny,151466,748
Marny,170684,221
Marny,125521,183
Marny,171175,248
Marny,120829,157
Marny,184860,272
Marny,183224,204
Marny,109768,559
Marny,147931,845
Marny,141456,594
Marny,118570,451
Marny,182695,399
Marny,194321,96
Marny,131818,269
Marny,141908,771
Marny,172393,180
Marny,172366,969
Marny,140420,760
Marny,165136,556
Marny,196549,534
Marny,166882,529
Marny,154059,741
Marny,123524,168
Marny,147367,666
Marny,162502,910
Marny,196565,51
Marny,166785,451
Marny,107009,334
Marny,116594,819
Marny,139756,48
Marny,114998,869
Marny,177225,235
Marny,173370,846
Marny,191841,732
Marny,192460,349
Marny,117269,553
Marny,120712,686
Marny,169394,869
Marny,111155,963
Marny,187673,629
Marny,161632,361
Marny,101679,653
Marny,165507,479
Marny,187164,226
Marny,119565,307
Marny,185808,853
Marny,199377,354
Marny,102151,851
Marny,114545,611
Marny,160436,432
Marny,151662,68
Marny,110553,955
Marny,199692,899
Marny,157476,520
Marny,193689,395
Marny,100031,502
Marny,194971,8
Marny,193958,983
Marny,101098,201
Marny,168364,586
Marny,166997,738
Marny,108263,866
Marny,184120,475
Marny,190342,724
Marny,154035,634
Marny,171278,746
Marny,169842,101
Marny,150753,364
Marny,174678,274
Marny,161841,383
Marny,166161,730
Marny,190690,206
Marny,164886,279
Marny,141596,139
Marny,143483,315
Marny,115385,971
Marny,160473,459
Marny,172563,385
Marny,148817,919
Marny,188015,901
Marny,157637,527
Marny,121160,729
Marny,102655,35
Marny,157363,254
Marny,107476,625
Marny,109940,613
Marny,163653,986
Marny,151928,387
Marny,110739,852
Marny,157651,340
Marny,110906,457
Marny,113766,733
Marny,107586,792
Marny,105446,458
Marny,188540,769
Marny,169776,928
Marny,116952,101
Marny,147837,757
Marny,176276,235
Marny,131208,126
Marny,190798,78
Marny,186836,707
Marny,168076,508
Marny,105957,991
Marny,164591,345
Marny,133635,103
Marny,100529,643
Marny,147360,611
Marny,147973,173
Marny,135594,859
Marny,199006,929
Marny,135030,717
Marny,104518,600
Marny,156718,679
Marny,140025,771
Marny,123017,488
Marny,142211,937
Marny,123945,435
Marny,149057,740
Marny,155047,105
Marny,180403,556
Marny,138291,210
Marny,174962,818
Marny,113582,390
Marny,124016,491
Marny,195811,950
Marny,147009,948
Marny,117341,120
Marny,172075,488
Marny,113695,822
Marny,121322,685
Marny,121292,884
Marny,142054,487
Marny,154978,986
Marny,195298,237
Marny,110697,181
Marny,135820,390
Marny,105832,985
Marny,168584,647
Marny,197206,438
Marny,152346,904
Marny,131872,477
Marny,130675,639
Marny,142376,594
Marny,147724,198
Marny,118196,387
Marny,143461,725
Marny,149934,751
Marny,150643,697
Marny,112179,667
Marny,144365,390
Marny,186805,733
Marny,153967,762
Marny,119402,432
Marny,181134,564
Marny,143089,103
Marny,190923,590
Marny,190757,999
Marny,174881,627
Marny,170490,930
Marny,113142,38
Marny,133738,490
Marny,167131,497
Marny,137096,297
Marny,166548,665
Marny,147373,808
Marny,136669,906
Marny,151555,392
Marny,190589,318
Marny,153561,58
Marny,162705,832
Marny,170915,729
Marny,146557,361
Marny,102428,949
Marny,139850,75
Marny,116200,942
Marny,178823,331
Marny,113504,826
Marny,167990,225
Marny,133150,777
Marny,131082,31
Marny,145909,268
Marny,128067,35
Marny,198953,505
Marny,198875,358
Marny,103029,56
Marny,133549,412
Marny,138029,254
Marny,130990,436
Marny,147950,706
Marny,113194,74
Marny,134199,534
Marny,193858,426
Marny,153028,598
Marny,187742,968
Marny,142852,190
Marny,160285,502
Marny,192227,509
Marny,139384,395
Marny,150240,845
Marny,172879,449
Marny,143339,795
Marny,162282,355
Marny,163866,828
Marny,150390,298
Marny,140736,462
Marny,135348,757
Marny,158036,876
Marny,143793,500
Marny,177047,323
Marny,116164,15
Marny,190705,28
Marny,137334,133
Marny,133399,591
Marny,161918,981
Marny,118171,563
Marny,106264,372
Marny,162267,51
Marny,136308,573
Marny,104147,433
Marny,131599,688
Marny,125531,240
Marny,125498,748
Marny,103218,656
Marny,128613,492
Marny,186688,632
Marny,170816,40
Marny,158605,753
Marny,100793,817
Marny,188176,420
Marny,198333,590
Marny,195274,430
Marny,104999,671
Marny,120495,812
Marny,156122,717
Marny,167320,545
Marny,173731,867
Marny,168968,970
Marny,116416,809
Marny,181037,539
Marny,154772,162
Marny,131800,749
Marny,178374,498
Marny,118805,353
Marny,195118,74
Marny,139666,113
Marny,189172,700
Marny,150589,552
Marny,180254,769
Marny,132002,6
Marny,138433,31
Marny,185026,736
Marny,196689,475
Marny,138602,664
Marny,108624,35
Marny,141769,310
Marny,131478,739
Marny,108285,515
Marny,104256,865
Marny,140645,284
Marny,114525,618
Marny,151675,590
Marny,125296,800
Marny,165445,740
Marny,126091,167
Marny,185644,569
Marny,111519,109
Marny,177244,664
Marny,157969,698
Marny,102430,245
Marny,190922,929
Marny,101351,415
Marny,186431,768
Marny,105531,155
Marny,128594,968
Marny,178676,745
Marny,113983,848
Marny,153918,829
Marny,113344,622
Marny,137444,447
Marny,174836,507
Marny,193460,364
Marny,142694,411
Marny,118806,769
Marny,154546,951
Marny,163025,907
Marny,125745,958
Marny,190217,801
Marny,151016,84
Marny,195501,804
Marny,127833,825
Marny,187888,716
Marny,194136,135
Marny,120021,933
Marny,145913,704
Marny,148889,833
Marny,125709,284
Marny,180787,659
Marny,141754,793
Marny,189860,18
Marny,166345,394
Marny,123318,97
Marny,149846,396
Marny,183073,35
Marny,165270,961
Marny,106909,405
Marny,173656,395
Marny,144351,984
Marny,183421,902
Marny,110239,762
Marny,165856,637
Marny,113447,920
Marny,134600,984
Marny,185470,476
Marny,145002,564
Marny,119888,628
Marny,184709,602
Marny,187149,178
Marny,197338,564
Marny,168101,187
Marny,191966,588
Marny,117491,26
Marny,192410,686
Marny,169711,30
Marny,119369,893
Marny,135852,549
Marny,150648,462
Marny,116216,942
Marny,111957,752
Marny,194112,378
Marny,155082,201
Marny,150214,499
Marny,119190,558
Marny,144592,360
Marny,154202,639
Marny,128740,807
Marny,122578,495
Marny,178686,299
Marny,191749,39
Marny,158525,657
Marny,136058,123
Marny,155256,777
Marny,143017,695
Marny,128515,614
Marny,170575,533
Marny,115508,485
Marny,178499,783
Marny,198268,550
Marny,161758,775
Marny,148880,892
Marny,198395,753
Marny,159150,977
Marny,192301,948
Marny,123708,305
Marny,184047,937
Marny,145758,160
Marny,169637,101
Marny,122380,160
Marny,149095,596
Marny,123500,910
Marny,136056,387
Marny,121023,652
Marny,167973,3
Marny,183379,671
Marny,125879,858
Marny,172010,920
Marny,158814,363
Marny,107716,526
Marny,194211,435
Marny,176234,65
Marny,159930,638
Marny,149906,884
Marny,113564,290
Marny,119815,974
Marny,138100,567
Marny,149640,281
Marny,196094,60
Marny,197927,405
Marny,162610,820
Marny,189589,879
Marny,172590,767
Marny,172266,649
Marny,161279,540
Marny,166868,909
Marny,160525,667
Marny,123724,986
Marny,129399,295
Marny,108616,723
Marny,167747,570
Marny,116010,584
Marny,177511,703
Marny,173207,672
Marny,144664,703
Marny,196853,483
Marny,168193,766
Marny,144838,374
Marny,187884,194
Marny,118989,230
Marny,124276,352
Marny,135002,85
Marny,147030,368
Marny,103062,423
Marny,128391,627
Marny,165889,408
Marny,110396,532
Marny,117009,323
Marny,174634,741
Marny,162308,154
Marny,166689,346
Marny,128527,306
Marny,134334,65
Marny,142215,559
Marny,108557,260
Marny,185158,638
Marny,132090,543
Marny,167055,35
Marny,144450,788
Marny,166142,661
Marny,171002,833
Marny,105389,570
Marny,198213,821
Marny,197746,97
Marny,125952,579
Marny,186158,755
Marny,141608,630
Marny,145196,444
Marny,112536,199
Marny,117500,221
Marny,112942,548
Marny,192023,86
Marny,118993,794
Marny,152659,641
Marny,128374,368
Marny,185651,2
Marny,128723,267
Marny,146948,139
Marny,174337,801
Marny,134377,451
Marny,179335,33
Marny,129767,561
Marny,196721,33
Marny,107417,611
Marny,140005,677
Mariko,154385,207
Mariko,138978,149
Mariko,171441,34
Mariko,155871,525
Mariko,137578,340
Mariko,193680,865
Mariko,127085,57
Mariko,100225,449
Mariko,171375,12
Mariko,132360,447
Mariko,131744,719
Mariko,144069,61
Mariko,114553,921
Mariko,152825,19
Mariko,119389,551
Mariko,188762,373
Mariko,103027,285
Mariko,141724,754
Mariko,139382,842
Mariko,131660,273
Mariko,129006,375
Mariko,192303,510
Mariko,142298,601
Mariko,120126,624
Mariko,156170,8
Mariko,182218,875
Mariko,124024,485
Mariko,147475,721
Mariko,162582,771
Mariko,171692,56
Mariko,158729,678
Mariko,197059,977
Mariko,130764,730
Mariko,108930,261
Mariko,107804,695
Mariko,177979,473
Mariko,127166,170
Mariko,130885,9
Mariko,159224,459
Mariko,163625,593
Mariko,147294,743
Mariko,155983,83
Mariko,109510,763
Mariko,146230,506
Mariko,132641,458
Mariko,174811,347
Mariko,115520,373
Mariko,110411,265
Mariko,159601,350
Mariko,165981,249
Mariko,111972,676
Mariko,199070,300
Mariko,143666,169
Mariko,193833,845
Mariko,107713,235
Mariko,199903,505
Mariko,127230,279
Mariko,137442,371
Mariko,167943,224
Mariko,141295,248
Mariko,184841,17
Mariko,110770,196
Mariko,126847,154
Mariko,105224,183
Mariko,151881,215
Mariko,175306,605
Mariko,103006,392
Mariko,171763,347
Mariko,168089,952
Mariko,199548,560
Mariko,163233,875
Mariko,160212,254
Mariko,173037,674
Mariko,105145,421
Mariko,164143,92
Mariko,153902,165
Mariko,140407,378
Mariko,105109,476
Mariko,187614,864
Mariko,150811,380
Mariko,126083,943
Mariko,113178,854
Mariko,169902,916
Mariko,102496,899
Mariko,143572,431
Mariko,125052,185
Mariko,122418,985
Mariko,168715,449
Mariko,104523,884
Mariko,146441,140
Mariko,177182,639
Mariko,153172,215
Mariko,184731,642
Mariko,110585,873
Mariko,110532,422
Mariko,139718,911
Mariko,164767,517
Mariko,131438,833
Mariko,102872,258
Mariko,175534,578
Mariko,171871,476
Mariko,144957,920
Mariko,156258,943
Mariko,116625,512
Mariko,169398,660
Mariko,120128,650
Mariko,124262,646
Mariko,103947,980
Mariko,161871,61
Mariko,171816,813
Mariko,126071,827
Mariko,143953,52
Mariko,173900,435
Mariko,154165,621
Mariko,168133,985
Mariko,105413,953
Mariko,193699,397
Mariko,187531,446
Mariko,106495,496
Mariko,166430,431
Mariko,136173,99
Mariko,128945,118
Mariko,197736,779
Mariko,119787,534
Mariko,140694,187
Mariko,199429,316
Mariko,138168,479
Mariko,110268,728
Mariko,197683,376
Mariko,123298,359
Mariko,114933,110
Mariko,155227,155
Mariko,181854,503
Mariko,107519,725
Mariko,186394,780
Mariko,136459,368
Mariko,111232,928
Mariko,141190,465
Mariko,187677,551
Mariko,166471,698
Mariko,166387,938
Mariko,109569,223
Mariko,104973,260
Mariko,178615,858
Mariko,141109,311
Mariko,100547,269
Mariko,135826,844
Mariko,185715,140
Mariko,160557,533
Mariko,153034,888
Mariko,182969,181
Mariko,128503,896
Mariko,122947,960
Mariko,198962,134
Mariko,147983,327
Mariko,185164,388
Mariko,117844,446
Mariko,199133,960
Mariko,104238,286
Mariko,165407,878
Mariko,119768,295
Mariko,116289,717
Mariko,153190,636
Mariko,119525,682
Mariko,190517,395
Mariko,129287,604
Mariko,112181,118
Mariko,172130,646
Mariko,104461,338
Mariko,180618,728
Mariko,186820,862
Mariko,117169,626
Mariko,122903,992
Mariko,149789,200
Mariko,172530,28
Mariko,198040,24
Mariko,160696,788
Mariko,157585,260
Mariko,165893,620
Mariko,137982,626
Mariko,106508,706
Mariko,136571,293
Mariko,103355,600
Mariko,142687,449
Mariko,194997,381
Mariko,148356,246
Mariko,185811,177
Mariko,161139,157
Mariko,155096,965
Mariko,179832,884
Mariko,190447,480
Mariko,143387,963
Mariko,182138,668
Mariko,153467,790
Mariko,121220,41
Mariko,165537,357
Mariko,192125,289
Mariko,147149,86
Mariko,104680,733
Mariko,119319,35
Mariko,164849,846
Mariko,101166,736
Mariko,151923,625
Mariko,193933,510
Mariko,182912,542
Mariko,171190,550
Mariko,116655,104
Mariko,122826,952
Mariko,150173,713
Mariko,152868,133
Mariko,117861,956
Mariko,111948,175
Mariko,171476,483
Mariko,114343,333
Mariko,199272,88
Mariko,193286,838
Mariko,138798,326
Mariko,187204,739
Mariko,107082,859
Mariko,108595,781
Mariko,116197,696
Mariko,181135,373
Mariko,120272,658
Mariko,118407,811
Mariko,165179,828
Mariko,127701,79
Mariko,106844,225
Mariko,141336,634
Mariko,114800,786
Mariko,133594,138
Mariko,131289,937
Mariko,156261,590
Mariko,198025,14
Mariko,109757,665
Mariko,114419,321
Mariko,104982,813
Mariko,142836,440
Mariko,119539,860
Mariko,151523,491
Mariko,145959,235
Mariko,128584,471
Mariko,154268,501
Mariko,188264,146
Mariko,128433,429
Mariko,112551,469
Mariko,172315,539
Mariko,120995,28
Mariko,189796,330
Mariko,147635,294
Mariko,137473,191
Mariko,115765,263
Mariko,108630,200
Mariko,143113,154
Mariko,182022,223
Mariko,148095,680
Mariko,141386,87
Mariko,110312,132
Mariko,130629,418
Mariko,106289,191
Mariko,183928,463
Mariko,163260,301
Mariko,157847,954
Mariko,132583,903
Mariko,196259,819
Mariko,101729,229
Mariko,177032,507
Mariko,181310,534
Mariko,151687,13
Mariko,150160,123
Mariko,100608,301
Mariko,175375,939
Mariko,199814,996
Mariko,199573,5
Mariko,111983,225
Mariko,179225,52
Mariko,118783,633
Mariko,186299,444
Mariko,110390,646
Mariko,183727,58
Mariko,102829,475
Mariko,122089,367
Mariko,174666,126
Mariko,164772,781
Mariko,132949,739
Mariko,183418,399
Mariko,102084,564
Mariko,100804,233
Mariko,144295,873
Mariko,173077,247
Mariko,157299,661
Mariko,138821,484
Mariko,100169,581
Mariko,115685,440
Mariko,114945,515
Mariko,102375,26
Mariko,103871,201
Mariko,105594,302
Mariko,181824,2
Mariko,122719,731
Mariko,101596,702
Mariko,169233,734
Mariko,105168,647
Mariko,125025,508
Mariko,163515,46
Mariko,133426,334
Mariko,169618,34
Mariko,150663,567
Mariko,125813,803
Mariko,195003,943
Mariko,118300,593
Mariko,143932,294
Mariko,182032,585
Mariko,170175,712
Mariko,128094,28
Mariko,172390,146
Mariko,183502,384
Mariko,166932,506
Mariko,106247,2
Mariko,123618,450
Mariko,103370,235
Mariko,167506,958
Mariko,172723,426
Mariko,144647,336
Mariko,150763,782
Mariko,137704,463
Mariko,159355,97
Mariko,181794,36
Mariko,185838,487
Mariko,131967,68
Mariko,125614,292
Mariko,167246,577
Mariko,178910,484
Mariko,176263,309
Mariko,115055,906
Mariko,107120,351
Mariko,125345,40
Mariko,166027,806
Mariko,181104,56
Mariko,168186,215
Mariko,169620,552
Mariko,104440,6
Mariko,152359,789
Mariko,167530,294
Mariko,136185,82
Mariko,130709,123
Mariko,158554,436
Mariko,139177,868
Mariko,128543,694
Mariko,100679,311
Mariko,157710,696
Mariko,159615,486
Mariko,181265,314
Mariko,165593,636
Mariko,137437,8
Mariko,169325,907
Mariko,133683,433
Mariko,146360,757
Mariko,111424,656
Mariko,115526,647
Mariko,193865,95
Mariko,169125,255
Mariko,108350,91
Mariko,131595,621
Mariko,131477,645
Mariko,158397,638
Mariko,195076,151
Mariko,185062,806
Mariko,148325,572
Mariko,130427,681
Mariko,135828,94
Mariko,159300,11
Mariko,132825,139
Mariko,110064,885
Mariko,120553,58
Mariko,180721,27
Mariko,144817,534
Mariko,143731,155
Mariko,164751,682
Mariko,123654,6
Mariko,135851,852
Mariko,197445,382
Mariko,198328,717
Mariko,187310,493
Mariko,146726,436
Mariko,161527,139
Mariko,191341,551
Mariko,154754,598
Mariko,175691,625
Mariko,177744,765
Mariko,161566,177
Mariko,162547,806
Mariko,184363,344
Mariko,197405,343
Mariko,121316,544
Mariko,174548,244
Mariko,141820,637
Mariko,142776,592
Mariko,131426,572
Mariko,165510,589
Mariko,124063,6
Mariko,146343,86
Mariko,132315,333
Mariko,111537,471
Mariko,117749,261
Mariko,124220,629
Mariko,139327,827
Mariko,111270,243
Mariko,135472,160
Mariko,155790,293
Mariko,154384,237
Mariko,138278,148
Mariko,174889,377
Mariko,194084,5
Mariko,145617,542
Mariko,104493,434
Mariko,144244,427
Mariko,161270,485
Mariko,130543,873
Mariko,133623,819
Mariko,140885,956
Mariko,170138,677
Mariko,199441,708
Mariko,133624,744
Mariko,114231,827
Mariko,161114,412
Mariko,145040,241
Mariko,135844,862
Mariko,170042,815
Mariko,193614,460
Mariko,165910,586
Mariko,140255,82
Mariko,193637,449
Mariko,145574,874
Mariko,107159,2
Mariko,121542,125
Mariko,147171,954
Mariko,177316,60
Mariko,175797,903
Mariko,134847,985
Mariko,184254,109
Mariko,103478,120
Mariko,180736,145
Mariko,110076,997
Mariko,148474,116
Mariko,138266,748
Mariko,138956,357
Mariko,133656,298
Mariko,141185,832
Mariko,138367,481
Mariko,122172,377
Mariko,136230,218
Mariko,112230,349
Mariko,100914,547
Mariko,114712,307
Mariko,138196,64
Mariko,195736,850
Mariko,136892,421
Mariko,179608,57
Mariko,190248,782
Mariko,144108,243
Mariko,175374,479
Mariko,181806,592
Mariko,191609,151
Mariko,144464,314
Mariko,118707,982
Mariko,157628,373
Mariko,144279,575
Mariko,199929,575
Mariko,132888,255
Mariko,116406,447
Mariko,169357,891
Mariko,180213,922
Mariko,116500,792
Mariko,198224,787
Mariko,115217,598
Mariko,100797,287
Mariko,191398,328
Mariko,106776,723
Mariko,104187,546
Mariko,124297,184
Mariko,160299,397
Mariko,167594,657
Mariko,177742,428
Mariko,142064,358
Mariko,134038,194
Mariko,159135,896
Mariko,193358,660
Mariko,133577,817
Mariko,137527,759
Mariko,105951,77
Mariko,186628,304
Mariko,180943,458
Mariko,128361,457
Mariko,150790,452
Mariko,161309,995
Mariko,138562,969
Mariko,165150,356
Mariko,187059,807
Mariko,118955,660
Mariko,157360,111
Mariko,142262,625
Mariko,174816,573
Mariko,125086,821
Mariko,132474,987
Mariko,175422,353
Mariko,194074,742
Mariko,136175,133
Mariko,126023,712
Mariko,151314,227
Mariko,146302,739
Mariko,111788,144
Mariko,186274,947
Mariko,101035,38
Mariko,100453,222
Mariko,117851,233
Mariko,132421,266
Mariko,168416,116
Mariko,190335,976
Mariko,139585,44
Mariko,128596,560
Mariko,188476,520
Mariko,166678,767
Mariko,104883,18
Mariko,187216,288
Mariko,106527,283
Mariko,121207,314
Mariko,134211,223
Mariko,105148,512
Mariko,138628,521
Mariko,178117,678
Mariko,102331,937
Mariko,113360,481
Mariko,151435,12
Mariko,182009,693
Mariko,117468,456
Mariko,136765,368
Mariko,117035,447
Mariko,167344,427
Mariko,119197,52
Mariko,105937,299
Mariko,123893,785
Mariko,112617,48
Mariko,168319,333
Mariko,156748,474
Mariko,119466,256
Mariko,185722,287
Mariko,106656,905
Mariko,132412,183
Mariko,149602,626
Mariko,174855,473
Mariko,155969,987
Mariko,165169,110
Mariko,184219,125
Mariko,161645,223
Mariko,101768,162
Mariko,171137,693
Mariko,123834,960
Mariko,121837,602
Mariko,172135,38
Mariko,144813,47
Mariko,166442,995
Mariko,187327,999
Mariko,159372,595
Mariko,178134,385
Mariko,180444,594
Mariko,168442,402
Mariko,120489,23
Mariko,155774,808
Mariko,156157,68
Mariko,136736,246
Mariko,136240,276
Mariko,139349,500
Mariko,110569,69
Mariko,122305,17
Mariko,123813,143
Mariko,180631,169
Mariko,126589,409
Mariko,124509,293
Mariko,159227,223
Mariko,172935,789
Mariko,139031,788
Mariko,180935,450
Mariko,100015,418
Mariko,142631,840
Mariko,103760,402
Mariko,195051,464
Mariko,176288,807
Mariko,112930,23
Mariko,140268,199
Mariko,192789,543
Mariko,186252,26
Mariko,178402,651
Mariko,135142,513
Mariko,150263,443
Mariko,180193,816
Mariko,103719,554
Mariko,170203,161
Mariko,111337,35
Mariko,196561,25
Mariko,130177,991
Mariko,123178,167
Mariko,192614,810
Mariko,148410,968
Mariko,158485,105
Mariko,156343,979
Mariko,154913,58
Mariko,174273,778
Mariko,100959,693
Mariko,147489,286
Mariko,145881,776
Mariko,140250,885
Mariko,198622,812
Mariko,197560,435
Mariko,105392,864
Mariko,165668,695
Mariko,127901,109
Mariko,142426,763
Mariko,191623,789
Mariko,196576,930
Mariko,101056,57
Mariko,142561,450
Mariko,161628,282
Mariko,191583,923
Mariko,153169,145
Mariko,181882,546
Mariko,151134,633
Mariko,101709,708
Mariko,153167,209
Mariko,178375,557
Mariko,161098,768
Mariko,139802,570
Mariko,111027,18
Mariko,190117,767
Mariko,116586,890
Mariko,187044,668
Mariko,154456,831
Mariko,194342,512
Mariko,118931,511
Mariko,111511,529
Mariko,141806,507
Mariko,188095,301
Mariko,147582,421
Mariko,169680,692
Mariko,126857,546
Mariko,187330,456
Mariko,123930,494
Mariko,183987,395
Mariko,122627,377
Mariko,109287,144
Mariko,198649,440
Mariko,116252,936
Mariko,113340,485
Mariko,192572,443
Mariko,121467,714
Mariko,101209,339
Mariko,132214,809
Mariko,196894,914
Mariko,100316,987
Mariko,118353,180
Mariko,150471,81
Mariko,136491,185
Mariko,130661,440
Mariko,130471,791
Mariko,152112,176
Mariko,195194,564
Mariko,119175,74
Mariko,119997,541
Mariko,182983,663
Mariko,153694,810
Mariko,184856,882
Mariko,190478,717
Mariko,174677,867
Mariko,123395,50
Mariko,126659,806
Mariko,188811,612
Mariko,181031,479
Mariko,160222,808
Mariko,198377,177
Mariko,160822,74
Mariko,136740,166
Mariko,105992,413
Mariko,194899,349
Mariko,125163,801
Mariko,170918,571
Mariko,134368,282
Mariko,161748,853
Mariko,190404,494
Mariko,147452,181
Mariko,111987,408
Mariko,154586,425
Mariko,135638,62
Mariko,124413,81
Mariko,130344,293
Mariko,174562,861
Mariko,103984,188
Mariko,159686,505
Mariko,176679,629
Mariko,153968,650
Mariko,184934,158
Mariko,188369,31
Mariko,104584,645
Mariko,138414,683
Mariko,155240,694
Mariko,115626,897
Mariko,180085,449
Mariko,192808,863
Mariko,179031,437
Mariko,168654,716
Mariko,184503,849
Mariko,105665,949
Mariko,180590,293
Mariko,170122,47
Mariko,149317,613
Mariko,172502,306
Mariko,193851,6
Mariko,139835,828
Mariko,124567,896
Mariko,100442,696
Mariko,131412,612
Mariko,113655,95
Mariko,106953,953
Mariko,194568,381
Mariko,147532,181
Mariko,163485,631
Mariko,186038,155
Mariko,125692,355
Mariko,154977,450
Mariko,198560,881
Mariko,194688,80
Mariko,149399,219
Mariko,106035,530
Mariko,146564,925
Mariko,154102,226
Mariko,133153,597
Mariko,110473,511
Mariko,191697,218
Mariko,107975,784
Mariko,160047,922
Mariko,144648,225
Mariko,150099,567
Mariko,111786,431
Mariko,164534,623
Mariko,101940,785
Mariko,168422,997
Mariko,115000,16
Mariko,193107,48
Mariko,142889,717
Mariko,157709,749
Mariko,109704,339
Mariko,188232,784
Mariko,192706,621
Mariko,161010,932
Mariko,148910,534
Mariko,143433,878
Mariko,132153,344
Mariko,193321,443
Mariko,156025,453
Mariko,156148,603
Mariko,190870,9
Mariko,190393,163
Mariko,129580,384
Mariko,185266,47
Mariko,106201,942
Mariko,176371,1000
Mariko,110274,620
Mariko,114728,199
Mariko,190143,622
Mariko,117759,480
Mariko,114657,935
Mariko,100967,4
Mariko,104836,701
Mariko,171821,165
Mariko,151703,175
Mariko,128364,236
Mariko,150517,282
Mariko,189795,546
Mariko,170644,141
Mariko,145854,162
Mariko,148898,182
Mariko,124964,41
Mariko,108219,382
Mariko,143498,167
Mariko,194893,798
Mariko,154592,638
Mariko,124061,663
Mariko,180614,149
Mariko,126095,895
Mariko,149299,905
Mariko,176851,418
Mariko,103762,988
Mariko,116317,110
Mariko,135956,535
Mariko,122498,38
Mariko,113003,240
Mariko,145584,319
Mariko,183039,842
Mariko,103725,387
Mariko,160854,117
Mariko,110771,946
Mariko,169488,441
Mariko,147675,398
Mariko,152327,928
Mariko,126784,424
Mariko,108847,431
Mariko,151196,388
Mariko,121946,747
Mariko,173153,791
Mariko,100730,468
Mariko,166855,696
Mariko,153408,518
Mariko,160777,757
Mariko,126951,362
Mariko,199269,332
Mariko,163732,524
Mariko,169691,111
Mariko,169729,884
Mariko,189934,492
Mariko,135545,206
Mariko,171317,398
Mariko,150508,46
Mariko,155056,312
Mariko,181165,727
Mariko,103639,66
Mariko,110237,351
Mariko,165773,874
Mariko,180778,554
Mariko,103467,225
Mariko,127598,998
Mariko,136514,69
Mariko,162936,737
Mariko,117063,248
Mariko,131083,270
Mariko,114083,5
Mariko,133919,122
Mariko,157366,317
Mariko,145820,121
Mariko,147197,440
Mariko,127084,754
Mariko,194182,858
Mariko,184285,959
Mariko,130936,618
Mariko,120007,178
Mariko,115568,672
Mariko,194312,792
Mariko,134044,432
Mariko,129909,924
Mariko,191191,49
Mariko,185881,139
Mariko,147366,30
Mariko,106357,457
Mariko,181739,435
Mariko,151518,68
Mariko,177301,983
Mariko,121891,889
Mariko,122562,282
Mariko,180303,639
Mariko,146177,263
Mariko,182867,856
Mariko,150040,437
Mariko,146500,90
Mariko,143278,71
Mariko,108987,564
Mariko,147792,968
Mariko,137491,745
Mariko,188681,910
Mariko,149922,227
Mariko,191972,877
Mariko,186842,36
Mariko,174530,597
Mariko,172477,78
Mariko,153175,970
Mariko,162091,522
Mariko,172511,572
Mariko,179808,573
Mariko,126992,738
Mariko,102524,106
Mariko,151242,744
Mariko,143447,223
Mariko,107447,493
Mariko,164299,666
Mariko,155775,773
Mariko,164976,248
Mariko,151100,497
Mariko,188608,974
Mariko,144605,971
Mariko,199157,799
Mariko,113209,445
Mariko,176155,941
Mariko,104860,920
Mariko,160788,163
Mariko,156477,226
Mariko,198150,521
Mariko,125287,570
Mariko,142540,953
Mariko,118448,995
Mariko,147605,354
Mariko,175008,792
Mariko,160444,152
Mariko,129169,272
Mariko,187602,955
Mariko,185950,488
Mariko,195497,637
Mariko,126785,700
Mariko,139698,998
Mariko,180300,532
Mariko,133989,26
Mariko,159339,601
Mariko,181978,776
Mariko,153597,131
Mariko,105593,425
Mariko,142194,335
Mariko,106714,959
Mariko,135478,934
Mariko,146153,34
Mariko,149172,979
Mariko,124955,442
Mariko,149835,97
Mariko,124660,464
Mariko,183542,279
Mariko,134146,679
Mariko,141341,212
Mariko,145247,913
Mariko,136904,676
Mariko,164139,37
Mariko,176709,936
Mariko,171986,632
Mariko,162832,380
Mariko,100425,151
Mariko,123485,649
Mariko,148776,457
Mariko,188981,977
Mariko,163649,845
Mariko,197634,932
Mariko,118224,796
Mariko,136389,591
Mariko,191861,504
Mariko,111112,73
Mariko,196096,507
Mariko,121849,713
Mariko,190040,519
Mariko,180603,378
Mariko,165217,61
Mariko,185632,725
Mariko,116515,77
Mariko,173202,280
Mariko,197502,384
Mariko,169334,869
Mariko,141288,535
Mariko,166373,848
Mariko,198071,546
Mariko,165483,844
Mariko,145710,363
Mariko,194238,174
Mariko,155141,32
Mariko,142412,361
Mariko,147856,336
Mariko,109275,49
Mariko,169725,893
Mariko,110430,894
Mariko,123281,577
Mariko,119424,560
Mariko,175663,504
Mariko,142206,985
Mariko,174661,32
Mariko,185798,263
Mariko,124859,701
Mariko,159580,953
Mariko,164029,104
Mariko,199081,216
Mariko,145346,925
Mariko,103497,919
Mariko,165679,602
Mariko,118778,366
Mariko,112906,629
Mariko,130976,256
Mariko,164522,590
Mariko,176546,590
Mariko,106877,220
Mariko,182716,387
Mariko,104592,87
Mariko,193884,168
Mariko,190822,79
Mariko,160628,302
Mariko,189893,543
Mariko,162366,635
Mariko,188809,422
Mariko,173904,53
Mariko,106951,772
Mariko,171129,39
Mariko,109938,868
Mariko,199534,506
Mariko,164244,756
Mariko,127811,161
Mariko,102359,462
Mariko,151981,999
Mariko,160100,927
Mariko,122505,748
Mariko,147132,351
Mariko,115808,297
Mariko,140540,254
Mariko,183220,369
Mariko,157754,839
Mariko,123279,938
Mariko,177501,125
Mariko,177283,999
Mariko,150992,814
Mariko,130679,720
Mariko,101989,770
Mariko,121103,940
Mariko,177270,71
Mariko,198383,939
Mariko,162204,269
Mariko,154895,639
Mariko,197299,188
Mariko,177936,117
Mariko,111303,595
Mariko,148647,540
Mariko,199099,580
Mariko,140902,155
Mariko,189449,897
Mariko,102627,898
Mariko,148770,469
Mariko,197053,364
Mariko,191849,753
Mariko,159062,914
Mariko,196435,793
Mariko,184132,734
Mariko,137446,622
Mariko,196072,670
Mariko,104268,214
Mariko,132408,866
Macy,109476,136
Macy,108369,998
Macy,116299,900
Macy,142474,89
Macy,163158,126
Macy,182200,295
Macy,120950,359
Macy,188267,56
Macy,165250,525
Macy,112392,581
Macy,146061,386
Macy,116212,144
Macy,166304,18
Macy,155908,715
Macy,157942,671
Macy,192437,345
Macy,107853,415
Macy,149088,332
Macy,190793,685
Macy,147701,528
Macy,107213,934
Macy,135558,26
Macy,146512,798
Macy,196022,580
Macy,179459,316
Macy,172505,501
Macy,103920,308
Macy,117475,855
Macy,128660,67
Macy,141779,822
Macy,196637,91
Macy,126587,96
Macy,177313,192
Macy,116621,138
Macy,154155,344
Macy,184767,290
Macy,166560,826
Macy,102957,565
Macy,176393,275
Macy,107367,239
Macy,132248,739
Macy,155167,790
Macy,158415,244
Macy,197869,166
Macy,113544,222
Macy,172460,900
Macy,180104,731
Macy,111674,389
Macy,192163,416
Macy,196785,588
Macy,125128,992
Macy,190658,926
Macy,198929,957
Macy,107830,916
Macy,193552,562
Macy,123788,57
Macy,117865,776
Macy,140738,881
Macy,185622,846
Macy,180245,520
Macy,174866,282
Macy,160404,38
Macy,176213,123
Macy,109758,848
Macy,143084,863
Macy,134155,373
Macy,162939,686
Macy,177085,248
Macy,160757,648
Macy,119965,16
Macy,189204,841
Macy,105457,937
Macy,150635,467
Macy,130340,854
Macy,127593,563
Macy,165199,641
Macy,100208,174
Macy,147177,105
Macy,128262,950
Macy,136558,619
Macy,139948,900
Macy,140361,993
Macy,143069,130
Macy,195109,505
Macy,150012,449
Macy,119684,696
Macy,108005,247
Macy,138472,9
Macy,151494,106
Macy,137351,572
Macy,160408,160
Macy,185672,754
Macy,148570,774
Macy,152106,926
Macy,158014,807
Macy,108186,413
Macy,152910,594
Macy,124887,628
Macy,149947,56
Macy,136523,182
Macy,133368,808
Macy,185898,27
Macy,187811,948
Macy,157557,661
Macy,140892,118
Macy,181625,565
Macy,121931,84
Macy,178435,275
Macy,118040,824
Macy,195777,345
Macy,144667,74
Macy,117737,860
Macy,153281,957
Macy,199392,188
Macy,196722,836
Macy,162460,290
Macy,153614,826
Macy,127396,558
Macy,123877,635
Macy,108091,312
Macy,132708,232
Macy,114734,552
Macy,168225,560
Macy,127118,518
Macy,104537,592
Macy,105122,994
Macy,128017,234
Macy,156626,177
Macy,104804,128
Macy,144263,876
Macy,128777,383
Macy,189619,841
Macy,136395,398
Macy,125837,977
Macy,139183,511
Macy,187161,533
Macy,103957,532
Macy,121415,934
Macy,106219,399
Macy,101752,300
Macy,102370,256
Macy,164729,112
Macy,173976,379
Macy,122347,146
Macy,123559,321
Macy,150227,280
Macy,147979,35
Macy,117876,63
Macy,150894,497
Macy,130863,335
Macy,144855,644
Macy,162560,583
Macy,184169,647
Macy,136875,58
Macy,113543,290
Macy,137960,722
Macy,144643,839
Macy,171695,278
Macy,100602,704
Macy,163064,701
Macy,175251,667
Macy,169408,788
Macy,116372,852
Macy,175703,971
Macy,164537,700
Macy,129107,981
Macy,144821,8
Macy,183416,981
Macy,100829,550
Macy,163407,888
Macy,169588,681
Macy,129595,407
Macy,168742,635
Macy,147200,542
Macy,134048,552
Macy,106253,153
Macy,174831,494
Macy,132884,812
Macy,192144,476
Macy,119867,773
Macy,176299,607
Macy,188804,220
Macy,169137,24
Macy,159453,638
Macy,153132,783
Macy,175391,314
Macy,105066,277
Macy,134367,298
Macy,132680,160
Macy,138048,507
Macy,150934,951
Macy,125394,838
Macy,147101,354
Macy,106055,162
Macy,141734,845
Macy,128037,763
Macy,167644,643
Macy,107397,220
Macy,133004,312
Macy,188705,146
Macy,115477,560
Macy,132599,525
Macy,151297,739
Macy,182728,596
Macy,173513,558
Macy,113212,292
Macy,132303,186
Macy,118574,949
Macy,170714,816
Macy,115024,726
Macy,180036,914
Macy,129536,983
Macy,103848,875
Macy,177037,856
Macy,175165,720
Macy,125396,742
Macy,171848,776
Macy,125759,212
Macy,178503,70
Macy,110706,175
Macy,179990,698
Macy,115452,341
Macy,158793,283
Macy,127912,33
Macy,142936,56
Macy,192813,970
Macy,192007,204
Macy,163671,791
Macy,102135,169
Macy,151105,273
Macy,193089,255
Macy,175421,613
Macy,189993,120
Macy,117099,531
Macy,129913,223
Macy,139128,417
Macy,154334,23
Macy,128687,312
Macy,175476,371
Macy,198243,773
Macy,177743,158
Macy,107035,257
Macy,162255,422
Macy,123996,560
Macy,119215,338
Macy,113333,803
Macy,133653,116
Macy,167989,597
Macy,141013,226
Macy,137010,206
Macy,199682,502
Macy,135097,974
Macy,115732,577
Macy,128380,323
Macy,124182,752
Macy,141730,291
Macy,101379,323
Macy,129731,375
Macy,163944,537
Macy,118506,29
Macy,121645,393
Macy,168943,556
Macy,162232,467
Macy,187478,443
Macy,199425,946
Macy,101927,197
Macy,105211,136
Macy,144949,669
Macy,143667,572
Macy,101323,368
Macy,177915,427
Macy,122676,429
Macy,108127,937
Macy,148768,854
Macy,156346,203
Macy,160841,923
Macy,178674,714
Macy,161926,373
Macy,125734,887
Macy,119339,141
Macy,182516,821
Macy,100652,854
Macy,154200,706
Macy,153390,633
Macy,113558,182
Macy,163737,350
Macy,107472,714
Macy,153129,41
Macy,128958,980
Macy,115809,113
Macy,112234,135
Macy,138606,599
Macy,172069,510
Macy,177121,295
Macy,105509,595
Macy,183597,320
Macy,112520,690
Macy,158619,697
Macy,197934,493
Macy,134770,497
Macy,189674,68
Macy,155624,351
Macy,115156,272
Macy,138949,384
Macy,198012,958
Macy,178680,322
Macy,115900,307
Macy,170082,815
Macy,118390,69
Macy,110134,107
Macy,150623,818
Macy,102681,991
Macy,119662,47
Macy,118624,380
Macy,136061,660
Macy,164669,608
Macy,163449,700
Macy,165926,464
Macy,121944,769
Macy,198911,158
Macy,132872,826
Macy,150813,228
Macy,110726,402
Macy,162444,88
Macy,168207,38
Macy,148110,889
Macy,179267,841
Macy,174806,926
Macy,169250,171
Macy,173249,30
Macy,119099,905
Macy,193439,803
Macy,191435,678
Macy,125696,458
Macy,183557,937
Macy,146614,746
Macy,195389,826
Macy,125443,405
Macy,110695,32
Macy,187713,143
Macy,104954,148
Macy,159638,828
Macy,167481,893
Macy,192641,59
Macy,141955,616
Macy,161036,52
Macy,187029,243
Macy,126771,648
Macy,169318,445
Macy,195961,123
Macy,173631,600
Macy,102933,453
Macy,106387,171
Macy,126229,159
Macy,109455,402
Macy,114471,384
Macy,156895,535
Macy,145672,23
Macy,122359,791
Macy,123021,409
Macy,121960,414
Macy,103805,873
Macy,198044,865
Macy,104232,924
Macy,109175,638
Macy,102465,830
Macy,172328,10
Macy,142798,351
Macy,192670,344
Macy,101783,291
Macy,122979,764
Macy,163573,86
Macy,133926,392
Macy,128523,631
Macy,120521,259
Macy,183026,494
Macy,144497,974
Macy,199112,825
Macy,178785,576
Macy,112496,889
Macy,129232,303
Macy,146111,217
Macy,167302,969
Macy,150899,70
Macy,182082,823
Macy,143243,727
Macy,161118,527
Macy,109679,98
Macy,111308,315
Macy,187898,428
Macy,162747,804
Macy,193482,893
Macy,111339,297
Macy,195730,427
Macy,155867,191
Macy,193704,374
Macy,168160,565
Macy,148111,413
Macy,174338,746
Macy,196261,385
Macy,137052,212
Macy,188028,182
Macy,115173,20
Macy,185684,358
Macy,163581,107
Macy,159169,683
Macy,118508,215
Macy,150839,821
Macy,188237,695
Macy,186767,468
Macy,163668,404
Macy,162677,912
Macy,101630,375
Macy,171307,989
Macy,162126,839
Macy,126381,253
Macy,160739,954
Macy,179529,839
Macy,135533,726
Macy,189805,197
Macy,175877,341
Macy,136451,352
Macy,123758,306
Macy,188372,711
Macy,188323,367
Macy,141697,946
Macy,146434,571
Macy,152770,243
Macy,177499,426
Macy,110838,910
Macy,102710,299
Macy,193088,425
Macy,123859,326
Macy,105796,492
Macy,195561,232
Macy,159029,829
Macy,180468,155
Macy,142576,452
Macy,120680,457
Macy,197485,10
Macy,136372,407
Macy,169080,180
Macy,166093,749
Macy,129002,89
Macy,182249,68
Macy,154507,598
Macy,145367,532
Macy,172848,975
Macy,138064,962
Macy,119249,555
Macy,198339,35
Macy,135560,616
Macy,166918,544
Macy,136196,729
Macy,187885,92
Macy,189043,33
Macy,109585,225
Macy,185033,434
Macy,111777,510
Macy,104719,708
Macy,130817,88
Macy,183620,469
Macy,141010,970
Macy,137827,137
Macy,182530,644
Macy,111558,449
Macy,119202,779
Macy,144459,881
Macy,127188,173
Macy,108412,891
Macy,148907,285
Macy,105295,740
Macy,161419,389
Macy,125027,731
Macy,118315,177
Macy,170226,204
Macy,115277,623
Macy,143285,763
Macy,157394,83
Macy,101571,169
Macy,193186,574
Macy,144837,399
Macy,187792,94
Macy,149153,581
Macy,142454,266
Macy,137191,854
Macy,114985,593
Macy,161595,688
Macy,120517,773
Macy,125532,476
Macy,168263,34
Macy,168224,744
Macy,191574,675
Macy,168609,161
Macy,108667,357
Macy,124140,812
Macy,185853,717
Macy,103124,663
Macy,140852,997
Macy,166479,850
Macy,163051,167
Macy,184352,511
Macy,184138,412
Macy,146386,82
Macy,162388,16
Macy,175081,743
Macy,103744,749
Macy,175623,458
Macy,157501,338
Macy,133922,3
Macy,197600,907
Macy,197580,643
Macy,128284,756
Macy,179355,13
Macy,189640,598
Macy,196053,493
Macy,171359,310
Macy,137098,164
Macy,108695,294
Macy,183723,361
Macy,165838,535
Macy,197876,567
Macy,178587,223
Macy,170494,529
Macy,148218,603
Macy,181874,52
Macy,190020,588
Macy,184182,614
Macy,183087,322
Macy,149323,408
Macy,147929,175
Macy,143105,373
Macy,184517,906
Macy,159807,216
Macy,101148,1
Macy,193491,521
Macy,145330,917
Macy,144668,257
Macy,193323,542
Macy,136311,956
Macy,136434,429
Macy,187567,955
Macy,104282,513
Macy,166157,110
Macy,190639,283
Macy,140294,411
Macy,194913,166
Macy,152011,387
Macy,190418,845
Macy,135172,0
Macy,144308,187
Macy,195316,239
Macy,134372,609
Macy,192455,468
Macy,152902,515
Macy,109396,954
Macy,149937,982
Macy,151693,627
Macy,157794,89
Macy,181102,587
Macy,171707,880
Macy,135325,387
Macy,102831,906
Macy,174904,156
Macy,193394,720
Macy,112594,382
Macy,192401,981
Macy,153001,593
Macy,137821,609
Macy,149455,239
Macy,171555,142
Macy,187651,527
Macy,152652,306
Macy,141043,530
Macy,158972,735
Macy,175283,537
Macy,168149,759
Macy,114134,868
Macy,147865,997
Macy,182990,68
Macy,171509,168
Macy,164168,160
Macy,191061,837
Macy,170652,354
Macy,180230,187
Macy,179555,718
Macy,122610,356
Macy,156597,315
Macy,128565,555
Macy,143472,33
Macy,175780,780
Macy,197032,339
Macy,142872,116
Macy,190308,929
Macy,157246,214
Macy,167230,965
Macy,119939,230
Macy,150425,983
Macy,127395,606
Macy,185196,274
Macy,190689,991
Macy,155997,705
Macy,107098,357
Macy,198805,113
Macy,159379,762
Macy,195177,400
Macy,184527,475
Macy,161343,588
Macy,148069,733
Macy,181397,583
Macy,148106,720
Macy,103288,598
Macy,101941,810
Macy,195720,297
Macy,157755,252
Macy,112654,875
Macy,145345,240
Macy,126818,955
Macy,188734,946
Macy,132727,126
Macy,100723,636
Macy,138180,97
Macy,179162,921
Macy,149282,883
Macy,188664,117
Macy,168145,739
Macy,116856,202
Macy,186814,855
Macy,122875,52
Macy,168058,583
Macy,145285,322
Macy,107608,12
Macy,125939,959
Macy,114574,928
Macy,198477,396
Macy,107871,509
Macy,114192,813
Macy,105002,297
Macy,165404,536
Macy,127493,672
Macy,109595,358
Macy,198162,497
Macy,185014,912
Macy,194332,202
Macy,158937,650
Macy,173615,657
Macy,145800,72
Macy,137788,604
Macy,168023,417
Macy,197532,376
Macy,150143,340
Macy,125838,992
Macy,199273,254
Macy,131805,922
Macy,125255,198
Macy,126651,835
Macy,111208,240
Macy,111253,326
Macy,168726,582
Macy,198712,857
Macy,177690,888
Macy,178277,462
Macy,140561,563
Macy,132841,511
Macy,123557,785
Macy,152131,260
Macy,107503,566
Macy,110101,193
Macy,116715,999
Macy,130958,376
Macy,176142,892
Macy,140798,139
Macy,148194,857
Macy,110982,915
Macy,143872,53
Macy,166348,443
Macy,148854,120
Macy,142100,756
Macy,142141,23
Macy,178766,831
Macy,104841,716
Macy,117647,849
Macy,166201,369
Macy,162096,970
Macy,102311,354
Macy,177476,840
Macy,181767,827
Macy,182565,21
Macy,149816,807
Macy,160862,727
Macy,195196,334
Macy,100678,453
Macy,104298,288
Macy,161653,297
Macy,174558,668
Macy,153427,748
Macy,140601,932
Macy,159201,416
Macy,131220,587
Macy,138033,629
Macy,180210,626
Macy,172254,2
Macy,131905,999
Macy,179804,556
Macy,175365,475
Macy,171796,438
Macy,159166,712
Macy,138490,377
Macy,170269,913
Macy,178029,698
Macy,174986,3
Macy,108954,220
Macy,109910,309
Macy,127711,783
Macy,176993,64
Macy,180511,194
Macy,142050,305
Macy,123986,845
Macy,172021,578
Macy,196745,336
Macy,113248,219
Macy,175244,709
Macy,194336,339
Macy,160007,993
Macy,106165,412
Macy,173055,601
Macy,181297,474
Macy,129320,85
Macy,129697,376
Macy,188910,169
Macy,151645,648
Macy,124947,704
Macy,108977,124
Macy,183849,894
Macy,191559,472
Macy,114330,42
Macy,116446,386
Macy,176532,613
Macy,116524,255
Macy,112447,967
Macy,112386,638
Macy,124753,388
Macy,190163,488
Macy,162883,578
Macy,151396,5
Macy,127093,890
Macy,197752,353
Macy,135202,108
Macy,165542,518
Macy,124458,883
Macy,190294,171
Macy,144500,247
Macy,164363,99
Macy,140459,613
Macy,186236,177
Macy,109508,327
Macy,155981,202
Macy,189782,810
Macy,186344,556
Macy,125577,344
Macy,178703,126
Macy,187347,637
Macy,186321,598
Macy,149771,205
Macy,124015,515
Macy,186573,71
Macy,161652,422
Macy,120776,561
Macy,110743,580
Macy,137857,327
Macy,153590,853
Macy,146461,506
Macy,192804,877
Macy,147916,185
Macy,127913,41
Macy,193718,183
Macy,192029,779
Macy,146409,352
Macy,117237,46
Macy,143863,599
Macy,172452,452
Macy,116124,833
Macy,197342,915
Macy,137512,858
Macy,189992,952
Macy,173722,760
Macy,146303,401
Macy,168824,447
Macy,163283,779
Macy,156415,938
Macy,153677,133
Macy,173359,251
Macy,113243,186
Macy,104065,670
Macy,196032,278
Macy,167351,466
Macy,153376,513
Macy,115818,359
Macy,154311,774
Macy,170480,516
Macy,107156,169
Macy,175546,91
Macy,132223,409
Macy,127597,56
Macy,138107,471
Macy,186242,328
Macy,132209,691
Macy,162721,431
Macy,169756,927
Macy,172931,998
Macy,105488,126
Macy,199495,696
Macy,199110,956
Macy,130903,837
Macy,169118,99
Macy,139149,559
Macy,142483,632
Macy,194538,180
Macy,152483,574
Macy,150719,826
Macy,173864,801
Macy,149435,464
Macy,159458,884
Macy,125170,512
Macy,188127,403
Macy,157593,585
Macy,156986,315
Macy,171291,738
Macy,159267,377
Macy,110137,4
Macy,159565,971
Macy,146438,829
Macy,140938,950
Macy,160195,877
Macy,136153,791
Macy,122003,322
Macy,163128,55
Macy,131470,687
Macy,120859,443
Macy,176379,4
Macy,197004,384
Macy,124508,888
Macy,125891,567
Macy,123851,812
Macy,142195,896
Macy,131706,682
Macy,111799,724
Macy,136572,21
Macy,197431,282
Macy,194013,295
Macy,168490,504
Macy,144211,100
Macy,116826,857
Macy,160899,108
Macy,180715,143
Macy,199715,46
Macy,194554,853
Macy,189466,892
Macy,189079,304
Macy,154486,814
Macy,144199,761
Macy,184142,351
Macy,134188,56
Macy,117449,621
Macy,196563,854
Macy,134527,432
Macy,107180,256
Macy,168985,754
Macy,184267,88
Macy,193913,954
Macy,169207,699
Macy,140533,992
Macy,164617,973
Macy,131445,838
Macy,194462,751
Macy,174791,59
Macy,128162,888
Macy,153900,735
Macy,122353,892
Macy,173721,541
Macy,113210,988
Macy,101761,932
Macy,101477,185
Macy,145677,47
Macy,127349,447
Macy,102256,653
Macy,119194,35
Macy,178697,174
Macy,157893,859
Macy,189772,443
Macy,115239,205
Macy,103540,812
Macy,171874,892
Macy,195020,539
Macy,157370,111
Macy,109525,820
Macy,139853,440
Macy,100972,839
Macy,165235,786
Macy,193083,681
Macy,100801,701
Macy,142844,993
Macy,138983,858
Macy,198272,683
Macy,135444,874
Macy,103513,448
Macy,171621,984
Macy,156009,453
Macy,129264,46
Macy,105199,679
Macy,119673,660
Macy,192151,474
Macy,174428,563
Macy,131836,324
Macy,193026,949
Macy,182818,932
Macy,171491,227
Macy,199395,423
Macy,144697,229
Macy,164049,746
Macy,182855,736
Macy,107784,705
Macy,160153,271
Macy,170897,541
Macy,139738,301
Macy,125038,915
Macy,148163,623
Macy,192271,834
Macy,138193,988
Macy,157726,752
Macy,187749,754
Macy,159801,74
Macy,162850,386
Macy,107843,723
Macy,112481,741
Macy,175215,491
Macy,171855,938
Macy,178809,670
Macy,106455,874
Macy,100458,204
Macy,161399,493
Macy,157992,152
Macy,156614,668
Macy,163430,342
Macy,187951,48
Macy,167116,347
Macy,185754,850
Macy,194650,64
Macy,109800,593
Macy,133104,872
Macy,140745,326
Macy,101278,881
Macy,168675,243
Macy,161761,704
Macy,133532,431
Macy,160874,152
Macy,135236,277
Macy,147611,960
Macy,114332,887
Macy,115759,196
Macy,177193,664
Macy,193994,743
Macy,117005,660
Macy,189842,290
Macy,139623,638
Macy,130496,230
Macy,173057,843
Macy,139069,419
Macy,163551,832
Macy,170801,710
Macy,194623,254
Macy,137717,155
Macy,199702,182
Macy,112727,835
Macy,105442,93
Macy,127951,118
Macy,139176,691
Macy,103210,951
Macy,199187,468
Macy,157553,618
Macy,129376,994
Macy,132656,960
Macy,157972,857
Macy,190122,593
Macy,156173,723
Macy,191582,857
Macy,155992,109
Macy,176575,484
Macy,140666,940
Macy,145153,421
Macy,157508,794
Macy,199394,781
Macy,199238,910
Macy,176053,564
Macy,133785,573
Macy,172731,690
Macy,194024,965
Macy,158556,38
Macy,121613,942
Macy,153594,294
Macy,123403,220
Macy,176105,342
Macy,157267,681
Macy,155676,665
Macy,120907,819
Macy,191117,858
Macy,109153,450
Macy,158509,47
Macy,112103,931
Macy,110469,767
Macy,130223,268
MacKensie,194619,634
MacKensie,105995,392
MacKensie,154961,375
MacKensie,175609,707
MacKensie,123172,59
MacKensie,179709,650
MacKensie,173669,369
MacKensie,155873,392
MacKensie,192040,950
MacKensie,110649,903
MacKensie,154916,606
MacKensie,110671,434
MacKensie,171184,580
MacKensie,149952,556
MacKensie,168009,7
MacKensie,128948,87
MacKensie,155667,25
MacKensie,109111,999
MacKensie,174377,554
MacKensie,136169,306
MacKensie,107040,620
MacKensie,144498,78
MacKensie,104362,6
MacKensie,159476,304
MacKensie,101130,958
MacKensie,148980,87
MacKensie,138525,995
MacKensie,196962,35
MacKensie,166985,838
MacKensie,112573,233
MacKensie,152597,151
MacKensie,173963,96
MacKensie,154622,478
MacKensie,124401,894
MacKensie,119793,760
MacKensie,147287,122
MacKensie,170186,242
MacKensie,184540,906
MacKensie,102080,96
MacKensie,189770,930
MacKensie,102990,697
MacKensie,194459,129
MacKensie,113454,414
MacKensie,179422,308
MacKensie,142580,794
MacKensie,103140,26
MacKensie,111216,26
MacKensie,177774,937
MacKensie,152105,986
MacKensie,156725,27
MacKensie,101599,950
MacKensie,155881,122
MacKensie,196621,8
MacKensie,199874,70
MacKensie,195326,907
MacKensie,122781,624
MacKensie,155744,145
MacKensie,164415,466
MacKensie,191754,206
MacKensie,114512,680
MacKensie,194021,755
MacKensie,168099,52
MacKensie,129418,101
MacKensie,169955,759
MacKensie,180367,957
MacKensie,163406,297
MacKensie,148899,485
MacKensie,174120,11
MacKensie,196542,504
MacKensie,193558,829
MacKensie,112609,382
MacKensie,159526,661
MacKensie,166204,930
MacKensie,121318,599
MacKensie,142544,162
MacKensie,116052,302
MacKensie,120030,494
MacKensie,199115,889
MacKensie,154893,991
MacKensie,164742,184
MacKensie,120267,51
MacKensie,112317,223
MacKensie,183921,480
MacKensie,139648,99
MacKensie,157504,290
MacKensie,153265,135
MacKensie,176875,568
MacKensie,119258,80
MacKensie,174518,376
MacKensie,121406,381
MacKensie,180096,374
MacKensie,110888,158
MacKensie,110940,218
MacKensie,193142,967
MacKensie,110674,409
MacKensie,147430,267
MacKensie,177878,446
MacKensie,177519,555
MacKensie,140291,952
MacKensie,134433,578
MacKensie,107685,221
MacKensie,182288,276
MacKensie,152740,712
MacKensie,148800,880
MacKensie,130069,228
MacKensie,155904,66
MacKensie,190682,124
MacKensie,129854,575
MacKensie,191474,506
MacKensie,147114,269
MacKensie,113395,573
MacKensie,161922,856
MacKensie,180732,979
MacKensie,113288,17
MacKensie,196999,543
MacKensie,117738,541
MacKensie,149433,874
MacKensie,134752,310
MacKensie,177543,609
MacKensie,146761,307
MacKensie,191122,821
MacKensie,108971,536
MacKensie,195570,969
MacKensie,124980,883
MacKensie,197712,294
MacKensie,131747,877
MacKensie,122155,864
MacKensie,196741,986
MacKensie,118730,818
MacKensie,105814,412
MacKensie,104844,525
MacKensie,103011,956
MacKensie,139020,942
MacKensie,107956,905
MacKensie,174629,95
MacKensie,142111,425
MacKensie,176977,990
MacKensie,197398,649
MacKensie,192616,437
MacKensie,187499,169
MacKensie,150985,533
MacKensie,154550,21
MacKensie,159070,789
MacKensie,148676,111
MacKensie,110343,448
MacKensie,145227,523
MacKensie,195529,482
MacKensie,126685,74
MacKensie,106118,595
MacKensie,108588,160
MacKensie,162931,66
MacKensie,104620,55
MacKensie,145216,817
MacKensie,180932,359
MacKensie,122994,25
MacKensie,181047,502
MacKensie,192963,87
MacKensie,154924,366
MacKensie,169527,545
MacKensie,118381,583
MacKensie,126814,829
MacKensie,169419,461
MacKensie,112286,164
MacKensie,116879,647
MacKensie,112213,981
MacKensie,186535,510
MacKensie,107616,505
MacKensie,197841,642
MacKensie,163173,698
MacKensie,174250,28
MacKensie,194038,787
MacKensie,111130,202
MacKensie,163361,877
MacKensie,163468,142
MacKensie,188155,986
MacKensie,157977,77
MacKensie,102212,716
MacKensie,161982,767
MacKensie,198322,941
MacKensie,104732,959
MacKensie,170109,991
MacKensie,170719,424
MacKensie,146383,313
MacKensie,163591,855
MacKensie,134688,739
MacKensie,142472,129
MacKensie,180751,916
MacKensie,194986,948
MacKensie,155957,841
MacKensie,121326,808
MacKensie,105694,771
MacKensie,134189,986
MacKensie,160526,916
MacKensie,108753,195
MacKensie,121107,509
MacKensie,170786,744
MacKensie,195809,347
MacKensie,155466,868
MacKensie,140907,574
MacKensie,183184,109
MacKensie,188443,221
MacKensie,135976,459
MacKensie,110494,887
MacKensie,186009,895
MacKensie,133561,927
MacKensie,187726,707
MacKensie,161426,15
MacKensie,198692,942
MacKensie,166905,884
MacKensie,113628,818
MacKensie,139810,915
MacKensie,113022,866
MacKensie,169254,970
MacKensie,159989,8
MacKensie,199768,521
MacKensie,156979,474
MacKensie,161795,100
MacKensie,106573,671
MacKensie,194549,71
MacKensie,118233,421
MacKensie,130049,162
MacKensie,188084,454
MacKensie,153123,782
MacKensie,113807,721
MacKensie,177957,448
MacKensie,182923,74
MacKensie,108846,605
MacKensie,157523,510
MacKensie,168592,706
MacKensie,144457,838
MacKensie,196592,454
MacKensie,117454,817
MacKensie,154172,976
MacKensie,168995,545
MacKensie,143884,537
MacKensie,127986,789
MacKensie,128466,377
MacKensie,192274,231
MacKensie,182914,277
MacKensie,100280,885
MacKensie,101893,813
MacKensie,140998,716
MacKensie,132162,271
MacKensie,103042,716
MacKensie,170583,487
MacKensie,133381,281
MacKensie,188567,113
MacKensie,110186,388
MacKensie,140317,691
MacKensie,105521,948
MacKensie,156474,706
MacKensie,149196,80
MacKensie,138623,937
MacKensie,114962,959
MacKensie,135664,49
MacKensie,148521,768
MacKensie,160370,178
MacKensie,148401,993
MacKensie,174703,565
MacKensie,183069,209
MacKensie,179010,526
MacKensie,192836,291
MacKensie,168249,155
MacKensie,159191,313
MacKensie,112783,857
MacKensie,137582,213
MacKensie,170627,911
MacKensie,140441,894
MacKensie,142351,360
MacKensie,121766,922
MacKensie,167835,185
MacKensie,124820,493
MacKensie,113652,516
MacKensie,159128,156
MacKensie,152899,927
MacKensie,184119,827
MacKensie,157084,197
MacKensie,129129,244
MacKensie,161463,192
MacKensie,133682,259
MacKensie,151551,317
MacKensie,101551,217
MacKensie,173737,346
MacKensie,139930,815
MacKensie,154947,143
MacKensie,118966,356
MacKensie,104755,313
MacKensie,192903,904
MacKensie,150020,151
MacKensie,115561,604
MacKensie,146928,595
MacKensie,147321,312
MacKensie,159633,788
MacKensie,108215,672
MacKensie,193195,821
MacKensie,119435,332
MacKensie,111384,561
MacKensie,175122,235
MacKensie,156371,325
MacKensie,156922,740
MacKensie,144242,804
MacKensie,150739,205
MacKensie,113744,274
MacKensie,119157,580
MacKensie,180708,569
MacKensie,148912,44
MacKensie,130038,990
MacKensie,125702,986
MacKensie,186377,110
MacKensie,125001,471
MacKensie,187549,263
MacKensie,159520,31
MacKensie,169826,990
MacKensie,177423,230
MacKensie,173884,560
MacKensie,162652,379
MacKensie,120612,239
MacKensie,138382,959
MacKensie,101898,795
MacKensie,157792,165
MacKensie,119697,572
MacKensie,146691,607
MacKensie,106966,40
MacKensie,119327,77
MacKensie,192766,875
MacKensie,195427,505
MacKensie,101291,715
MacKensie,166500,585
MacKensie,143599,4
MacKensie,158912,374
MacKensie,173287,329
MacKensie,141765,217
MacKensie,138753,81
MacKensie,183388,893
MacKensie,149258,510
MacKensie,197913,728
MacKensie,195801,220
MacKensie,102987,100
MacKensie,189914,868
MacKensie,140181,867
MacKensie,159340,843
MacKensie,159100,476
MacKensie,139579,205
MacKensie,147520,183
MacKensie,172834,273
MacKensie,124038,152
MacKensie,123798,766
MacKensie,157853,572
MacKensie,186865,920
MacKensie,160734,180
MacKensie,146023,213
MacKensie,193162,380
MacKensie,158476,455
MacKensie,148389,328
MacKensie,165347,979
MacKensie,105989,541
MacKensie,149552,720
MacKensie,193505,536
MacKensie,148091,20
MacKensie,137610,780
MacKensie,196487,431
MacKensie,140078,8
MacKensie,139064,868
MacKensie,141578,445
MacKensie,133700,0
MacKensie,117459,254
MacKensie,104258,376
MacKensie,183781,801
MacKensie,149382,703
MacKensie,180871,988
MacKensie,139132,615
MacKensie,104777,469
MacKensie,144118,618
MacKensie,189405,833
MacKensie,122195,321
MacKensie,171946,4
MacKensie,133813,196
MacKensie,155506,923
MacKensie,155853,92
MacKensie,189367,457
MacKensie,184018,815
MacKensie,147697,48
MacKensie,113948,850
MacKensie,110086,550
MacKensie,160021,960
MacKensie,114791,499
MacKensie,191460,505
MacKensie,138122,995
MacKensie,192831,564
MacKensie,162949,860
MacKensie,156883,703
MacKensie,139817,897
MacKensie,110016,978
MacKensie,101335,415
MacKensie,115274,69
MacKensie,162998,362
MacKensie,107104,197
MacKensie,150025,99
MacKensie,175001,410
MacKensie,180919,291
MacKensie,182308,33
MacKensie,197559,378
MacKensie,179655,888
MacKensie,189561,388
MacKensie,153865,409
MacKensie,156821,50
MacKensie,183684,918
MacKensie,166001,1
MacKensie,136317,788
MacKensie,111294,457
MacKensie,142241,401
MacKensie,166394,368
MacKensie,169549,717
MacKensie,126548,358
MacKensie,166130,935
MacKensie,188819,839
MacKensie,184533,492
MacKensie,114356,196
MacKensie,159831,777
MacKensie,148544,957
MacKensie,189315,676
MacKensie,112255,908
MacKensie,185966,93
MacKensie,140767,38
MacKensie,120554,696
MacKensie,176513,328
MacKensie,148915,955
MacKensie,155901,461
MacKensie,158115,858
MacKensie,150919,389
MacKensie,194551,589
MacKensie,159699,781
MacKensie,144255,457
MacKensie,101609,200
MacKensie,199298,958
MacKensie,185785,879
MacKensie,111293,269
MacKensie,125310,454
MacKensie,188845,843
MacKensie,189873,178
MacKensie,128705,581
MacKensie,102001,571
MacKensie,123604,193
MacKensie,186066,576
MacKensie,107430,235
MacKensie,139801,687
MacKensie,114045,901
MacKensie,132782,718
MacKensie,170359,679
MacKensie,187223,502
MacKensie,186791,2
MacKensie,129650,531
MacKensie,173379,8
MacKensie,108640,291
MacKensie,118740,978
MacKensie,117969,913
MacKensie,159515,982
MacKensie,125413,713
MacKensie,140083,357
MacKensie,168979,943
MacKensie,167511,719
MacKensie,171706,965
MacKensie,156967,429
MacKensie,196490,928
MacKensie,152552,234
MacKensie,159462,290
MacKensie,118299,199
MacKensie,109999,355
MacKensie,144416,519
MacKensie,113903,8
MacKensie,161910,98
MacKensie,103464,61
MacKensie,112023,233
MacKensie,151831,333
MacKensie,140030,888
MacKensie,134780,182
MacKensie,198424,788
MacKensie,106009,44
MacKensie,120419,626
MacKensie,121879,626
MacKensie,173182,716
MacKensie,109197,589
MacKensie,133362,113
MacKensie,184799,80
MacKensie,119484,554
MacKensie,122535,457
MacKensie,165564,669
MacKensie,117537,863
MacKensie,191455,274
MacKensie,110087,451
MacKensie,152862,856
MacKensie,172886,924
MacKensie,178959,957
MacKensie,187495,187
MacKensie,125814,253
MacKensie,150732,605
MacKensie,117075,639
MacKensie,131386,201
MacKensie,169635,191
MacKensie,134261,824
MacKensie,180394,463
MacKensie,143936,250
MacKensie,154497,823
MacKensie,181190,968
MacKensie,171262,541
MacKensie,189937,526
MacKensie,160442,370
MacKensie,144408,261
MacKensie,119818,926
MacKensie,183273,404
MacKensie,110310,224
MacKensie,145737,653
MacKensie,147692,421
MacKensie,125177,782
MacKensie,106636,759
MacKensie,114056,532
MacKensie,114953,254
MacKensie,128083,709
MacKensie,138903,456
MacKensie,188214,481
MacKensie,115225,943
MacKensie,149475,563
MacKensie,181681,435
MacKensie,182971,910
MacKensie,106452,295
MacKensie,193154,573
MacKensie,152959,661
MacKensie,172104,407
MacKensie,179615,346
MacKensie,190979,663
MacKensie,182927,98
MacKensie,114036,604
MacKensie,107786,178
MacKensie,107257,872
MacKensie,186932,534
MacKensie,183258,25
MacKensie,165018,475
MacKensie,162771,491
MacKensie,112281,371
MacKensie,196504,72
MacKensie,160398,679
MacKensie,111406,980
MacKensie,153737,286
MacKensie,189271,363
MacKensie,115483,90
MacKensie,116137,97
MacKensie,128419,79
MacKensie,105024,316
MacKensie,174004,677
MacKensie,110242,990
MacKensie,165432,199
MacKensie,123793,496
MacKensie,158051,215
MacKensie,115767,919
MacKensie,190029,985
MacKensie,198764,839
MacKensie,124643,774
MacKensie,199079,819
MacKensie,128663,344
MacKensie,182719,679
MacKensie,108286,308
MacKensie,111994,119
MacKensie,117813,75
MacKensie,164713,739
MacKensie,104969,305
MacKensie,199371,915
MacKensie,186138,87
MacKensie,117155,100
MacKensie,166361,774
MacKensie,199097,890
MacKensie,168345,40
MacKensie,168522,110
MacKensie,195035,596
MacKensie,158750,785
MacKensie,119349,12
MacKensie,141543,675
MacKensie,188515,479
MacKensie,116639,807
MacKensie,140224,190
MacKensie,102728,891
MacKensie,173275,783
MacKensie,151715,193
MacKensie,180654,886
MacKensie,184839,236
MacKensie,182883,409
MacKensie,126145,632
MacKensie,118990,942
MacKensie,107613,525
MacKensie,101285,823
MacKensie,199105,888
MacKensie,178886,335
MacKensie,110474,915
MacKensie,130490,188
MacKensie,167635,700
MacKensie,133498,163
MacKensie,185308,932
MacKensie,142734,739
MacKensie,142624,173
MacKensie,187696,612
MacKensie,179631,20
MacKensie,153452,738
MacKensie,134066,558
MacKensie,163454,508
MacKensie,137455,221
MacKensie,194965,853
MacKensie,191318,402
MacKensie,102369,913
MacKensie,147545,858
MacKensie,178556,803
MacKensie,131024,679
MacKensie,129519,683
MacKensie,132215,140
MacKensie,143941,681
MacKensie,142119,548
MacKensie,130263,821
MacKensie,183612,769
MacKensie,132613,327
MacKensie,182966,241
MacKensie,174037,212
MacKensie,159442,888
MacKensie,167717,960
MacKensie,110296,757
MacKensie,111350,798
MacKensie,137255,970
MacKensie,155350,585
MacKensie,152098,108
MacKensie,154758,137
MacKensie,123699,716
MacKensie,190725,451
MacKensie,104868,424
MacKensie,128842,361
MacKensie,159695,52
MacKensie,138025,949
MacKensie,130833,221
MacKensie,178761,898
MacKensie,138467,864
MacKensie,193220,949
MacKensie,135448,633
MacKensie,198700,639
MacKensie,148522,71
MacKensie,110528,669
MacKensie,115715,942
MacKensie,185060,114
MacKensie,128883,807
MacKensie,139533,360
MacKensie,198155,127
MacKensie,115854,154
MacKensie,199721,417
MacKensie,113687,279
MacKensie,147165,768
MacKensie,175217,435
MacKensie,100306,192
MacKensie,172884,133
MacKensie,172941,459
MacKensie,141035,54
MacKensie,111278,913
MacKensie,176757,793
MacKensie,186863,859
MacKensie,106003,347
MacKensie,176534,865
MacKensie,160941,398
MacKensie,147143,346
MacKensie,140535,668
MacKensie,133961,679
MacKensie,186634,378
MacKensie,116065,549
MacKensie,167826,157
MacKensie,146983,889
MacKensie,103654,819
MacKensie,113928,484
MacKensie,154113,885
MacKensie,181849,260
MacKensie,190344,546
MacKensie,158755,851
MacKensie,176986,718
MacKensie,121746,332
MacKensie,151926,0
MacKensie,185958,731
MacKensie,142737,725
MacKensie,148017,766
MacKensie,187930,820
MacKensie,125362,234
MacKensie,111529,798
MacKensie,191436,43
MacKensie,169752,89
MacKensie,181315,93
MacKensie,148769,178
MacKensie,150066,690
MacKensie,103820,689
MacKensie,196550,531
MacKensie,170650,943
MacKensie,153863,848
MacKensie,153573,309
MacKensie,138941,207
MacKensie,191083,363
MacKensie,192817,735
MacKensie,177776,647
MacKensie,160762,511
MacKensie,181520,870
MacKensie,175486,500
MacKensie,127797,591
MacKensie,126490,349
MacKensie,183992,783
MacKensie,148690,294
MacKensie,131647,229
MacKensie,116964,699
MacKensie,127981,734
MacKensie,149125,820
MacKensie,161285,208
MacKensie,102720,914
MacKensie,151824,926
MacKensie,182689,787
MacKensie,183522,372
MacKensie,147013,850
MacKensie,114829,305
MacKensie,195594,34
MacKensie,148783,964
MacKensie,161936,783
MacKensie,133649,52
MacKensie,182480,148
MacKensie,155028,886
MacKensie,109801,606
MacKensie,102604,601
MacKensie,159987,203
MacKensie,112123,433
MacKensie,153958,921
MacKensie,198146,393
MacKensie,166448,548
MacKensie,195900,940
MacKensie,184955,858
MacKensie,133655,182
MacKensie,190464,501
MacKensie,133807,970
MacKensie,163692,963
MacKensie,137275,585
MacKensie,117281,850
MacKensie,137317,239
MacKensie,194987,559
MacKensie,123123,725
MacKensie,189008,869
MacKensie,107043,795
MacKensie,148495,121
MacKensie,124474,395
MacKensie,143224,104
MacKensie,190431,8
MacKensie,168343,191
MacKensie,119427,491
MacKensie,185173,432
MacKensie,132859,604
MacKensie,166034,67
MacKensie,187672,312
MacKensie,128054,900
MacKensie,189522,881
MacKensie,125262,529
MacKensie,195579,271
MacKensie,125554,267
MacKensie,125841,255
MacKensie,105149,439
MacKensie,140763,935
MacKensie,103814,206
MacKensie,156864,379
MacKensie,160058,768
MacKensie,167787,627
MacKensie,155559,936
MacKensie,149844,893
MacKensie,168425,185
MacKensie,132806,869
MacKensie,164720,101
MacKensie,116159,998
MacKensie,164130,389
MacKensie,123959,165
MacKensie,181331,324
MacKensie,169148,728
MacKensie,117001,38
MacKensie,139833,271
MacKensie,138944,928
MacKensie,168441,622
MacKensie,165081,76
MacKensie,180951,567
MacKensie,143898,400
MacKensie,154908,266
MacKensie,151149,937
MacKensie,150870,689
MacKensie,105670,149
MacKensie,137842,498
MacKensie,182745,746
MacKensie,146084,954
MacKensie,142182,306
MacKensie,171242,885
MacKensie,193890,633
MacKensie,133727,558
MacKensie,170069,274
MacKensie,171218,175
MacKensie,187999,844
MacKensie,199113,720
MacKensie,147278,190
MacKensie,169539,75
MacKensie,187182,769
MacKensie,154466,909
MacKensie,104008,552
MacKensie,193990,205
MacKensie,188866,742
MacKensie,198553,623
MacKensie,199517,164
MacKensie,137001,577
MacKensie,169050,535
MacKensie,153021,598
MacKensie,179229,547
MacKensie,196121,124
MacKensie,140562,734
MacKensie,154877,203
MacKensie,188463,699
MacKensie,174202,754
MacKensie,128282,580
MacKensie,146256,425
MacKensie,163768,848
MacKensie,119962,542
MacKensie,181676,676
MacKensie,119840,703
MacKensie,197700,827
MacKensie,115552,378
MacKensie,192800,340
MacKensie,199730,327
MacKensie,111569,636
MacKensie,155131,22
MacKensie,163369,798
MacKensie,172639,937
MacKensie,150056,952
MacKensie,156303,186
MacKensie,144391,238
MacKensie,199153,66
MacKensie,109894,39
MacKensie,167110,690
MacKensie,123671,587
MacKensie,111297,347
MacKensie,162972,192
MacKensie,180315,87
MacKensie,171108,511
MacKensie,157577,940
MacKensie,107366,958
MacKensie,107539,703
MacKensie,166112,889
MacKensie,101641,437
MacKensie,124416,821
MacKensie,192638,178
MacKensie,143658,502
MacKensie,178531,761
MacKensie,185425,508
MacKensie,111768,897
MacKensie,169438,37
MacKensie,136151,104
MacKensie,180947,132
MacKensie,131650,682
MacKensie,122339,894
MacKensie,152763,608
MacKensie,177966,236
MacKensie,123312,246
MacKensie,163354,124
MacKensie,127706,412
MacKensie,121440,182
MacKensie,189473,30
MacKensie,126924,572
MacKensie,169908,740
MacKensie,185022,5
MacKensie,183363,317
MacKensie,199882,90
MacKensie,185733,687
MacKensie,122642,871
MacKensie,108502,633
MacKensie,190322,523
MacKensie,123175,902
MacKensie,140690,865
MacKensie,109374,670
MacKensie,181983,723
MacKensie,140494,600
MacKensie,135868,954
MacKensie,197252,79
MacKensie,120125,375
MacKensie,156805,709
MacKensie,104806,3
MacKensie,101075,369
MacKensie,185466,595
MacKensie,110883,656
MacKensie,112974,149
MacKensie,171578,951
MacKensie,100058,966
MacKensie,137535,836
MacKensie,153449,167
MacKensie,143765,346
MacKensie,130986,812
MacKensie,160613,659
MacKensie,140975,949
MacKensie,156850,198
MacKensie,164385,122
MacKensie,198055,931
MacKensie,105250,122
MacKensie,183623,238
MacKensie,109985,884
MacKensie,113656,339
MacKensie,165622,97
MacKensie,110953,532
MacKensie,164175,397
MacKensie,199039,819
MacKensie,126780,310
MacKensie,168697,170
MacKensie,143289,258
MacKensie,137690,333
MacKensie,171870,939
MacKensie,149322,943
MacKensie,106550,170
MacKensie,176651,992
MacKensie,136232,909
MacKensie,177761,775
MacKensie,131751,6
MacKensie,134424,851
MacKensie,146108,881
MacKensie,188094,361
MacKensie,133261,623
MacKensie,142275,208
MacKensie,134223,423
MacKensie,178609,949
MacKensie,198159,264
MacKensie,122850,953
MacKensie,153180,828
MacKensie,150640,649
MacKensie,118087,503
MacKensie,190014,301
MacKensie,163593,276
MacKensie,106361,521
MacKensie,179575,939
MacKensie,130392,938
MacKensie,157209,107
MacKensie,164999,225
MacKensie,117182,160
MacKensie,152111,65
MacKensie,156070,531
MacKensie,161723,133
MacKensie,120418,556
MacKensie,176058,397
MacKensie,192645,491
MacKensie,194508,452
MacKensie,145132,672
MacKensie,118468,258
MacKensie,181171,697
MacKensie,139430,909
MacKensie,195547,278
MacKensie,105471,787
MacKensie,185641,710
MacKensie,116967,736
MacKensie,130545,171
MacKensie,157236,287
MacKensie,103791,206
MacKensie,115837,908
MacKensie,110197,254
MacKensie,144299,300
MacKensie,117900,569
MacKensie,176373,662
MacKensie,199991,61
MacKensie,168181,82
MacKensie,136296,213
MacKensie,135007,25
MacKensie,182885,604
MacKensie,114237,671
MacKensie,112206,277
MacKensie,156916,239
MacKensie,173480,867
MacKensie,133718,899
MacKensie,119812,734
MacKensie,125368,586
MacKensie,167944,739
MacKensie,112497,817
MacKensie,197656,972
MacKensie,113996,690
MacKensie,141705,188
MacKensie,124689,935
MacKensie,125990,471
MacKensie,132577,308
MacKensie,148638,576
MacKensie,161331,707
Rylee,157283,279
Rylee,101838,664
Rylee,108593,528
Rylee,155818,912
Rylee,173409,61
Rylee,120355,275
Rylee,144420,803
Rylee,131511,978
Rylee,105625,169
Rylee,103881,461
Rylee,184332,109
Rylee,141307,317
Rylee,172208,44
Rylee,142234,535
Rylee,172998,58
Rylee,144965,9
Rylee,156090,443
Rylee,113737,852
Rylee,144055,859
Rylee,103922,603
Rylee,188746,614
Rylee,173869,609
Rylee,199126,966
Rylee,110011,21
Rylee,115795,996
Rylee,139663,506
Rylee,180320,740
Rylee,183104,8
Rylee,168502,265
Rylee,115131,348
Rylee,121976,467
Rylee,192954,241
Rylee,163922,418
Rylee,167298,980
Rylee,166466,514
Rylee,150423,809
Rylee,174865,996
Rylee,173113,631
Rylee,107579,45
Rylee,125962,75
Rylee,138166,878
Rylee,117652,625
Rylee,160468,359
Rylee,175143,386
Rylee,176277,770
Rylee,116800,545
Rylee,131912,954
Rylee,132535,389
Rylee,198135,351
Rylee,150381,153
Rylee,172701,37
Rylee,149803,979
Rylee,156839,11
Rylee,180188,35
Rylee,137240,175
Rylee,192087,389
Rylee,175523,447
Rylee,195006,412
Rylee,110201,466
Rylee,120574,540
Rylee,101254,752
Rylee,174345,442
Rylee,147127,242
Rylee,146568,233
Rylee,155530,267
Rylee,153013,993
Rylee,125065,228
Rylee,131308,20
Rylee,112196,17
Rylee,129734,0
Rylee,137778,940
Rylee,172856,412
Rylee,151193,925
Rylee,153263,2
Rylee,189313,636
Rylee,176316,903
Rylee,107961,544
Rylee,127203,683
Rylee,192888,513
Rylee,183116,776
Rylee,154724,360
Rylee,193753,97
Rylee,148572,913
Rylee,170942,280
Rylee,118377,396
Rylee,140168,750
Rylee,185611,481
Rylee,133057,908
Rylee,172940,90
Rylee,161939,525
Rylee,199739,832
Rylee,106683,99
Rylee,195543,443
Rylee,149925,5
Rylee,123041,884
Rylee,158020,227
Rylee,104300,525
Rylee,107847,772
Rylee,134673,156
Rylee,108873,514
Rylee,184791,193
Rylee,100588,887
Rylee,133302,951
Rylee,162651,270
Rylee,189274,105
Rylee,126941,246
Rylee,138893,341
Rylee,104073,811
Rylee,122561,477
Rylee,121232,352
Rylee,148968,267
Rylee,162658,647
Rylee,128051,616
Rylee,104235,398
Rylee,143561,203
Rylee,150723,670
Rylee,173868,647
Rylee,111776,478
Rylee,119757,408
Rylee,194677,506
Rylee,193357,47
Rylee,198942,721
Rylee,175220,650
Rylee,128047,523
Rylee,145665,848
Rylee,135032,448
Rylee,114082,419
Rylee,162749,425
Rylee,165281,222
Rylee,123607,360
Rylee,124255,393
Rylee,164478,345
Rylee,181266,326
Rylee,183359,873
Rylee,182609,76
Rylee,122666,51
Rylee,161538,942
Rylee,174067,814
Rylee,121349,404
Rylee,162880,457
Rylee,190783,779
Rylee,146702,133
Rylee,185526,650
Rylee,169612,516
Rylee,176853,200
Rylee,154065,917
Rylee,144128,353
Rylee,179786,78
Rylee,192912,578
Rylee,164868,734
Rylee,180570,705
Rylee,119470,894
Rylee,110095,100
Rylee,120482,876
Rylee,153940,244
Rylee,180033,614
Rylee,165865,744
Rylee,181833,523
Rylee,191549,653
Rylee,102241,518
Rylee,102954,975
Rylee,121069,396
Rylee,133640,155
Rylee,122944,645
Rylee,198208,946
Rylee,110156,539
Rylee,159431,972
Rylee,123460,396
Rylee,154659,197
Rylee,107567,243
Rylee,189162,732
Rylee,153603,514
Rylee,199675,853
Rylee,196923,959
Rylee,154776,981
Rylee,111379,500
Rylee,146879,818
Rylee,110584,299
Rylee,118163,157
Rylee,152957,712
Rylee,198109,652
Rylee,121271,778
Rylee,133453,915
Rylee,136834,567
Rylee,190387,439
Rylee,108730,614
Rylee,192544,819
Rylee,191315,340
Rylee,166672,568
Rylee,130403,348
Rylee,187331,524
Rylee,143563,290
Rylee,112568,518
Rylee,106126,746
Rylee,178013,913
Rylee,105116,60
Rylee,145523,934
Rylee,165441,73
Rylee,190458,810
Rylee,144833,643
Rylee,100663,348
Rylee,198460,953
Rylee,112411,787
Rylee,174265,839
Rylee,194325,200
Rylee,118822,99
Rylee,139169,748
Rylee,107628,907
Rylee,186373,887
Rylee,185155,350
Rylee,168761,940
Rylee,135266,387
Rylee,172429,561
Rylee,149777,179
Rylee,162233,461
Rylee,184806,366
Rylee,106127,59
Rylee,184115,714
Rylee,175447,229
Rylee,140500,775
Rylee,149754,103
Rylee,107149,224
Rylee,168254,302
Rylee,116179,135
Rylee,166236,195
Rylee,182843,648
Rylee,186470,317
Rylee,143610,495
Rylee,156803,12
Rylee,150721,587
Rylee,111132,452
Rylee,112742,553
Rylee,170462,689
Rylee,159635,708
Rylee,108427,687
Rylee,177678,404
Rylee,129034,499
Rylee,138656,260
Rylee,141074,596
Rylee,160231,514
Rylee,157072,890
Rylee,139136,529
Rylee,158503,426
Rylee,164282,765
Rylee,106845,378
Rylee,168040,699
Rylee,112639,271
Rylee,110832,588
Rylee,192215,40
Rylee,113808,18
Rylee,182327,112
Rylee,159541,920
Rylee,146944,59
Rylee,175745,314
Rylee,144059,729
Rylee,145998,728
Rylee,128243,583
Rylee,141566,497
Rylee,181612,880
Rylee,160151,756
Rylee,119296,670
Rylee,141491,536
Rylee,198724,814
Rylee,190124,572
Rylee,110846,348
Rylee,157044,277
Rylee,156555,421
Rylee,190649,95
Rylee,107575,173
Rylee,197112,350
Rylee,170460,95
Rylee,123074,784
Rylee,162384,849
Rylee,108801,305
Rylee,150368,325
Rylee,110021,899
Rylee,123569,326
Rylee,102048,367
Rylee,194099,499
Rylee,122394,104
Rylee,188160,422
Rylee,169003,426
Rylee,187405,243
Rylee,199246,160
Rylee,133063,314
Rylee,115388,184
Rylee,185984,192
Rylee,134636,636
Rylee,154109,233
Rylee,196092,908
Rylee,116866,128
Rylee,114604,227
Rylee,125599,362
Rylee,197505,328
Rylee,100096,671
Rylee,161544,895
Rylee,141582,104
Rylee,190673,387
Rylee,128592,76
Rylee,132536,544
Rylee,108517,584
Rylee,198728,425
Rylee,172471,694
Rylee,194603,364
Rylee,171071,788
Rylee,146067,352
Rylee,133258,131
Rylee,172108,554
Rylee,124652,285
Rylee,183637,58
Rylee,182063,918
Rylee,112461,338
Rylee,114461,728
Rylee,120657,158
Rylee,161521,400
Rylee,152444,598
Rylee,111771,548
Rylee,192851,334
Rylee,136201,906
Rylee,168859,6
Rylee,173220,825
Rylee,109582,738
Rylee,132436,866
Rylee,194226,697
Rylee,108903,713
Rylee,175976,600
Rylee,107989,227
Rylee,198695,916
Rylee,131904,165
Rylee,107405,744
Rylee,123903,834
Rylee,122225,755
Rylee,179126,519
Rylee,111696,727
Rylee,161942,494
Rylee,157339,734
Rylee,125218,486
Rylee,170234,727
Rylee,196431,335
Rylee,165684,273
Rylee,163316,219
Rylee,169238,174
Rylee,152958,639
Rylee,156111,508
Rylee,141490,787
Rylee,163645,949
Rylee,193096,83
Rylee,108141,796
Rylee,166818,27
Rylee,122576,471
Rylee,128838,935
Rylee,144188,343
Rylee,149927,168
Rylee,111119,641
Rylee,139779,337
Rylee,124135,746
Rylee,155926,125
Rylee,183257,451
Rylee,105526,832
Rylee,136280,655
Rylee,103768,525
Rylee,110081,214
Rylee,195113,378
Rylee,145941,789
Rylee,107204,543
Rylee,184302,374
Rylee,183676,883
Rylee,100766,118
Rylee,167572,529
Rylee,156212,455
Rylee,159672,782
Rylee,169639,368
Rylee,162690,123
Rylee,176715,561
Rylee,133714,38
Rylee,195794,299
Rylee,146966,748
Rylee,186200,315
Rylee,148734,794
Rylee,199170,754
Rylee,145987,628
Rylee,146131,513
Rylee,104033,950
Rylee,184297,888
Rylee,164992,166
Rylee,182018,398
Rylee,148962,507
Rylee,132464,335
Rylee,162140,271
Rylee,110682,940
Rylee,155534,67
Rylee,145401,997
Rylee,199325,901
Rylee,125881,668
Rylee,114109,465
Rylee,137471,779
Rylee,190477,416
Rylee,176014,659
Rylee,102233,16
Rylee,191808,741
Rylee,109831,791
Rylee,158716,994
Rylee,110539,63
Rylee,123702,212
Rylee,120579,794
Rylee,174375,440
Rylee,136495,281
Rylee,165170,22
Rylee,144752,63
Rylee,173919,256
Rylee,168745,657
Rylee,129391,361
Rylee,192355,641
Rylee,183404,568
Rylee,152614,568
Rylee,125896,564
Rylee,162711,855
Rylee,101149,413
Rylee,183749,984
Rylee,149112,576
Rylee,171975,337
Rylee,107678,508
Rylee,181430,957
Rylee,142681,480
Rylee,151725,386
Rylee,189656,901
Rylee,112151,2
Rylee,122274,636
Rylee,164034,162
Rylee,190391,713
Rylee,181099,738
Rylee,152569,236
Rylee,120620,288
Rylee,196372,758
Rylee,153365,981
Rylee,193762,229
Rylee,116066,148
Rylee,191070,633
Rylee,184642,312
Rylee,140557,349
Rylee,187795,505
Rylee,173720,360
Rylee,198309,153
Rylee,181206,943
Rylee,163453,225
Rylee,136293,574
Rylee,146247,410
Rylee,122371,611
Rylee,120377,721
Rylee,133354,941
Rylee,165512,103
Rylee,171341,662
Rylee,176790,778
Rylee,155343,255
Rylee,137148,373
Rylee,121884,80
Rylee,170333,344
Rylee,127460,915
Rylee,144009,59
Rylee,133558,75
Rylee,128654,335
Rylee,161349,712
Rylee,102088,155
Rylee,106183,280
Rylee,156721,698
Rylee,115904,940
Rylee,136179,144
Rylee,134168,590
Rylee,159091,645
Rylee,159331,220
Rylee,139933,3
Rylee,109040,801
Rylee,172008,991
Rylee,149339,746
Rylee,123372,260
Rylee,179731,623
Rylee,168250,93
Rylee,187712,395
Rylee,171135,328
Rylee,117357,832
Rylee,198154,800
Rylee,168833,250
Rylee,111677,796
Rylee,179240,846
Rylee,198572,1
Rylee,130191,348
Rylee,141800,142
Rylee,145632,320
Rylee,154968,687
Rylee,166043,689
Rylee,149629,972
Rylee,134451,959
Rylee,149621,885
Rylee,147618,648
Rylee,184529,305
Rylee,134985,397
Rylee,148224,828
Rylee,161838,69
Rylee,199338,559
Rylee,104484,321
Rylee,156037,965
Rylee,124088,461
Rylee,190939,682
Rylee,109172,554
Rylee,128463,127
Rylee,149352,553
Rylee,196677,566
Rylee,182463,944
Rylee,192571,920
Rylee,174785,49
Rylee,126639,313
Rylee,166635,654
Rylee,168574,860
Rylee,106736,192
Rylee,189754,141
Rylee,180336,198
Rylee,141360,102
Rylee,130671,688
Rylee,160933,193
Rylee,131080,781
Rylee,196289,176
Rylee,105071,844
Rylee,147370,615
Rylee,141695,118
Rylee,159101,558
Rylee,162982,369
Rylee,184868,341
Rylee,165694,29
Rylee,107905,895
Rylee,119916,470
Rylee,195346,318
Rylee,116031,308
Rylee,141934,234
Rylee,197597,634
Rylee,121243,927
Rylee,167039,333
Rylee,149046,805
Rylee,115724,319
Rylee,132441,868
Rylee,131448,318
Rylee,169660,784
Rylee,192550,264
Rylee,158765,77
Rylee,135954,633
Rylee,122213,595
Rylee,126294,640
Rylee,111436,322
Rylee,113694,616
Rylee,102351,876
Rylee,178960,980
Rylee,180944,906
Rylee,141910,217
Rylee,122777,596
Rylee,133713,675
Rylee,153666,908
Rylee,162729,52
Rylee,135362,738
Rylee,164277,528
Rylee,165211,350
Rylee,176103,254
Rylee,188700,975
Rylee,110203,322
Rylee,180016,666
Rylee,112986,961
Rylee,190317,396
Rylee,186295,160
Rylee,191425,503
Rylee,189248,388
Rylee,157255,495
Rylee,186043,311
Rylee,138494,446
Rylee,142480,642
Rylee,146607,610
Rylee,195163,148
Rylee,194816,273
Rylee,180977,542
Rylee,145412,455
Rylee,192669,884
Rylee,173617,272
Rylee,106189,220
Rylee,129493,720
Rylee,170154,670
Rylee,172798,398
Rylee,148843,577
Rylee,140987,818
Rylee,194416,282
Rylee,114467,881
Rylee,137893,832
Rylee,106667,343
Rylee,176329,527
Rylee,188964,544
Rylee,130208,272
Rylee,197650,737
Rylee,124424,831
Rylee,151844,213
Rylee,143993,538
Rylee,191471,284
Rylee,161107,15
Rylee,175294,552
Rylee,137145,32
Rylee,165567,468
Rylee,118170,114
Rylee,126876,613
Rylee,198777,986
Rylee,131557,41
Rylee,158088,118
Rylee,103520,613
Rylee,110686,10
Rylee,151614,356
Rylee,137526,323
Rylee,126134,957
Rylee,189587,986
Rylee,177706,829
Rylee,102292,19
Rylee,148283,460
Rylee,179967,385
Rylee,193408,887
Rylee,192242,528
Rylee,166801,984
Rylee,133538,453
Rylee,196552,68
Rylee,131354,36
Rylee,142849,46
Rylee,157532,81
Rylee,137760,50
Rylee,194895,887
Rylee,194854,560
Rylee,107171,676
Rylee,167184,451
Rylee,175993,568
Rylee,123847,956
Rylee,174235,291
Rylee,105986,46
Rylee,100875,399
Rylee,102978,69
Rylee,155955,568
Rylee,189071,213
Rylee,114099,82
Rylee,136902,960
Rylee,115647,217
Rylee,141038,887
Rylee,157509,366
Rylee,176903,938
Rylee,124203,689
Rylee,150730,909
Rylee,108396,645
Rylee,152008,968
Rylee,163085,686
Rylee,169096,359
Rylee,159793,853
Rylee,172726,995
Rylee,162261,788
Rylee,144719,913
Rylee,121551,99
Rylee,162439,448
Rylee,175829,406
Rylee,176554,603
Rylee,124958,756
Rylee,178539,41
Rylee,105046,54
Rylee,154406,591
Rylee,135813,769
Rylee,192038,27
Rylee,186354,208
Rylee,175773,823
Rylee,156362,154
Rylee,122587,598
Rylee,119938,20
Rylee,170463,184
Rylee,118691,775
Rylee,103645,931
Rylee,183670,120
Rylee,112808,98
Rylee,177703,544
Rylee,114642,705
Rylee,171122,801
Rylee,135058,457
Rylee,157448,588
Rylee,184319,763
Rylee,141678,182
Rylee,166498,144
Rylee,150109,703
Rylee,192428,1000
Rylee,111941,559
Rylee,139076,452
Rylee,184681,786
Rylee,196440,617
Rylee,166703,918
Rylee,147309,199
Rylee,124674,352
Rylee,188356,495
Rylee,132254,190
Rylee,176136,273
Rylee,117603,664
Rylee,189737,432
Rylee,125613,440
Rylee,129148,490
Rylee,139456,196
Rylee,141873,96
Rylee,198935,495
Rylee,197323,662
Rylee,103789,752
Rylee,113720,549
Rylee,160884,5
Rylee,168900,91
Rylee,101014,179
Rylee,135251,856
Rylee,120811,500
Rylee,138855,343
Rylee,132835,506
Rylee,182726,485
Rylee,192530,382
Rylee,182520,637
Rylee,194683,635
Rylee,170653,813
Rylee,151474,906
Rylee,179677,294
Rylee,177462,846
Rylee,124919,201
Rylee,102400,540
Rylee,120808,875
Rylee,178244,415
Rylee,131396,99
Rylee,140132,691
Rylee,159943,149
Rylee,108990,873
Rylee,109307,408
Rylee,197202,946
Rylee,148198,493
Rylee,128031,11
Rylee,122039,565
Rylee,162000,923
Rylee,149671,406
Rylee,163234,292
Rylee,128879,180
Rylee,160531,836
Rylee,115359,531
Rylee,181420,635
Rylee,171819,792
Rylee,117317,691
Rylee,161744,848
Rylee,136184,409
Rylee,174006,2
Rylee,105172,764
Rylee,124936,858
Rylee,150059,584
Rylee,179577,519
Rylee,153267,949
Rylee,177242,284
Rylee,193106,864
Rylee,151351,670
Rylee,157852,201
Rylee,176608,885
Rylee,126753,236
Rylee,153819,716
Rylee,151008,908
Rylee,138157,995
Rylee,150999,39
Rylee,199314,392
Rylee,122831,260
Rylee,176317,347
Rylee,146640,220
Rylee,181080,662
Rylee,177139,860
Rylee,179522,342
Rylee,182513,953
Rylee,171333,989
Rylee,165454,792
Rylee,195400,353
Rylee,158751,880
Rylee,180298,952
Rylee,193827,291
Rylee,139157,458
Rylee,162446,16
Rylee,117254,205
Rylee,172678,911
Rylee,108531,571
Rylee,191586,617
Rylee,111107,683
Rylee,166722,162
Rylee,173552,811
Rylee,174969,343
Rylee,165657,8
Rylee,103660,977
Rylee,103831,942
Rylee,116637,609
Rylee,183795,466
Rylee,186591,507
Rylee,155124,77
Rylee,119952,464
Rylee,109782,734
Rylee,182226,59
Rylee,157291,649
Rylee,103400,639
Rylee,126199,796
Rylee,166906,640
Rylee,184927,771
Rylee,134611,892
Rylee,166511,82
Rylee,145268,832
Rylee,183912,542
Rylee,181481,868
Rylee,126309,893
Rylee,137436,294
Rylee,185617,59
Rylee,168436,142
Rylee,109474,828
Rylee,107088,862
Rylee,134009,930
Rylee,142274,665
Rylee,188718,64
Rylee,184881,131
Rylee,116910,759
Rylee,117324,692
Rylee,123858,99
Rylee,195915,402
Rylee,188852,884
Rylee,135549,381
Rylee,157575,832
Rylee,164679,960
Rylee,198579,70
Rylee,132764,31
Rylee,121887,650
Rylee,188421,530
Rylee,159566,101
Rylee,145352,579
Rylee,153665,510
Rylee,121508,180
Rylee,160402,477
Rylee,106232,495
Rylee,175225,360
Rylee,133003,50
Rylee,199159,615
Rylee,194579,580
Rylee,125402,43
Rylee,199474,467
Rylee,131259,707
Rylee,161222,35
Rylee,121126,400
Rylee,184019,257
Rylee,185139,8
Rylee,147193,399
Rylee,136687,517
Rylee,186913,376
Rylee,127376,321
Rylee,111062,589
Rylee,104279,137
Rylee,189438,721
Rylee,162166,38
Rylee,188516,469
Rylee,112864,224
Rylee,157774,796
Rylee,163349,747
Rylee,183999,628
Rylee,123752,204
Rylee,190343,233
Rylee,104617,743
Rylee,129458,763
Rylee,181555,435
Rylee,129877,777
Rylee,189769,78
Rylee,191052,412
Rylee,158288,354
Rylee,112794,955
Rylee,184415,328
Rylee,199389,706
Rylee,153042,857
Rylee,183446,809
Rylee,166603,934
Rylee,158367,585
Rylee,142973,152
Rylee,102075,422
Rylee,155450,304
Rylee,109394,401
Rylee,130826,617
Rylee,183982,880
Rylee,131828,924
Rylee,112510,688
Rylee,162996,514
Rylee,168321,447
Rylee,138102,260
Rylee,102877,16
Rylee,174113,475
Rylee,168020,211
Rylee,132130,722
Rylee,190924,94
Rylee,115372,179
Rylee,193808,883
Rylee,145061,125
Rylee,129322,446
Rylee,179641,375
Rylee,120265,847
Rylee,197676,534
Rylee,147556,402
Rylee,153085,482
Rylee,162048,936
Rylee,166981,8
Rylee,132912,123
Rylee,154369,707
Rylee,144134,124
Rylee,196101,592
Rylee,132973,451
Rylee,187698,37
Rylee,170475,932
Rylee,156742,144
Rylee,127235,312
Rylee,142685,799
Rylee,189430,877
Rylee,149693,498
Rylee,189153,668
Rylee,173634,578
Rylee,140414,492
Rylee,151631,98
Rylee,131179,941
Rylee,183519,381
Rylee,143367,954
Rylee,121921,295
Rylee,116795,791
Rylee,176751,526
Rylee,134472,138
Rylee,149093,271
Rylee,194335,790
Rylee,108615,758
Rylee,170478,83
Rylee,122234,947
Rylee,155171,564
Rylee,105014,317
Rylee,103047,128
Rylee,114217,815
Rylee,193711,76
Rylee,144565,410
Rylee,189582,458
Rylee,184309,708
Rylee,141616,533
Rylee,182760,463
Rylee,175872,440
Rylee,101939,872
Rylee,112543,789
Rylee,170103,792
Rylee,109644,57
Rylee,199512,281
Rylee,176591,776
Rylee,186219,311
Rylee,196953,157
Rylee,131312,830
Rylee,122616,455
Rylee,144849,581
Rylee,140979,276
Rylee,123780,561
Rylee,136086,503
Rylee,144524,365
Rylee,124953,652
Rylee,177552,376
Rylee,158783,468
Rylee,166402,129
Rylee,123685,872
Rylee,176077,23
Rylee,182315,787
Rylee,160998,143
Rylee,110691,193
Rylee,107597,707
Rylee,133450,11
Rylee,164594,159
Rylee,115588,268
Rylee,108807,292
Rylee,142888,314
Rylee,176240,832
Rylee,197780,737
Rylee,110650,875
Rylee,134856,338
Rylee,100143,532
Rylee,120824,706
Rylee,173611,996
Rylee,109065,556
Rylee,125675,277
Rylee,166319,140
Rylee,187636,617
Rylee,139949,461
Rylee,182965,173
Rylee,150883,589
Rylee,188461,964
Rylee,120475,914
Rylee,140773,976
Rylee,144980,323
Rylee,146435,866
Rylee,168510,529
Rylee,145023,946
Rylee,165954,902
Rylee,140753,352
Rylee,159884,986
Rylee,163785,432
Rylee,164664,585
Rylee,194088,740
Rylee,105934,243
Rylee,189130,807
Rylee,111330,645
Rylee,153463,591
Rylee,102705,846
Rylee,169101,934
Rylee,102381,771
Rylee,124282,326
Rylee,127097,60
Rylee,199679,228
Rylee,100619,534
Rylee,159620,130
Rylee,143030,923
Rylee,114353,101
Rylee,110865,205
Rylee,129830,453
Rylee,107886,992
Rylee,118687,373
Rylee,153458,318
Rylee,161582,86
Rylee,120261,290
Rylee,137805,348
Rylee,181988,15
Rylee,135396,467
Rylee,120138,389
Rylee,193515,89
Rylee,162925,549
Rylee,164520,998
Rylee,137959,151
Rinah,135677,420
Rinah,147124,495
Rinah,125824,361
Rinah,151390,771
Rinah,168084,647
Rinah,134998,76
Rinah,199044,863
Rinah,157767,947
Rinah,111651,501
Rinah,132539,984
Rinah,163209,567
Rinah,141473,344
Rinah,140576,410
Rinah,158510,517
Rinah,199959,544
Rinah,122941,4
Rinah,122574,938
Rinah,137450,241
Rinah,107116,427
Rinah,115157,822
Rinah,187022,891
Rinah,160170,655
Rinah,144202,796
Rinah,189417,85
Rinah,111133,439
Rinah,197903,650
Rinah,175557,713
Rinah,188161,15
Rinah,164206,335
Rinah,183589,138
Rinah,117309,697
Rinah,170409,207
Rinah,195950,302
Rinah,128544,842
Rinah,101527,910
Rinah,103643,529
Rinah,123496,540
Rinah,126768,505
Rinah,146010,426
Rinah,155839,56
Rinah,162330,205
Rinah,187539,501
Rinah,122991,183
Rinah,152296,724
Rinah,151448,516
Rinah,157081,319
Rinah,110434,444
Rinah,144449,740
Rinah,140777,256
Rinah,109674,458
Rinah,159578,892
Rinah,164827,364
Rinah,106109,151
Rinah,161369,662
Rinah,142587,502
Rinah,111428,37
Rinah,150558,252
Rinah,143639,349
Rinah,110790,369
Rinah,154176,772
Rinah,113135,692
Rinah,101231,230
Rinah,179346,270
Rinah,163572,446
Rinah,149235,692
Rinah,179140,284
Rinah,175475,24
Rinah,135492,819
Rinah,148948,866
Rinah,142428,983
Rinah,126569,289
Rinah,129419,389
Rinah,107193,187
Rinah,145149,380
Rinah,145147,325
Rinah,193372,524
Rinah,123974,98
Rinah,126797,451
Rinah,167364,221
Rinah,111030,152
Rinah,137580,853
Rinah,121241,872
Rinah,181661,936
Rinah,191865,837
Rinah,153459,557
Rinah,135761,169
Rinah,184215,42
Rinah,174905,32
Rinah,107656,35
Rinah,164813,676
Rinah,174593,820
Rinah,167626,537
Rinah,190698,524
Rinah,128169,468
Rinah,113599,231
Rinah,186931,195
Rinah,130096,141
Rinah,169987,744
Rinah,111634,720
Rinah,101033,618
Rinah,160530,855
Rinah,128548,167
Rinah,155139,1000
Rinah,183000,29
Rinah,147464,912
Rinah,124974,312
Rinah,103887,41
Rinah,141513,453
Rinah,179432,416
Rinah,156874,643
Rinah,148304,954
Rinah,143752,289
Rinah,196832,683
Rinah,139093,640
Rinah,181011,974
Rinah,176249,430
Rinah,199524,635
Rinah,132794,880
Rinah,169985,715
Rinah,132684,669
Rinah,177433,524
Rinah,131775,548
Rinah,175761,208
Rinah,181298,131
Rinah,183358,828
Rinah,190651,59
Rinah,133340,400
Rinah,144227,408
Rinah,193451,633
Rinah,174516,77
Rinah,126332,180
Rinah,149850,420
Rinah,148031,457
Rinah,166774,239
Rinah,166941,808
Rinah,140406,969
Rinah,166987,939
Rinah,125849,95
Rinah,105699,731
Rinah,102166,929
Rinah,134855,936
Rinah,161445,2
Rinah,129213,216
Rinah,181220,792
Rinah,121281,977
Rinah,140452,848
Rinah,102780,219
Rinah,112620,55
Rinah,194025,215
Rinah,135756,270
Rinah,170341,827
Rinah,164921,407
Rinah,191351,908
Rinah,162530,545
Rinah,123562,383
Rinah,136619,77
Rinah,112260,399
Rinah,185207,467
Rinah,197102,184
Rinah,188522,165
Rinah,192690,911
Rinah,175550,954
Rinah,124351,208
Rinah,161205,397
Rinah,146771,342
Rinah,103983,191
Rinah,174599,149
Rinah,192302,248
Rinah,107642,545
Rinah,123853,363
Rinah,119494,564
Rinah,170607,388
Rinah,178002,338
Rinah,130846,477
Rinah,148682,547
Rinah,128119,289
Rinah,178879,797
Rinah,100268,692
Rinah,167951,50
Rinah,141843,932
Rinah,189756,114
Rinah,181593,33
Rinah,117471,280
Rinah,119791,781
Rinah,171795,810
Rinah,173301,77
Rinah,192865,354
Rinah,161622,504
Rinah,184197,965
Rinah,147771,26
Rinah,127124,800
Rinah,155756,500
Rinah,145478,233
Rinah,195672,836
Rinah,138333,266
Rinah,138296,900
Rinah,165524,903
Rinah,129477,373
Rinah,143305,248
Rinah,182157,291
Rinah,166744,115
Rinah,115177,203
Rinah,152498,864
Rinah,153308,743
Rinah,144276,805
Rinah,147247,809
Rinah,183216,288
Rinah,180885,827
Rinah,158776,902
Rinah,137874,192
Rinah,132679,199
Rinah,154136,861
Rinah,154876,795
Rinah,141290,723
Rinah,189878,651
Rinah,171156,560
Rinah,127168,938
Rinah,118055,57
Rinah,164538,748
Rinah,122366,205
Rinah,165248,970
Rinah,170054,902
Rinah,137186,469
Rinah,135737,48
Rinah,179054,728
Rinah,155765,416
Rinah,121578,69
Rinah,171901,158
Rinah,128415,709
Rinah,138133,797
Rinah,144399,850
Rinah,174154,796
Rinah,106820,452
Rinah,156944,824
Rinah,103115,108
Rinah,113868,465
Rinah,133866,240
Rinah,109465,845
Rinah,179898,378
Rinah,167881,56
Rinah,148840,142
Rinah,189899,218
Rinah,117189,765
Rinah,104046,810
Rinah,113027,298
Rinah,167003,962
Rinah,168286,510
Rinah,161789,646
Rinah,115750,178
Rinah,191519,68
Rinah,143050,8
Rinah,198594,499
Rinah,153816,542
Rinah,165368,705
Rinah,157871,959
Rinah,128892,545
Rinah,106778,339
Rinah,186510,177
Rinah,100873,91
Rinah,157959,874
Rinah,184803,932
Rinah,165221,949
Rinah,166536,697
Rinah,175604,185
Rinah,140221,617
Rinah,181751,746
Rinah,151519,325
Rinah,129623,898
Rinah,154140,373
Rinah,183958,642
Rinah,176975,475
Rinah,172984,460
Rinah,121842,612
Rinah,194803,838
Rinah,162967,31
Rinah,154646,978
Rinah,191184,190
Rinah,186053,962
Rinah,135629,912
Rinah,140189,289
Rinah,163360,146
Rinah,179142,472
Rinah,190100,152
Rinah,178450,947
Rinah,176128,364
Rinah,126536,122
Rinah,118874,437
Rinah,188669,934
Rinah,146259,51
Rinah,169934,85
Rinah,152203,618
Rinah,167544,87
Rinah,167563,312
Rinah,153676,254
Rinah,109954,546
Rinah,196716,331
Rinah,152831,8
Rinah,130388,547
Rinah,123835,43
Rinah,122307,680
Rinah,141429,375
Rinah,162359,323
Rinah,153415,771
Rinah,165916,511
Rinah,194590,788
Rinah,105135,748
Rinah,157434,970
Rinah,188587,182
Rinah,122216,633
Rinah,161528,102
Rinah,177483,904
Rinah,189177,687
Rinah,167124,619
Rinah,155302,231
Rinah,112310,857
Rinah,185592,164
Rinah,114078,463
Rinah,188473,166
Rinah,104038,317
Rinah,198831,249
Rinah,144852,526
Rinah,112060,351
Rinah,149788,771
Rinah,166013,252
Rinah,109684,436
Rinah,140919,433
Rinah,199241,691
Rinah,197561,501
Rinah,123976,509
Rinah,165427,718
Rinah,101975,990
Rinah,111147,928
Rinah,179076,479
Rinah,164226,914
Rinah,170740,704
Rinah,180292,402
Rinah,104464,15
Rinah,103405,638
Rinah,114405,621
Rinah,131821,87
Rinah,157713,310
Rinah,102583,32
Rinah,184067,819
Rinah,144499,594
Rinah,107431,511
Rinah,150921,957
Rinah,158901,946
Rinah,122762,688
Rinah,139397,398
Rinah,121526,284
Rinah,118205,13
Rinah,133207,129
Rinah,187399,888
Rinah,168267,968
Rinah,199321,690
Rinah,144603,813
Rinah,179057,788
Rinah,143832,310
Rinah,172526,864
Rinah,125954,157
Rinah,187191,188
Rinah,149704,29
Rinah,146243,821
Rinah,184439,196
Rinah,133701,602
Rinah,194509,65
Rinah,172373,881
Rinah,114589,589
Rinah,156185,36
Rinah,137782,458
Rinah,156534,939
Rinah,113034,639
Rinah,183178,333
Rinah,128348,830
Rinah,194573,938
Rinah,132025,762
Rinah,153238,599
Rinah,141909,345
Rinah,136149,757
Rinah,122926,888
Rinah,101518,225
Rinah,170632,148
Rinah,177681,741
Rinah,139346,630
Rinah,119986,825
Rinah,129845,464
Rinah,132046,13
Rinah,101245,406
Rinah,146281,953
Rinah,111678,291
Rinah,181403,269
Rinah,148558,859
Rinah,198247,17
Rinah,173244,885
Rinah,103726,7
Rinah,124214,443
Rinah,172712,829
Rinah,154070,122
Rinah,136208,537
Rinah,150759,63
Rinah,158555,965
Rinah,166275,152
Rinah,164938,686
Rinah,138569,650
Rinah,102528,585
Rinah,114238,444
Rinah,134590,755
Rinah,134362,371
Rinah,128797,915
Rinah,181435,102
Rinah,146415,678
Rinah,131579,103
Rinah,168689,879
Rinah,127064,875
Rinah,138442,675
Rinah,175543,483
Rinah,197184,460
Rinah,100523,286
Rinah,157170,339
Rinah,100256,611
Rinah,181672,733
Rinah,194259,270
Rinah,139703,498
Rinah,108508,943
Rinah,169787,572
Rinah,191408,686
Rinah,194477,154
Rinah,147708,644
Rinah,196438,976
Rinah,129231,868
Rinah,177363,575
Rinah,130465,911
Rinah,167523,458
Rinah,162131,147
Rinah,120296,287
Rinah,175903,277
Rinah,174447,182
Rinah,150147,115
Rinah,111740,910
Rinah,121670,573
Rinah,184495,73
Rinah,178183,33
Rinah,181805,71
Rinah,124977,334
Rinah,192617,999
Rinah,197507,448
Rinah,190038,286
Rinah,132689,47
Rinah,188878,443
Rinah,198476,79
Rinah,123969,969
Rinah,135279,941
Rinah,164699,703
Rinah,130394,572
Rinah,118601,332
Rinah,120906,45
Rinah,138973,973
Rinah,115524,10
Rinah,183015,21
Rinah,111507,71
Rinah,170500,237
Rinah,137294,433
Rinah,189982,412
Rinah,116780,111
Rinah,184684,972
Rinah,104023,330
Rinah,192844,815
Rinah,170185,611
Rinah,165190,625
Rinah,194814,659
Rinah,123614,434
Rinah,107664,399
Rinah,134658,726
Rinah,102140,606
Rinah,199285,118
Rinah,115158,992
Rinah,180123,354
Rinah,167981,175
Rinah,113664,662
Rinah,107918,510
Rinah,112656,841
Rinah,103709,846
Rinah,188947,903
Rinah,174093,650
Rinah,115142,487
Rinah,122503,804
Rinah,167813,261
Rinah,196075,732
Rinah,147883,362
Rinah,188854,126
Rinah,131885,390
Rinah,155210,368
Rinah,171980,119
Rinah,169435,205
Rinah,111577,163
Rinah,144693,823
Rinah,197128,403
Rinah,116033,285
Rinah,170135,836
Rinah,147794,44
Rinah,114156,784
Rinah,163320,376
Rinah,117565,114
Rinah,123141,360
Rinah,188862,862
Rinah,108791,656
Rinah,105347,422
Rinah,179551,553
Rinah,172090,195
Rinah,118462,212
Rinah,136282,409
Rinah,118556,715
Rinah,166310,734
Rinah,162416,800
Rinah,112057,427
Rinah,189093,84
Rinah,185528,813
Rinah,195286,35
Rinah,107514,219
Rinah,134467,278
Rinah,101650,918
Rinah,191195,418
Rinah,169646,985
Rinah,134317,975
Rinah,120055,50
Rinah,159111,51
Rinah,176159,584
Rinah,136562,863
Rinah,120330,807
Rinah,118248,37
Rinah,194020,341
Rinah,110639,136
Rinah,111539,603
Rinah,145893,947
Rinah,188112,115
Rinah,199795,408
Rinah,105069,457
Rinah,187447,257
Rinah,194381,684
Rinah,116144,416
Rinah,185451,786
Rinah,110531,973
Rinah,155348,384
Rinah,119220,571
Rinah,133611,140
Rinah,168894,572
Rinah,168982,200
Rinah,180288,350
Rinah,116835,707
Rinah,196688,987
Rinah,150350,815
Rinah,140223,892
Rinah,193235,267
Rinah,170746,761
Rinah,187511,240
Rinah,194626,592
Rinah,106102,72
Rinah,153749,808
Rinah,147894,633
Rinah,169663,361
Rinah,145745,37
Rinah,166148,201
Rinah,167452,557
Rinah,120756,347
Rinah,135368,679
Rinah,152775,323
Rinah,114676,21
Rinah,190313,788
Rinah,125336,152
Rinah,132635,680
Rinah,133855,640
Rinah,156911,746
Rinah,156959,417
Rinah,127078,912
Rinah,177914,231
Rinah,114131,448
Rinah,173195,425
Rinah,146867,374
Rinah,193294,821
Rinah,167407,13
Rinah,125222,653
Rinah,140582,788
Rinah,162573,520
Rinah,151377,363
Rinah,179095,423
Rinah,113101,898
Rinah,109255,72
Rinah,150918,527
Rinah,167436,327
Rinah,198626,979
Rinah,117710,814
Rinah,162683,403
Rinah,118862,820
Rinah,157411,630
Rinah,142038,367
Rinah,172213,677
Rinah,188965,314
Rinah,100048,87
Rinah,184241,619
Rinah,154694,991
Rinah,105388,791
Rinah,110835,240
Rinah,101071,315
Rinah,112841,785
Rinah,109218,445
Rinah,176597,773
Rinah,191565,487
Rinah,115998,204
Rinah,152243,562
Rinah,141186,594
Rinah,104153,145
Rinah,198352,960
Rinah,128888,822
Rinah,150864,125
Rinah,142996,379
Rinah,164848,109
Rinah,133334,430
Rinah,172483,456
Rinah,119023,801
Rinah,163000,800
Rinah,119373,90
Rinah,116202,538
Rinah,134212,910
Rinah,157693,127
Rinah,176951,32
Rinah,189403,425
Rinah,174111,126
Rinah,152690,942
Rinah,102484,42
Rinah,132476,214
Rinah,171050,860
Rinah,144995,399
Rinah,163740,778
Rinah,175783,161
Rinah,123146,709
Rinah,172357,930
Rinah,110163,938
Rinah,140841,562
Rinah,168655,497
Rinah,103495,124
Rinah,175393,147
Rinah,185222,575
Rinah,142727,382
Rinah,157983,255
Rinah,149716,340
Rinah,182507,886
Rinah,116452,355
Rinah,119093,576
Rinah,146285,811
Rinah,151483,710
Rinah,190134,81
Rinah,157497,378
Rinah,158622,608
Rinah,164915,197
Rinah,116772,637
Rinah,107754,891
Rinah,141405,608
Rinah,119992,601
Rinah,145468,552
Rinah,124917,829
Rinah,169203,965
Rinah,187785,574
Rinah,104800,143
Rinah,114878,965
Rinah,162552,259
Rinah,117701,683
Rinah,142949,961
Rinah,186986,662
Rinah,129688,906
Rinah,113513,753
Rinah,184351,858
Rinah,181120,550
Rinah,100146,398
Rinah,117923,784
Rinah,178607,868
Rinah,123393,854
Rinah,163312,42
Rinah,152328,377
Rinah,117653,466
Rinah,178019,436
Rinah,118252,38
Rinah,170435,984
Rinah,119443,628
Rinah,175046,22
Rinah,171646,141
Rinah,110672,122
Rinah,134192,68
Rinah,164164,70
Rinah,193129,598
Rinah,175928,283
Rinah,100322,777
Rinah,192946,164
Rinah,157978,778
Rinah,113425,312
Rinah,121102,329
Rinah,188503,716
Rinah,175095,961
Rinah,121829,925
Rinah,148535,244
Rinah,100820,304
Rinah,169304,936
Rinah,149040,91
Rinah,194365,833
Rinah,121980,977
Rinah,123705,264
Rinah,192656,516
Rinah,119311,842
Rinah,127729,516
Rinah,154312,143
Rinah,104081,654
Rinah,102038,314
Rinah,157590,233
Rinah,163943,607
Rinah,147686,576
Rinah,198042,379
Rinah,177628,379
Rinah,121202,632
Rinah,140460,992
Rinah,170259,187
Rinah,196544,609
Rinah,126946,470
Rinah,123481,21
Rinah,191667,123
Rinah,140700,33
Rinah,134460,941
Rinah,177844,502
Rinah,175541,65
Rinah,101920,158
Rinah,148422,524
Rinah,143515,463
Rinah,188178,714
Rinah,109419,228
Rinah,118659,569
Rinah,133684,513
Rinah,115983,61
Rinah,134617,154
Rinah,157595,546
Rinah,123999,117
Rinah,194208,201
Rinah,143788,646
Rinah,102895,67
Rinah,130630,983
Rinah,132131,424
Rinah,181601,642
Rinah,123317,213
Rinah,165828,285
Rinah,158613,700
Rinah,158782,258
Rinah,126727,888
Rinah,119195,970
Rinah,177567,401
Rinah,172237,356
Rinah,183101,339
Rinah,159965,529
Rinah,139552,544
Rinah,113295,85
Rinah,118015,417
Rinah,146891,887
Rinah,126762,309
Rinah,112625,43
Rinah,196322,535
Rinah,181029,404
Rinah,190834,644
Rinah,147347,911
Rinah,130114,893
Rinah,151778,283
Rinah,137482,574
Rinah,153548,194
Rinah,159254,691
Rinah,175989,164
Rinah,119381,433
Rinah,165924,902
Rinah,143930,28
Rinah,173235,422
Rinah,170509,278
Rinah,160449,854
Rinah,136870,197
Rinah,130646,882
Rinah,162188,808
Rinah,103872,816
Rinah,119724,332
Rinah,115509,125
Rinah,153391,748
Rinah,134738,996
Rinah,101370,163
Rinah,112063,911
Rinah,129925,652
Rinah,150850,804
Rinah,137264,142
Rinah,137083,239
Rinah,102210,968
Rinah,146235,500
Rinah,137423,153
Rinah,183431,361
Rinah,158769,779
Rinah,130540,451
Rinah,103682,562
Rinah,196805,503
Rinah,154053,851
Rinah,182277,237
Rinah,178555,779
Rinah,156063,429
Rinah,178930,914
Rinah,185269,822
Rinah,113380,232
Rinah,191249,950
Rinah,174940,451
Rinah,134133,793
Rinah,181958,27
Rinah,167565,265
Rinah,119493,113
Rinah,198122,546
Rinah,135100,712
Rinah,170161,887
Rinah,160038,560
Rinah,133802,18
Rinah,128861,508
Rinah,194739,609
Rinah,199525,75
Rinah,115261,886
Rinah,150703,340
Rinah,199454,739
Rinah,100000,169
Rinah,107945,956
Rinah,186081,820
Rinah,185562,114
Rinah,159138,791
Rinah,118644,682
Rinah,104865,989
Rinah,170865,387
Rinah,158047,505
Rinah,109723,142
Rinah,115533,785
Rinah,181453,835
Rinah,180099,606
Rinah,153545,891
Rinah,198867,32
Rinah,188620,138
Rinah,136246,770
Rinah,162009,862
Rinah,140568,911
Rinah,198595,219
Rinah,189397,771
Rinah,151872,84
Rinah,119731,838
Rinah,178481,813
Rinah,187444,135
Rinah,194850,980
Rinah,149081,696
Rinah,139281,579
Rinah,103876,957
Rinah,120151,31
Rinah,103044,861
Rinah,124988,781
Rinah,199164,493
Rinah,179665,728
Rinah,186388,790
Rinah,112329,402
Rinah,132009,469
Rinah,149312,864
Rinah,127734,849
Rinah,145744,545
Rinah,170963,475
Rinah,142421,405
Rinah,165603,955
Rinah,186889,10
Rinah,163240,493
Rinah,101420,209
Rinah,117143,412
Rinah,194156,581
Rinah,100922,931
Rinah,104174,110
Rinah,175373,435
Rinah,111720,904
Rinah,121178,508
Rinah,192071,610
Rinah,142539,712
Rinah,192781,65
Rinah,135952,270
Rinah,185299,585
Rinah,191147,216
Rinah,167021,654
Rinah,150105,294
Rinah,149620,978
Rinah,137241,618
Rinah,155168,788
Rinah,123482,871
Rinah,150844,481
Rinah,106155,295
Rinah,184149,489
Rinah,184402,818
Rinah,145183,265
Rinah,134268,758
Rinah,158196,276
Rinah,136653,482
Rinah,194151,286
Rinah,138722,925
Rinah,155821,83
Rinah,129605,215
Rinah,120570,254
Rinah,114779,75
Rinah,189955,488
Rinah,173850,987
Rinah,127189,263
Rinah,184476,328
Rinah,108344,401
Rinah,102463,956
Rinah,173474,792
Rinah,181977,348
Rinah,179205,137
Rinah,169714,217
Rinah,189228,748
Rinah,130363,3
Rinah,184141,775
Rinah,136855,664
Rinah,191433,852
Rinah,134260,364
Rinah,130775,852
Rinah,163637,552
Rinah,165128,709
Rinah,106048,801
Rinah,191702,754
Rinah,135517,418
Rinah,116676,332
Rinah,142741,840
Rinah,138431,123
Rinah,127757,962
Rinah,185162,658
Rinah,103839,704
Rinah,122960,78
Rinah,102544,743
Rinah,160456,767
Rinah,129173,7
Rinah,160133,588
Rinah,146969,125
Rinah,147551,534
Rinah,167113,822
Rinah,175357,911
Rinah,185728,565
Rinah,163221,235
Rinah,158382,103
Rinah,172349,447
Rinah,157933,213
Rinah,108827,451
Rinah,175024,523
Rinah,196244,317
Rinah,113080,191
Rinah,117479,975
Rinah,188948,646
Rinah,146417,556
Rinah,167675,982
Rinah,152625,741
Rinah,184739,568
Rinah,100550,610
Rinah,177370,836
Rinah,114926,403
Rinah,122096,171
Rinah,136188,128
Rinah,137425,685
Rinah,187633,695
Rinah,101640,995
Rinah,144712,669
Rinah,172824,458
Rinah,115377,812
Rinah,121726,865
Rinah,183599,573
Rinah,155630,812
Rinah,159350,72
Rinah,137472,846
Rinah,138263,655
Rinah,163253,607
Rinah,102138,392
Rinah,147951,470
Rinah,137908,44
Rinah,183188,305
Rinah,191017,623
Rinah,110928,98
Rinah,111574,590
Rinah,121164,994
Rinah,104667,706
Rinah,197362,358
Rinah,165584,291
Rinah,150546,970
Rinah,183100,634
Rinah,173829,897
Rinah,179883,238
Rinah,122374,197
Rinah,114175,585
Rinah,167916,400
Rinah,139447,829
Rinah,117164,827
Rinah,198570,310
Rinah,110654,106
Rinah,170672,545
Rinah,104006,996
Rinah,125724,668
Rinah,120194,435
Rinah,190841,164
Rinah,153868,339
Rinah,116281,753
Rinah,176923,373
Rinah,173652,830
Rinah,193596,525
Rinah,111417,56
Rinah,122988,989
Rinah,114007,20
Rinah,141439,99
Rinah,148160,267
Rinah,162988,2
Rinah,139306,887
Rinah,185836,651
Rinah,114634,281
Rinah,152192,742
Rinah,175068,14
Rinah,179618,880
Rinah,191482,806
Rinah,187124,933
Rinah,178197,454
Rinah,135520,445
Rinah,147670,470
Rinah,131998,898
Rinah,115467,775
Rinah,127602,274
Rinah,191155,170
Rinah,184004,657
Rinah,162839,483
Rinah,119616,893
Rinah,141451,166
Rinah,147987,877
Rinah,189764,127
Rinah,135562,167
Rinah,142304,970
Rinah,130190,613
Rinah,160172,484
Quon,155998,929
Quon,190806,3
Quon,147723,36
Quon,103268,502
Quon,145358,324
Quon,108449,517
Quon,123791,137
Quon,108266,757
Quon,173183,746
Quon,178816,414
Quon,125377,609
Quon,150238,83
Quon,107051,851
Quon,145873,976
Quon,118082,696
Quon,166999,311
Quon,120721,121
Quon,162034,283
Quon,193867,415
Quon,151421,985
Quon,144831,474
Quon,141511,21
Quon,116620,945
Quon,172097,817
Quon,133608,37
Quon,158354,569
Quon,172295,94
Quon,146283,964
Quon,176700,35
Quon,169110,636
Quon,133987,448
Quon,148595,205
Quon,167327,707
Quon,122457,212
Quon,133105,158
Quon,184494,604
Quon,144289,51
Quon,168957,92
Quon,111717,302
Quon,180266,611
Quon,196462,39
Quon,156700,763
Quon,114851,450
Quon,132739,565
Quon,196219,358
Quon,163479,371
Quon,122202,491
Quon,143252,975
Quon,194037,681
Quon,133948,26
Quon,181595,667
Quon,181841,425
Quon,114147,138
Quon,187398,20
Quon,146248,864
Quon,113836,182
Quon,183231,949
Quon,142669,477
Quon,188867,931
Quon,165654,241
Quon,137254,275
Quon,136752,140
Quon,119972,862
Quon,133062,847
Quon,112189,652
Quon,101820,921
Quon,169497,263
Quon,140900,481
Quon,158708,882
Quon,179478,848
Quon,111560,114
Quon,142165,430
Quon,109989,412
Quon,104940,538
Quon,119439,593
Quon,138840,936
Quon,120607,684
Quon,130142,527
Quon,114010,157
Quon,125105,169
Quon,149536,674
Quon,153500,767
Quon,112280,348
Quon,149524,736
Quon,134827,14
Quon,138303,886
Quon,165788,127
Quon,101694,339
Quon,134328,561
Quon,146515,217
Quon,166237,213
Quon,172843,654
Quon,107255,133
Quon,140036,509
Quon,109562,20
Quon,175825,132
Quon,146661,252
Quon,135263,963
Quon,133697,379
Quon,193351,626
Quon,191177,794
Quon,150426,580
Quon,190081,930
Quon,141950,618
Quon,170392,917
Quon,177172,283
Quon,170395,150
Quon,121116,245
Quon,119872,656
Quon,153632,947
Quon,182380,892
Quon,112680,312
Quon,146670,102
Quon,123885,802
Quon,189554,706
Quon,175861,188
Quon,132372,995
Quon,178365,502
Quon,125707,795
Quon,132621,6
Quon,154118,580
Quon,118098,445
Quon,184737,947
Quon,116237,685
Quon,140661,270
Quon,174271,839
Quon,137041,117
Quon,184510,533
Quon,157760,314
Quon,192743,728
Quon,122145,591
Quon,135428,4
Quon,195459,67
Quon,151552,622
Quon,109925,544
Quon,182849,836
Quon,173307,932
Quon,109911,849
Quon,125941,505
Quon,146864,93
Quon,113794,62
Quon,194311,500
Quon,140572,294
Quon,167201,777
Quon,142569,680
Quon,183950,129
Quon,165094,571
Quon,166408,303
Quon,190381,614
Quon,147191,844
Quon,162922,564
Quon,146488,256
Quon,163774,573
Quon,125055,604
Quon,109822,659
Quon,107788,70
Quon,190098,282
Quon,182417,924
Quon,178527,350
Quon,103608,12
Quon,147337,441
Quon,150395,225
Quon,111439,786
Quon,101950,609
Quon,135477,45
Quon,145733,506
Quon,127835,890
Quon,115764,401
Quon,104962,659
Quon,104176,790
Quon,166708,518
Quon,177550,601
Quon,146601,157
Quon,158328,556
Quon,157766,257
Quon,141545,314
Quon,150675,100
Quon,149599,768
Quon,122192,83
Quon,188456,118
Quon,177771,982
Quon,198182,759
Quon,123516,33
Quon,129601,588
Quon,186279,210
Quon,122098,748
Quon,153976,716
Quon,162149,941
Quon,194478,161
Quon,144582,259
Quon,192862,385
Quon,199519,193
Quon,184088,13
Quon,153796,974
Quon,184409,264
Quon,132013,164
Quon,177960,34
Quon,132734,2
Quon,162326,505
Quon,116855,83
Quon,134697,956
Quon,127699,709
Quon,163903,316
Quon,193330,804
Quon,160714,971
Quon,119866,825
Quon,168281,520
Quon,124556,490
Quon,195203,419
Quon,100233,1
Quon,138407,439
Quon,185933,755
Quon,131743,64
Quon,139492,609
Quon,138068,17
Quon,186226,286
Quon,176661,130
Quon,128344,838
Quon,122329,376
Quon,174105,311
Quon,177518,926
Quon,171547,361
Quon,125526,907
Quon,195403,385
Quon,149776,448
Quon,199762,129
Quon,195379,951
Quon,143096,952
Quon,107888,711
Quon,144072,556
Quon,186639,1
Quon,152318,530
Quon,124720,36
Quon,155962,553
Quon,109122,262
Quon,145647,319
Quon,190054,55
Quon,143545,471
Quon,161806,774
Quon,114354,930
Quon,138932,971
Quon,106995,898
Quon,106144,713
Quon,103450,755
Quon,157164,905
Quon,181782,932
Quon,117723,524
Quon,103066,349
Quon,177949,596
Quon,136661,968
Quon,110222,170
Quon,187011,189
Quon,121805,757
Quon,105867,50
Quon,106287,49
Quon,122414,458
Quon,197874,482
Quon,198539,741
Quon,147565,106
Quon,113010,221
Quon,104759,653
Quon,177436,15
Quon,144225,784
Quon,124785,934
Quon,132301,504
Quon,188549,173
Quon,175227,197
Quon,114862,232
Quon,102274,279
Quon,193870,813
Quon,198427,709
Quon,195090,18
Quon,152171,238
Quon,180766,793
Quon,173642,9
Quon,146237,429
Quon,100026,666
Quon,136289,564
Quon,167248,817
Quon,141306,678
Quon,140417,712
Quon,151038,26
Quon,146540,777
Quon,182161,46
Quon,165506,594
Quon,105140,274
Quon,193792,317
Quon,112717,223
Quon,175956,205
Quon,130435,976
Quon,134394,250
Quon,176488,583
Quon,199166,944
Quon,144991,222
Quon,172553,331
Quon,118350,971
Quon,185813,662
Quon,175226,346
Quon,112242,813
Quon,150331,265
Quon,165486,829
Quon,120036,520
Quon,121076,53
Quon,197570,926
Quon,163555,560
Quon,144370,894
Quon,137659,640
Quon,163147,584
Quon,149166,343
Quon,160569,641
Quon,149875,986
Quon,143985,568
Quon,199914,11
Quon,187209,437
Quon,164473,632
Quon,197850,106
Quon,108940,116
Quon,114767,805
Quon,131026,786
Quon,112949,912
Quon,171209,288
Quon,180464,433
Quon,190854,63
Quon,108125,189
Quon,127511,848
Quon,114825,774
Quon,105493,456
Quon,139732,321
Quon,168143,388
Quon,124836,134
Quon,124403,243
Quon,160630,618
Quon,165658,710
Quon,140023,130
Quon,182930,206
Quon,173888,903
Quon,166232,918
Quon,139874,467
Quon,191368,782
Quon,194320,842
Quon,107714,914
Quon,196207,96
Quon,185354,554
Quon,129241,623
Quon,138292,356
Quon,173312,222
Quon,116482,16
Quon,194490,726
Quon,141777,489
Quon,110758,111
Quon,135499,927
Quon,198632,111
Quon,165775,419
Quon,196935,248
Quon,182045,461
Quon,182808,255
Quon,177122,798
Quon,110901,613
Quon,124387,740
Quon,148998,951
Quon,130710,689
Quon,189239,41
Quon,160050,490
Quon,119308,781
Quon,147271,904
Quon,141732,114
Quon,135512,488
Quon,186600,333
Quon,184292,567
Quon,156135,95
Quon,107454,212
Quon,144780,345
Quon,123436,815
Quon,153857,328
Quon,141810,152
Quon,164812,128
Quon,130379,903
Quon,150053,872
Quon,149990,526
Quon,139240,213
Quon,101692,228
Quon,141617,298
Quon,164243,449
Quon,101829,455
Quon,134030,38
Quon,117048,825
Quon,106145,962
Quon,185623,663
Quon,180775,908
Quon,109031,807
Quon,146723,561
Quon,190310,99
Quon,107358,638
Quon,139099,101
Quon,114944,825
Quon,109971,958
Quon,135205,545
Quon,189660,749
Quon,163139,259
Quon,106346,633
Quon,119306,370
Quon,178845,62
Quon,141743,668
Quon,156651,616
Quon,119343,908
Quon,111320,44
Quon,146720,883
Quon,154545,502
Quon,117890,461
Quon,199021,329
Quon,108363,103
Quon,184972,927
Quon,189027,193
Quon,124678,406
Quon,128518,247
Quon,118285,565
Quon,163393,947
Quon,148050,437
Quon,131508,909
Quon,184069,389
Quon,159914,380
Quon,116557,31
Quon,156054,15
Quon,137509,565
Quon,193102,705
Quon,122247,899
Quon,136410,25
Quon,157815,879
Quon,130481,579
Quon,120846,141
Quon,186854,635
Quon,169860,210
Quon,149549,553
Quon,105254,601
Quon,116668,253
Quon,151450,798
Quon,129949,105
Quon,120241,313
Quon,138970,111
Quon,127627,433
Quon,181451,787
Quon,109803,430
Quon,119008,777
Quon,110955,712
Quon,162471,946
Quon,190280,243
Quon,116376,524
Quon,191272,517
Quon,194436,266
Quon,120804,840
Quon,195243,577
Quon,116857,260
Quon,129714,90
Quon,197210,940
Quon,102622,141
Quon,161327,607
Quon,154108,568
Quon,162120,580
Quon,109815,761
Quon,146881,465
Quon,176394,485
Quon,146152,405
Quon,112047,802
Quon,123158,924
Quon,132928,124
Quon,191696,595
Quon,155557,48
Quon,184945,804
Quon,188306,214
Quon,176658,881
Quon,191300,611
Quon,163121,124
Quon,125619,943
Quon,100373,546
Quon,184508,858
Quon,104862,668
Quon,144014,862
Quon,132896,893
Quon,161860,323
Quon,175792,544
Quon,130997,405
Quon,123132,550
Quon,192648,633
Quon,142177,789
Quon,160128,115
Quon,105137,52
Quon,143550,838
Quon,115084,701
Quon,157437,2
Quon,133225,908
Quon,156747,368
Quon,186190,253
Quon,146643,451
Quon,176498,67
Quon,176878,906
Quon,197543,129
Quon,124745,833
Quon,107181,508
Quon,143222,730
Quon,140375,693
Quon,142288,681
Quon,102474,669
Quon,186322,591
Quon,156971,42
Quon,124834,59
Quon,116692,52
Quon,178014,837
Quon,191503,302
Quon,142420,899
Quon,102237,733
Quon,172061,841
Quon,116528,655
Quon,185409,460
Quon,101686,444
Quon,184083,489
Quon,163976,898
Quon,114420,77
Quon,129725,748
Quon,124436,746
Quon,174857,899
Quon,134586,365
Quon,116564,376
Quon,187290,238
Quon,138674,601
Quon,130954,466
Quon,110407,642
Quon,197620,592
Quon,128007,85
Quon,136407,767
Quon,136814,842
Quon,170391,266
Quon,120885,997
Quon,116389,989
Quon,148678,2
Quon,113213,566
Quon,154462,316
Quon,110798,107
Quon,181098,776
Quon,190547,65
Quon,171648,615
Quon,157023,303
Quon,144247,338
Quon,133129,800
Quon,146474,494
Quon,141015,539
Quon,168565,969
Quon,114936,880
Quon,118489,153
Quon,137121,564
Quon,140758,796
Quon,195232,279
Quon,124035,697
Quon,133804,282
Quon,147012,602
Quon,100288,692
Quon,163375,389
Quon,185232,175
Quon,143655,46
Quon,199611,990
Quon,151730,663
Quon,193585,878
Quon,168940,722
Quon,140944,106
Quon,155480,171
Quon,118770,535
Quon,143238,270
Quon,126204,702
Quon,132576,509
Quon,136299,416
Quon,178755,279
Quon,115502,640
Quon,109151,378
Quon,125823,832
Quon,163419,481
Quon,163223,937
Quon,126926,747
Quon,140667,488
Quon,117107,150
Quon,176456,91
Quon,101303,333
Quon,174597,667
Quon,188864,965
Quon,177858,134
Quon,104631,403
Quon,100003,419
Quon,126774,526
Quon,158473,953
Quon,139341,466
Quon,168189,349
Quon,131920,763
Quon,158899,491
Quon,133582,417
Quon,164602,728
Quon,121339,699
Quon,183134,437
Quon,108175,890
Quon,175644,774
Quon,142432,170
Quon,199703,620
Quon,140567,719
Quon,107383,380
Quon,151919,638
Quon,144113,206
Quon,123244,703
Quon,171761,153
Quon,141559,351
Quon,140874,38
Quon,100877,244
Quon,113266,515
Quon,187777,607
Quon,117247,490
Quon,133953,503
Quon,131666,7
Quon,161304,161
Quon,185064,955
Quon,130678,874
Quon,193181,303
Quon,136309,973
Quon,184464,39
Quon,123819,410
Quon,110340,427
Quon,150377,277
Quon,177417,496
Quon,160848,954
Quon,154582,395
Quon,100667,387
Quon,130752,267
Quon,154027,551
Quon,106920,174
Quon,196508,632
Quon,196147,75
Quon,175163,671
Quon,109824,727
Quon,191835,181
Quon,192892,662
Quon,186090,883
Quon,198629,180
Quon,146462,626
Quon,144789,915
Quon,158791,929
Quon,135787,489
Quon,179639,305
Quon,185891,211
Quon,133752,468
Quon,193315,448
Quon,154341,905
Quon,189087,45
Quon,161014,9
Quon,130525,974
Quon,131911,257
Quon,161473,534
Quon,127524,972
Quon,194003,88
Quon,105146,629
Quon,142586,481
Quon,148859,874
Quon,128843,803
Quon,166368,91
Quon,193198,182
Quon,160287,33
Quon,124171,696
Quon,174751,464
Quon,118817,332
Quon,110813,476
Quon,158271,801
Quon,194989,997
Quon,139477,264
Quon,137297,247
Quon,129850,741
Quon,176121,631
Quon,100876,672
Quon,184652,845
Quon,132465,986
Quon,198897,564
Quon,132783,16
Quon,159944,929
Quon,183207,674
Quon,129240,615
Quon,139590,63
Quon,197390,986
Quon,171083,774
Quon,106926,588
Quon,123285,516
Quon,149059,481
Quon,160684,501
Quon,113235,739
Quon,198426,971
Quon,152528,986
Quon,155109,299
Quon,199884,795
Quon,152780,450
Quon,148656,646
Quon,123596,757
Quon,152773,640
Quon,179893,919
Quon,153297,606
Quon,145410,271
Quon,123155,613
Quon,160886,681
Quon,160742,261
Quon,134726,465
Quon,118265,884
Quon,141200,682
Quon,121874,336
Quon,123841,65
Quon,128458,61
Quon,144020,770
Quon,191224,871
Quon,129109,975
Quon,148057,866
Quon,171340,228
Quon,176979,708
Quon,182263,232
Quon,180350,925
Quon,178874,258
Quon,121536,481
Quon,198733,215
Quon,143309,519
Quon,198453,232
Quon,149384,73
Quon,194725,307
Quon,178282,816
Quon,142828,3
Quon,114051,811
Quon,178626,208
Quon,174927,793
Quon,192738,807
Quon,188614,985
Quon,136673,853
Quon,187229,324
Quon,184993,781
Quon,144422,878
Quon,170497,72
Quon,151945,249
Quon,180933,303
Quon,106866,494
Quon,190796,756
Quon,178913,888
Quon,179246,775
Quon,138261,142
Quon,174971,849
Quon,122855,404
Quon,156544,165
Quon,184423,113
Quon,124644,308
Quon,145490,125
Quon,152771,611
Quon,181497,229
Quon,123226,45
Quon,113156,283
Quon,100133,496
Quon,184160,821
Quon,132569,33
Quon,163516,940
Quon,158521,237
Quon,197222,813
Quon,193627,141
Quon,196942,758
Quon,126575,81
Quon,175327,597
Quon,166765,235
Quon,135589,331
Quon,166547,760
Quon,194817,930
Quon,179634,216
Quon,134259,799
Quon,107474,836
Quon,110275,122
Quon,142959,399
Quon,121465,138
Quon,157162,238
Quon,171226,866
Quon,163387,649
Quon,108473,138
Quon,166300,214
Quon,106024,735
Quon,121782,304
Quon,174094,964
Quon,186261,263
Quon,180083,631
Quon,161454,680
Quon,187674,93
Quon,167606,909
Quon,101162,467
Quon,132821,334
Quon,107677,183
Quon,119266,557
Quon,171711,910
Quon,107355,655
Quon,192547,113
Quon,131327,166
Quon,165457,430
Quon,180032,392
Quon,122115,744
Quon,156687,853
Quon,124318,901
Quon,125148,40
Quon,162856,560
Quon,114127,682
Quon,101667,341
Quon,167233,449
Quon,167525,858
Quon,130831,756
Quon,111176,757
Quon,104901,921
Quon,199821,839
Quon,184311,775
Quon,165175,872
Quon,177233,999
Quon,123339,52
Quon,114155,143
Quon,146758,733
Quon,154459,781
Quon,106216,698
Quon,130910,50
Quon,120017,551
Quon,125376,24
Quon,125194,102
Quon,186669,225
Quon,192673,766
Quon,124620,344
Quon,140097,454
Quon,141278,716
Quon,137549,49
Quon,124007,954
Quon,145844,337
Quon,118226,184
Quon,175045,75
Quon,151484,368
Quon,133024,232
Quon,158530,315
Quon,152406,305
Quon,141479,1000
Quon,114389,529
Quon,111387,509
Quon,165703,620
Quon,110820,333
Quon,171623,656
Quon,110227,637
Quon,192456,235
Quon,144221,45
Quon,143946,339
Quon,178743,98
Quon,169217,767
Quon,116785,67
Quon,116953,984
Quon,142868,241
Quon,164625,872
Quon,182023,891
Quon,131052,812
Quon,185954,459
Quon,123756,276
Quon,166567,338
Quon,120999,540
Quon,175310,212
Quon,166328,16
Quon,132321,376
Quon,189295,916
Quon,180419,861
Quon,124353,468
Quon,112074,545
Quon,145090,370
Quon,196256,595
Quon,117934,662
Quon,139155,236
Quon,160548,125
Quon,189300,197
Quon,190234,463
Quon,139419,747
Quon,177682,547
Quon,146866,111
Quon,144280,300
Quon,172497,382
Quon,100391,70
Quon,148344,64
Quon,191816,291
Quon,122769,142
Quon,118047,94
Quon,161043,528
Quon,100145,289
Quon,146618,854
Quon,159693,847
Quon,163226,759
Quon,186580,431
Quon,161696,220
Quon,124406,817
Quon,141606,48
Quon,194745,329
Quon,172619,648
Quon,160163,431
Quon,154870,736
Quon,164966,837
Quon,186558,369
Quon,168983,606
Quon,133743,581
Quon,199759,990
Quon,163548,222
Quon,173465,36
Quon,102889,820
Quon,185668,236
Quon,152287,138
Quon,191452,583
Quon,155385,476
Quon,186087,408
Quon,165966,160
Quon,152284,253
Quon,106943,248
Quon,153356,115
Quon,169141,348
Quon,135940,110
Quon,140496,172
Quon,136446,1000
Quon,193153,646
Quon,188545,365
Quon,140013,544
Quon,116840,766
Quon,108296,192
Quon,177460,915
Quon,177998,117
Quon,133022,945
Quon,179713,584
Quon,133262,11
Quon,169566,436
Quon,143989,273
Quon,177281,75
Quon,141947,391
Quon,112385,477
Quon,156993,378
Quon,142139,185
Quon,172267,727
Quon,137366,835
Quon,166593,470
Quon,117352,319
Quon,182824,46
Quon,182657,731
Quon,122053,908
Quon,185973,448
Quon,107231,512
Quon,100707,793
Quon,196547,332
Quon,195897,147
Quon,176078,434
Quon,186747,955
Quon,146718,97
Quon,189891,191
Quon,184752,199
Quon,116279,920
Quon,111605,155
Quon,177164,908
Quon,118420,330
Quon,183170,640
Quon,182658,696
Quon,187157,69
Quon,134804,286
Quon,127580,713
Quon,140865,169
Quon,183582,682
Quon,164365,485
Quon,148580,861
Quon,127001,141
Quon,107636,674
Quon,194876,359
Quon,157039,302
Quon,127067,176
Quon,100341,778
Quon,129004,178
Quon,193952,545
Quon,125662,634
Quon,173608,13
Quon,181964,679
Quon,139690,987
Quon,151284,258
Quon,134836,261
Quon,149857,714
Quon,127094,914
Quon,102711,608
Quon,171731,175
Quon,179668,815
Quon,108179,40
Quon,145516,993
Quon,109696,945
Quon,121808,414
Quon,190221,503
Quon,156980,664
Quon,192467,592
Quon,167098,752
Quon,172421,334
Quon,138114,537
Quon,130048,679
Quon,178268,477
Quon,107045,341
Quon,137972,654
Quon,189815,36
Quon,182529,312
Quon,166490,639
Quon,128228,246
Quon,191889,573
Quon,104872,782
Quon,130829,412
Quon,146347,798
Quon,170064,780
Quon,199341,811
Quon,135936,482
Quon,170558,422
Quon,198004,617
Price,131636,287
Price,165195,509
Price,182587,11
Price,126367,557
Price,131561,258
Price,157456,866
Price,113483,307
Price,116652,679
Price,150519,641
Price,102663,284
Price,195548,963
Price,178708,553
Price,100255,439
Price,182938,358
Price,140691,224
Price,167742,689
Price,158163,52
Price,194939,122
Price,168486,888
Price,119762,813
Price,151021,377
Price,148343,18
Price,110622,198
Price,117447,959
Price,171508,540
Price,149194,517
Price,109014,514
Price,127207,917
Price,165627,772
Price,191882,618
Price,139711,907
Price,102042,17
Price,196872,18
Price,112807,903
Price,160011,509
Price,196123,59
Price,105372,914
Price,118577,978
Price,192899,667
Price,191958,262
Price,191098,446
Price,156757,506
Price,134599,994
Price,128607,287
Price,128707,686
Price,150408,806
Price,115640,426
Price,141231,903
Price,118351,204
Price,184315,331
Price,143324,361
Price,163192,766
Price,157967,261
Price,182349,610
Price,147924,564
Price,101586,666
Price,143854,72
Price,137902,803
Price,127681,596
Price,110909,302
Price,109660,749
Price,194998,258
Price,187671,53
Price,122567,128
Price,160502,558
Price,193796,767
Price,183948,223
Price,148166,410
Price,181725,313
Price,101232,712
Price,121700,342
Price,197623,293
Price,174056,277
Price,106398,134
Price,173322,116
Price,197762,945
Price,195500,690
Price,164856,979
Price,172535,246
Price,130934,792
Price,149390,876
Price,144666,98
Price,189685,791
Price,134572,679
Price,172921,353
Price,120987,160
Price,189588,561
Price,117994,783
Price,169749,530
Price,179741,922
Price,162782,548
Price,182007,10
Price,179566,195
Price,158423,382
Price,108017,90
Price,116602,736
Price,127184,976
Price,164563,976
Price,157824,207
Price,139188,900
Price,192519,507
Price,102538,917
Price,199004,200
Price,124313,157
Price,112903,59
Price,105747,173
Price,145145,705
Price,152919,451
Price,125926,724
Price,107457,218
Price,199969,247
Price,176753,604
Price,177210,148
Price,165275,255
Price,146552,368
Price,189742,943
Price,150708,581
Price,114669,988
Price,165340,232
Price,181656,314
Price,164867,102
Price,174287,88
Price,178760,314
Price,124708,72
Price,158343,369
Price,163925,42
Price,152104,806
Price,193530,695
Price,122640,802
Price,147872,940
Price,179244,896
Price,122761,209
Price,198035,159
Price,164240,12
Price,106008,397
Price,138349,698
Price,104838,833
Price,151094,673
Price,172793,155
Price,110609,220
Price,143263,125
Price,130021,269
Price,173733,881
Price,146710,811
Price,170804,47
Price,172173,268
Price,172557,671
Price,150948,634
Price,188592,202
Price,161815,869
Price,190086,266
Price,110664,162
Price,197297,528
Price,170852,655
Price,193215,21
Price,148056,578
Price,102523,986
Price,140946,699
Price,131335,207
Price,148741,850
Price,161858,535
Price,121263,102
Price,126092,676
Price,192243,71
Price,171891,620
Price,188933,350
Price,139308,461
Price,130487,127
Price,147818,971
Price,187781,254
Price,197638,22
Price,105983,293
Price,150579,622
Price,119975,106
Price,119272,641
Price,173913,71
Price,105610,511
Price,166516,641
Price,169458,213
Price,110831,612
Price,196461,433
Price,130412,807
Price,160522,971
Price,105143,925
Price,164461,316
Price,193396,276
Price,182162,212
Price,127845,291
Price,177834,150
Price,164157,776
Price,152233,251
Price,116612,262
Price,101800,748
Price,192932,703
Price,156393,479
Price,148029,207
Price,153232,76
Price,182591,197
Price,185903,304
Price,126504,788
Price,131049,947
Price,159617,485
Price,128593,550
Price,122198,923
Price,151865,213
Price,126258,719
Price,170021,363
Price,100428,825
Price,151327,108
Price,109016,422
Price,129985,833
Price,193430,900
Price,186962,83
Price,161398,615
Price,140997,777
Price,175927,629
Price,164343,143
Price,136294,692
Price,126741,268
Price,104315,291
Price,107483,554
Price,103476,417
Price,182472,457
Price,195613,358
Price,166068,194
Price,110849,929
Price,193433,207
Price,117022,330
Price,110692,699
Price,191092,748
Price,148150,963
Price,178733,295
Price,117622,383
Price,173252,927
Price,179821,671
Price,165661,409
Price,103905,355
Price,111901,104
Price,149733,377
Price,116201,321
Price,166460,25
Price,142755,978
Price,162990,905
Price,196350,769
Price,197313,54
Price,150088,377
Price,192079,237
Price,196500,535
Price,171106,915
Price,116514,252
Price,195568,801
Price,191422,479
Price,198240,154
Price,120532,677
Price,135482,965
Price,195135,111
Price,110886,820
Price,150007,400
Price,158383,453
Price,176699,902
Price,158870,337
Price,147092,385
Price,136512,894
Price,197457,792
Price,132880,156
Price,175049,555
Price,121093,432
Price,116832,0
Price,168374,185
Price,103874,504
Price,165853,136
Price,167435,51
Price,154521,466
Price,107722,809
Price,169099,521
Price,168171,981
Price,169294,464
Price,190211,37
Price,107137,681
Price,167142,966
Price,149982,385
Price,147667,538
Price,108400,818
Price,186078,952
Price,166228,198
Price,134922,260
Price,129989,998
Price,164985,290
Price,123640,519
Price,119148,119
Price,118043,734
Price,119265,410
Price,161975,906
Price,108792,3
Price,121878,707
Price,129030,636
Price,152726,755
Price,161220,696
Price,137039,335
Price,190741,14
Price,129432,392
Price,127025,586
Price,187165,459
Price,166581,891
Price,119155,821
Price,104458,974
Price,175566,584
Price,155607,504
Price,174950,205
Price,175425,404
Price,160403,941
Price,193472,470
Price,117394,644
Price,148053,892
Price,161051,995
Price,134749,689
Price,156948,708
Price,146847,543
Price,140378,644
Price,192170,516
Price,172744,136
Price,199939,385
Price,192356,486
Price,102037,2
Price,155859,312
Price,162305,916
Price,192256,264
Price,147690,999
Price,145046,650
Price,163203,335
Price,164606,495
Price,162420,855
Price,182575,649
Price,164242,862
Price,179803,429
Price,182880,165
Price,158882,284
Price,148264,572
Price,152291,902
Price,129101,152
Price,178973,944
Price,109809,52
Price,117245,985
Price,137111,233
Price,110085,352
Price,101790,861
Price,153799,778
Price,111009,372
Price,183159,910
Price,106748,709
Price,183553,773
Price,197247,564
Price,168342,832
Price,178672,565
Price,141197,91
Price,112521,194
Price,189464,115
Price,126815,153
Price,100560,39
Price,149094,137
Price,187287,847
Price,119654,386
Price,169661,662
Price,187151,203
Price,126766,640
Price,161662,914
Price,103390,762
Price,166385,564
Price,107560,969
Price,146824,126
Price,103200,945
Price,175788,962
Price,187322,244
Price,173770,31
Price,108403,420
Price,189026,827
Price,168560,736
Price,138772,985
Price,161073,124
Price,169491,806
Price,133524,381
Price,184862,603
Price,115271,242
Price,177324,995
Price,144907,45
Price,180931,329
Price,125281,34
Price,128215,118
Price,104270,129
Price,134510,273
Price,174947,955
Price,129144,870
Price,175983,497
Price,198954,828
Price,128101,688
Price,151472,502
Price,190126,838
Price,199771,588
Price,146103,12
Price,126501,415
Price,142356,172
Price,135683,164
Price,191834,709
Price,148844,474
Price,137868,346
Price,137724,184
Price,174679,639
Price,116249,267
Price,128938,110
Price,105243,165
Price,136560,59
Price,162109,396
Price,101019,868
Price,115834,186
Price,136355,845
Price,189453,866
Price,177684,558
Price,104047,724
Price,179777,342
Price,103559,728
Price,161334,794
Price,131405,104
Price,198483,991
Price,123382,748
Price,105364,750
Price,163077,97
Price,156409,765
Price,176390,321
Price,116019,275
Price,117349,200
Price,148717,88
Price,193998,759
Price,174333,176
Price,132655,431
Price,131698,660
Price,184550,987
Price,144659,131
Price,196407,84
Price,131423,517
Price,162285,75
Price,187681,685
Price,118428,450
Price,125334,696
Price,181792,66
Price,198085,125
Price,165207,47
Price,106235,394
Price,182209,404
Price,191618,59
Price,152632,719
Price,159958,365
Price,121632,125
Price,175479,490
Price,176218,731
Price,119318,513
Price,172868,926
Price,168944,482
Price,101597,491
Price,131886,860
Price,107403,681
Price,183790,285
Price,194423,488
Price,169143,901
Price,113612,9
Price,125497,616
Price,194533,770
Price,151003,448
Price,120913,314
Price,102970,889
Price,186566,617
Price,123260,184
Price,133949,378
Price,164727,174
Price,104417,504
Price,181256,243
Price,172057,767
Price,120649,682
Price,183767,38
Price,151034,972
Price,105201,830
Price,162664,114
Price,172595,169
Price,109987,663
Price,162087,991
Price,137174,220
Price,123224,508
Price,164377,33
Price,100082,289
Price,122919,331
Price,159426,521
Price,150785,138
Price,181838,249
Price,133603,443
Price,194684,822
Price,156289,810
Price,155699,12
Price,152526,642
Price,152067,105
Price,169578,352
Price,174998,816
Price,161246,79
Price,149687,366
Price,172743,851
Price,138191,467
Price,169883,743
Price,141372,413
Price,140034,39
Price,196584,593
Price,148362,104
Price,138160,229
Price,122725,974
Price,173045,393
Price,184656,933
Price,186539,140
Price,159992,103
Price,112571,168
Price,102312,73
Price,167459,689
Price,195206,701
Price,187136,25
Price,120058,708
Price,106542,753
Price,146178,98
Price,196709,459
Price,131938,80
Price,127441,343
Price,156736,587
Price,111670,793
Price,195616,909
Price,110993,415
Price,174403,700
Price,192239,217
Price,161385,897
Price,162584,314
Price,103283,517
Price,192653,242
Price,181303,310
Price,165093,229
Price,152495,196
Price,171146,216
Price,132475,99
Price,146991,82
Price,153827,841
Price,150039,664
Price,145793,196
Price,137201,172
Price,100076,923
Price,196019,799
Price,120130,69
Price,137135,84
Price,174501,505
Price,184220,0
Price,120071,596
Price,199633,430
Price,174509,231
Price,140840,901
Price,120032,120
Price,116789,671
Price,168570,953
Price,125129,594
Price,151425,796
Price,142760,527
Price,185781,491
Price,111750,60
Price,193548,856
Price,125472,590
Price,173773,940
Price,162814,645
Price,116553,844
Price,163896,951
Price,199049,512
Price,184349,459
Price,143408,742
Price,109912,126
Price,166526,402
Price,115086,667
Price,102468,602
Price,161158,50
Price,158249,78
Price,117772,38
Price,120471,324
Price,167775,200
Price,109571,91
Price,173906,522
Price,134071,585
Price,175106,244
Price,148683,675
Price,178007,231
Price,121274,118
Price,160186,802
Price,132986,133
Price,197558,628
Price,160375,238
Price,112938,296
Price,194214,75
Price,152400,933
Price,105838,803
Price,138244,169
Price,196237,519
Price,158159,332
Price,178484,985
Price,167450,674
Price,130723,933
Price,187419,343
Price,106306,773
Price,120994,985
Price,146929,364
Price,170061,161
Price,147966,156
Price,104736,682
Price,101605,89
Price,137683,581
Price,190309,464
Price,132205,824
Price,176716,306
Price,132887,410
Price,196380,831
Price,192829,56
Price,115430,278
Price,126652,96
Price,187846,945
Price,113271,929
Price,153366,871
Price,159109,52
Price,147915,938
Price,184530,687
Price,155352,650
Price,135556,405
Price,134920,396
Price,160518,13
Price,160112,770
Price,155284,834
Price,104321,598
Price,136476,56
Price,195408,859
Price,106742,621
Price,119222,597
Price,134584,398
Price,103214,557
Price,189428,342
Price,142643,264
Price,141721,563
Price,189570,574
Price,165548,241
Price,116977,142
Price,159836,403
Price,107772,505
Price,184268,564
Price,111044,868
Price,108121,288
Price,164140,653
Price,138795,437
Price,132312,396
Price,190424,261
Price,114096,688
Price,188090,669
Price,125265,660
Price,170084,115
Price,126949,736
Price,139475,363
Price,174554,219
Price,160661,78
Price,130558,421
Price,160369,204
Price,102513,917
Price,197479,282
Price,125161,330
Price,145815,551
Price,107130,290
Price,169277,407
Price,139777,172
Price,187454,615
Price,103208,231
Price,125651,283
Price,131894,681
Price,199831,164
Price,115149,921
Price,132920,637
Price,178342,533
Price,123121,947
Price,187176,229
Price,154158,752
Price,126511,555
Price,150396,212
Price,144278,622
Price,147350,601
Price,163215,522
Price,162066,804
Price,188317,813
Price,118086,85
Price,163839,416
Price,186145,332
Price,125123,704
Price,163237,797
Price,199452,573
Price,152385,387
Price,171434,372
Price,108227,306
Price,127842,619
Price,166352,509
Price,195441,363
Price,152189,757
Price,186010,977
Price,108379,760
Price,166367,742
Price,122882,217
Price,103944,474
Price,104957,53
Price,198407,693
Price,101333,980
Price,129081,489
Price,115010,600
Price,103091,704
Price,128251,971
Price,151859,156
Price,108128,638
Price,149143,193
Price,100818,843
Price,118190,596
Price,140651,118
Price,112238,90
Price,184826,691
Price,143937,806
Price,103238,281
Price,166595,418
Price,151463,783
Price,184274,190
Price,181950,48
Price,118619,870
Price,159327,711
Price,161251,969
Price,158664,267
Price,168381,520
Price,186823,244
Price,110946,621
Price,189802,625
Price,120039,737
Price,158919,240
Price,130375,798
Price,195939,757
Price,128019,793
Price,190493,20
Price,123828,807
Price,176310,362
Price,189530,332
Price,176767,861
Price,160333,752
Price,187393,423
Price,191800,27
Price,139506,33
Price,158125,821
Price,160618,426
Price,162111,169
Price,139599,543
Price,125364,646
Price,186753,761
Price,133203,0
Price,160903,913
Price,126457,788
Price,141395,750
Price,183263,88
Price,101086,830
Price,153200,88
Price,116887,483
Price,187344,17
Price,150459,507
Price,109262,663
Price,109770,403
Price,136748,490
Price,157184,719
Price,105189,906
Price,142517,389
Price,151691,476
Price,124695,670
Price,123776,29
Price,168893,898
Price,133790,282
Price,199685,213
Price,177231,119
Price,130056,322
Price,118372,187
Price,110206,17
Price,139844,595
Price,146437,192
Price,179752,19
Price,119180,683
Price,168305,815
Price,106156,976
Price,135622,593
Price,171654,380
Price,129574,110
Price,138513,944
Price,134676,777
Price,104173,930
Price,154781,415
Price,132183,307
Price,153171,125
Price,155292,362
Price,100906,272
Price,135815,760
Price,114019,650
Price,134052,442
Price,107370,219
Price,104725,771
Price,194919,24
Price,150900,778
Price,173688,968
Price,157424,680
Price,183752,325
Price,145651,447
Price,195221,183
Price,193713,747
Price,146744,466
Price,130390,793
Price,156193,516
Price,173736,213
Price,160936,591
Price,189252,524
Price,142989,331
Price,197697,913
Price,155960,300
Price,167030,973
Price,177592,132
Price,117501,501
Price,194297,696
Price,174893,600
Price,171454,596
Price,157556,132
Price,124417,69
Price,106627,552
Price,164843,864
Price,158182,827
Price,106073,643
Price,135019,551
Price,137784,932
Price,161291,920
Price,133376,509
Price,117935,671
Price,151309,446
Price,137647,972
Price,154020,954
Price,186637,888
Price,108174,589
Price,171510,433
Price,118088,821
Price,123326,903
Price,177531,518
Price,185377,482
Price,191625,961
Price,161588,512
Price,169243,449
Price,173317,337
Price,188820,689
Price,102448,583
Price,196459,888
Price,158563,451
Price,143041,661
Price,129049,889
Price,175817,625
Price,156461,664
Price,180477,959
Price,113058,691
Price,152845,332
Price,105042,582
Price,177607,514
Price,132133,547
Price,153161,630
Price,160097,555
Price,187166,531
Price,105675,26
Price,144625,45
Price,108025,31
Price,172389,680
Price,154151,243
Price,103281,842
Price,181173,151
Price,158256,240
Price,169364,362
Price,181703,958
Price,148502,402
Price,123983,859
Price,107413,711
Price,117833,267
Price,104874,514
Price,153884,91
Price,111615,389
Price,151813,792
Price,143232,121
Price,151423,239
Price,108626,446
Price,145877,19
Price,139266,413
Price,143842,356
Price,192347,715
Price,198501,554
Price,110518,711
Price,162686,755
Price,103228,373
Price,189745,890
Price,116570,369
Price,105514,2
Price,100917,7
Price,184890,964
Price,128827,650
Price,117047,90
Price,187037,500
Price,137411,769
Price,187233,406
Price,164706,888
Price,104182,575
Price,150799,994
Price,104429,516
Price,130248,714
Price,193534,43
Price,189207,832
Price,143193,721
Price,191234,511
Price,127921,364
Price,120213,591
Price,144888,209
Price,189908,674
Price,110277,341
Price,130515,777
Price,132895,457
Price,159923,869
Price,175339,588
Price,112085,4
Price,185503,945
Price,116661,266
Price,148498,938
Price,130080,773
Price,135775,508
Price,174389,253
Price,198565,866
Price,150461,785
Price,126552,159
Price,101256,912
Price,191615,783
Price,112201,365
Price,190183,460
Price,180409,474
Price,137019,670
Price,149068,893
Price,157582,948
Price,163838,910
Price,125739,668
Price,154401,633
Price,172711,439
Price,103416,697
Price,194627,774
Price,188643,736
Price,130836,541
Price,151682,786
Price,121350,418
Price,170241,907
Price,187081,693
Price,192201,85
Price,122064,457
Price,158240,599
Price,150188,127
Price,124717,81
Price,134250,223
Price,105680,924
Price,167063,858
Price,137903,247
Price,162253,717
Price,160753,819
Price,111315,521
Price,138239,187
Price,184930,653
Price,120348,407
Price,122168,266
Price,150042,896
Price,138960,344
Price,188445,722
Price,155999,374
Price,171551,263
Price,131994,797
Price,169505,457
Price,134873,782
Price,138392,846
Price,116526,568
Price,102111,811
Price,134937,126
Price,165138,953
Price,113538,866
Price,182375,634
Price,153147,418
Price,192914,609
Price,122220,435
Price,148657,890
Price,145738,303
Price,133977,752
Price,102590,383
Price,127830,586
Price,114334,395
Price,190238,58
Price,147267,880
Price,101372,942
Price,146219,294
Price,127157,984
Price,197630,553
Price,151148,45
Price,135067,667
Price,135075,342
Price,189061,640
Price,139890,50
Price,126355,897
Price,119259,524
Price,170354,763
Price,196483,884
Price,174129,3
Price,150890,759
Price,119432,591
Price,172365,978
Price,113495,836
Price,111545,96
Price,198020,573
Price,196394,837
Price,167073,1000
Price,145381,873
Price,179433,328
Price,103194,188
Price,181942,901
Price,177259,13
Price,117401,58
Price,149347,213
Price,133284,521
Price,188532,640
Price,126853,899
Price,164101,337
Price,109442,300
Price,167534,940
Price,178683,147
Price,137017,521
Price,129900,492
Price,106481,879
Price,174745,418
Price,155393,761
Price,162432,497
Price,189272,839
Price,144345,700
Price,163726,208
Price,141408,434
Price,172431,293
Price,182917,361
Price,177111,701
Price,115421,740
Price,181947,279
Price,157053,669
Price,102573,300
Price,193171,58
Price,191005,69
Price,147747,166
Price,166044,48
Price,113639,320
Price,191612,437
Price,127775,535
Price,156208,355
Price,118395,246
Price,199444,788
Price,189984,466
Price,124762,644
Price,135903,35
Price,168506,730
Price,156500,860
Price,182675,66
Price,192221,928
Price,150816,957
Price,115691,700
Price,175538,104
Price,133821,519
Price,139635,584
Price,148400,547
Price,167488,239
Price,159979,983
Price,127409,363
Price,113500,125
Price,126907,799
Price,169971,549
Price,118123,777
Price,166419,869
Price,149217,416
Price,107387,880
Price,161283,54
Price,141188,774
Price,157107,688
Price,177311,363
Price,185631,814
Price,117203,950
Price,109568,396
Price,175806,444
Price,167776,541
Price,113181,239
Price,127392,694
Price,109343,970
Price,133064,556
Price,167292,188
Price,147638,676
Price,167187,653
Price,131629,120
Price,196007,163
Price,197747,579
Price,191470,705
Price,139726,763
Price,175779,379
Price,145923,153
Price,175032,796
Price,189768,275
Price,179992,699
Price,160713,722
Price,180387,629
Price,187283,807
Price,170694,160
Price,193389,155
Price,143777,756
Price,171495,134
Price,139573,746
Price,163008,679
Price,155966,532
Price,126539,451
Price,135991,186
Price,189935,30
Price,121974,684
Price,183834,754
Price,149792,218
Price,101736,253
Price,141535,464
Price,125220,98
Price,132008,880
Price,149861,121
Price,127226,720
Price,136854,124
Price,164316,862
Price,184820,516
Price,190073,528
Price,160475,922
Price,165182,841
Price,137128,819
Price,175996,7
Price,151051,680
Price,198809,123
Price,101751,624
Price,155332,36
Price,108883,546
Price,169964,875
Price,125041,147
Price,152268,924
Price,128597,561
Price,165552,59
Price,137786,349
Price,134777,390
Price,110533,788
Price,186946,397
Price,183222,797
Price,108831,909
Price,148142,414
Price,137198,761
Price,167273,34
Price,102743,1000
Price,114566,990
Price,195130,859
Price,184810,908
Price,198753,910
Price,171118,836
Price,170846,41
Price,125912,152
Price,172469,3
Price,125132,403
Price,125657,854
Price,170547,806
Price,182028,982
Price,167652,42
Price,195658,474
Price,105873,906
Price,172279,449
Price,120342,214
Price,141245,549
Price,120624,265
Price,134926,832
Price,155541,743
Price,128132,368
Price,163151,559
Price,138483,272
Price,164350,507
Price,135625,198
Price,150700,337
Price,194031,456
Price,195184,819
Price,182140,92
Price,103419,104
Price,174216,773
Price,158451,537
Price,163953,88
Price,185932,464
Price,192196,243
Price,193016,102
Price,198834,763
Price,192477,830
Price,175233,154
Price,194609,654
Price,131332,181
Price,154557,12
Price,179848,106
Price,115652,978
Price,143813,693
Price,113417,561
Price,158577,253
Price,170868,536
Price,129392,97
Price,130210,356
Price,123579,535
Price,143905,518
Price,138023,732
Price,164551,997
Price,148004,253
Price,148947,36
Price,112006,535
Price,120543,80
Price,126684,629
Price,130262,815
Price,163881,324
Price,190585,312
Price,197987,972
Price,188860,532
Price,167396,206
Price,159586,669
Price,156784,78
Price,158490,362
Price,128093,693
Price,128297,629
Price,102625,585
Price,110833,67
Price,122526,899
Price,151586,12
Price,148634,467
Price,172541,672
Price,173968,884
Price,118322,734
Price,172609,175
Price,179527,444
Price,175923,708
Price,139181,579
Price,107125,754
Price,139197,602
Price,170940,447
Price,172402,864
Price,139841,735
Price,131334,174
Price,132335,276
Price,184535,336
Price,111403,854
Price,154426,707
Price,192709,932
Price,189862,555
Price,114104,144
Price,114503,207
Price,141849,136
Price,116344,811
Price,191606,632
Price,188880,677
Price,193700,535
Price,117796,351
Price,190165,243
Price,139544,519
Price,120180,742
Price,178856,211
Price,161365,221
Price,160876,929
Price,172840,136
Price,132873,429
Price,121304,328
Price,164703,619
Price,129487,578
Price,118391,958
Price,162411,208
Price,119943,390
Price,156533,862
Price,100171,366
Price,144989,805
Price,128129,186
Price,136995,892
Price,103373,515
Price,104449,376
Price,127905,888
Price,149045,339
Price,157033,509
Price,167257,673
Price,116629,756
Price,102938,883
Price,146102,593
Price,113254,684
Price,122531,714
Price,129984,982
Price,139514,947
Price,184093,110
Price,109123,834
Price,153937,148
Price,170814,883
Price,157811,9
Price,127823,833
Price,139679,784
Price,187743,319
Price,168579,507
Price,130637,692
Price,160924,249
Price,100124,549
Price,112453,97
Price,104126,462
Price,131127,242
Price,171629,195
Price,143790,318
Price,145528,825
Price,126002,830
Price,159946,256
Price,117389,664
Price,107252,549
Price,147136,298
Price,158721,181
Price,193715,350
Price,143728,483
Price,187303,588
Price,100299,794
Price,149515,706
Price,149819,422
Price,178983,433
Price,145373,253
Price,101963,428
Price,162769,87
Price,175680,446
Price,195607,158
Price,127211,670
Price,113921,358
Price,124679,323
Price,169682,506
Price,156397,677
Price,143432,199
Price,199708,592
Price,166104,976
Price,181456,137
Price,121527,959
Price,152369,794
Price,196456,446
Price,161181,702
Price,140310,642
Price,192772,388
Price,135327,12
Price,116783,339
Price,160306,238
Price,156781,270
Price,103299,264
Price,124663,106
Price,152503,269
Price,181813,711
Price,123528,207
Price,195363,412
Price,132875,179
Price,118537,496
Price,131957,168
Price,160989,491
Price,123126,483
Price,155309,366
Price,100487,390
Price,130409,950
Price,181774,221
Price,159577,953
Price,146232,907
Price,148757,567
Price,170860,578
Price,158233,63
Price,126268,319
Price,185197,226
Price,113706,273
Price,175181,183
Price,194864,898
Price,154056,431
Price,117373,494
Price,160165,391
Price,168794,808
Price,158364,485
Price,171967,964
Price,121603,650
Price,175560,303
Price,103844,162
Price,162614,816
Price,183738,72
Price,198661,979
Price,148137,49
Price,158880,427
Price,154616,685
Price,165322,938
Price,198616,128
Price,186020,125
Price,159387,403
Price,176966,166
Price,184741,946
Price,127463,337
Price,173653,126
Price,157784,878
Price,187169,44
Price,173417,106
Price,174229,265
Price,141956,736
Price,149960,268
Price,153314,471
Price,107840,732
Price,123550,445
Price,150454,259
Price,145113,894
Price,115926,228
Price,100946,773
Price,131136,738
Price,132545,346
Price,136544,371
Price,170813,529
Price,128159,214
Price,186788,571
Price,103541,103
Price,130634,916
Price,173724,111
Price,161857,129
Price,186330,36
Price,160816,31
Price,170691,752
Price,107925,472
Price,109561,421
Price,199502,908
Price,107854,6
Price,122687,695
Price,109816,234
Price,134025,49
Price,139067,713
Price,153271,163
Price,138888,316
Price,185171,354
Price,144138,466
Price,133043,136
Price,199615,569
Price,172078,397
Price,110261,907
Price,192447,740
Price,151815,248
Price,134829,505
Price,116006,169
Price,174112,85
Price,162905,745
Price,191542,294
Price,157689,305
Price,166037,125
Price,199655,133
Price,153994,985
Price,152354,625
Price,198334,642
Price,146604,217
Price,190988,68
Price,149619,729
Price,105659,130
Price,192842,645
Price,174869,523
Price,152163,684
Price,110878,575
Price,188223,467
Price,185957,537
Price,197838,384
Price,121124,393
Price,118262,238
Price,147298,313
Price,197641,430
Price,146299,874
Price,160025,51
Price,122598,738
Price,170613,664
Price,154333,177
Price,111271,407
Price,100183,131
Price,177488,917
Price,191204,472
Price,195323,879
Price,105720,51
Price,193571,198
Price,128917,891
Price,192814,543
Price,173334,453
Price,172786,903
Price,121562,797
Price,121327,40
Price,118105,972
Price,119989,660
Price,143496,243
Price,120678,103
Price,185260,403
Price,111449,535
Price,108662,712
Price,108417,387
Price,154431,299
Price,128337,42
Price,111607,126
Price,167380,631
Price,162524,165
Price,197832,50
Price,100954,65
Price,147226,175
Price,163996,611
Price,120821,7
Price,180637,482
Price,109018,311
Price,171782,233
Price,149233,297
Price,167054,245
Price,155570,122
Price,126228,205
Price,158462,267
Price,182679,524
Price,125478,821
Price,197748,749
Price,170483,683
Price,192118,676
Price,145319,636
Price,106457,511
Price,173247,713
Price,151927,116
Price,130980,916
Price,132478,709
Price,184548,680
Price,124177,894
Price,108239,889
Price,126416,816
Price,141906,990
Price,102556,916
Price,109702,843
Price,159717,415
Price,183617,90
Price,147989,376
Price,177554,818
Price,116617,894
Price,148280,499
Price,183997,729
Price,153501,344
Price,121412,391
Price,176043,396
Price,160834,800
Price,163792,269
Price,145038,553
Price,185769,777
Price,155898,527
Price,100653,396
Price,127300,610
Price,135755,501
Price,119633,968
Price,188367,323
Price,111742,164
Price,170282,318
Price,191129,444
Price,162385,298
Price,197333,6
Price,159828,475
Price,187721,950
Price,104027,105
Price,181618,790
Price,180001,149
Price,187217,580
Price,141087,375
Price,161049,580
Price,193834,300
Price,170721,989
Price,197111,446
Price,172962,435
Price,101908,474
Price,179748,304
Price,113315,786
Price,135537,633
Price,105583,246
Price,179223,561
Price,123265,465
Price,115868,337
Price,136160,448
Price,115365,441
Price,137232,488
Price,166654,161
Price,176911,516
Price,190557,97
Price,149702,36
Price,118217,647
Price,182666,28
Price,127749,486
Price,116430,220
Price,180551,278
Price,104991,790
Price,102254,901
Price,176549,596
Price,159108,683
Price,134801,918
Price,119971,759
Price,136068,949
Price,133248,680
Price,118594,154
Price,143811,878
Price,189075,735
Price,125000,330
Price,118571,522
Price,179315,217
Price,134089,689
Price,113392,540
Price,161629,982
Price,146767,581
Price,117218,413
Price,193988,937
Price,146855,455
Price,172803,851
Price,190767,99
Price,124337,114
Price,167820,955
Price,133002,552
Price,155402,594
Price,161677,590
Price,103463,214
Price,183282,168
Price,141217,490
Price,169446,679
Price,113374,322
Price,156175,676
Price,114449,261
Price,194243,169
Price,125798,714
Price,176004,416
Price,113811,87
Price,120149,606
Price,185576,465
Price,122774,998
Price,110535,674
Price,143518,967
Price,170133,733
Price,194628,941
Price,160792,969
Price,142593,239
Price,196558,471
Price,162176,311
Price,149774,290
Price,115634,374
Price,120463,8
Price,152586,80
Price,154642,79
Price,171355,856
Price,176265,614
Price,147449,65
Price,143808,326
Price,146058,753
Price,134182,570
Price,160664,935
Price,171301,921
Price,191287,844
Price,141040,10
Price,116043,339
Price,160747,512
Price,123556,43
Price,178565,130
Price,152299,858
Price,109371,817
Price,147964,747
Price,132627,263
Price,101405,111
Price,112797,526
Price,114772,371
Price,116113,491
Price,136546,711
Price,172251,237
Price,104168,584
Price,192441,611
Price,101117,192
Price,128636,479
Price,128232,544
Price,144097,476
Price,129620,956
Price,114203,998
Price,181839,384
Price,107850,460
Price,105545,490
Price,137343,405
Price,113524,343
Price,152433,115
Price,143215,211
Price,127886,201
Price,164686,461
Price,180625,585
Price,169088,168
Price,125921,832
Price,195978,873
Price,138749,786
Price,186233,504
Price,184976,628
Price,103312,676
Price,143676,281
Price,113468,392
Price,197896,659
Price,176859,371
Price,111013,184
Price,121061,869
Price,146035,976
Price,122987,104
Price,135401,576
Price,106174,960
Price,196413,817
Price,102758,343
Price,176081,232
Price,114488,109
Price,166956,160
Price,168698,296
Price,108228,62
Price,131101,444
Price,188802,831
Price,108169,990
Price,124966,490
Price,164457,156
Price,117671,354
Price,147696,589
Price,172818,588
Price,162756,578
Price,135171,950
Price,140220,457
Price,134949,191
Price,186775,343
Price,131919,770
Price,162276,86
Price,112831,620
Price,169153,856
Price,189735,282
Price,144858,58
Price,147718,650
Price,106465,95
Price,158822,793
Price,122066,733
Price,151409,116
Price,106662,87
Price,122373,958
Price,163652,412
Price,195322,345
Price,113005,378
Price,158138,673
Price,199521,72
Price,132178,983
Price,152549,721
Price,193419,168
Price,195100,882
Price,122802,725
Price,121441,813
Price,161058,83
Price,131934,658
Price,108364,857
Price,106403,986
Price,187757,772
Price,129894,401
Price,160796,932
Price,127435,440
Price,108900,726
Price,107867,958
Price,179945,807
Price,117133,91
Price,173962,213
Price,140904,886
Price,117002,976
Price,123159,769
Price,112847,61
Price,155094,889
Price,131006,861
Price,115780,588
Price,184989,960
Price,125493,705
Price,134645,764
Price,164481,664
Price,172236,718
Price,179456,753
Price,128706,431
Price,138286,270
Price,174650,642
Price,177412,600
Price,178238,523
Price,187049,107
Price,119685,234
Price,171323,960
Price,131116,247
Price,192300,386
Price,107701,625
Price,176618,113
Price,124394,295
Price,152227,505
Price,148227,933
Price,192627,976
Price,119406,692
Price,197110,130
Price,113116,939
Price,182356,75
Price,175890,339
Price,168427,617
Price,199250,322
Price,135861,206
Price,130922,871
Price,179635,480
Price,168645,745
Price,116316,989
Price,113269,750
Price,186674,531
Price,110779,5
Price,130857,798
Price,130205,312
Price,159463,31
Price,178043,403
Price,193973,691
Price,142891,206
Price,123645,963
Price,181971,856
Price,199896,264
Price,127413,361
Price,171702,429
Price,138503,980
Price,169608,131
Price,120852,784
Price,188638,449
Price,113654,418
Price,111741,598
Price,117262,597
Price,135885,470
Price,102387,759
Price,196205,213
Price,197701,663
Price,114145,754
Price,121545,431
Price,189707,726
Price,157090,53
Price,184526,523
Price,130301,876
Price,173006,271
Price,105005,680
Price,103196,439
Price,130956,708
Price,153405,233
Price,147798,318
Price,100258,500
Price,101711,58
Price,179858,837
Price,108305,359
Price,165463,870
Price,126334,257
Price,137875,906
Price,151111,616
Price,107344,416
Price,195165,238
Price,155552,648
Price,191375,671
Price,149663,917
Price,132531,273
Price,181918,907
Price,116645,813
Price,103265,922
Price,146593,327
Price,150880,905
Price,171235,639
Price,166023,321
Price,181077,419
Price,146705,481
Price,125238,73
Price,196171,424
Price,153334,169
Price,107647,221
Price,112434,543
Price,194752,561
Price,173396,881
Price,136969,136
Price,136877,391
Price,141693,794
Price,104302,697
Price,123878,862
Price,125147,246
Price,123330,85
Price,126582,286
Price,162263,666
Price,140685,113
Price,150781,908
Price,172742,458
Price,150714,823
Price,139672,345
Price,137616,979
Price,171636,760
Price,180490,281
Price,105489,965
Price,160768,367
Price,147277,872
Price,186981,722
Price,175878,234
Price,142893,18
Price,174071,392
Price,136919,617
Price,188336,139
Price,177603,14
Price,149333,780
Price,113902,618
Price,144196,122
Price,171395,581
Price,107931,613
Price,106447,783
Price,170401,801
Price,123256,751
Price,117013,470
Price,177809,158
Price,154819,204
Price,106147,658
Price,115338,906
Price,178168,100
Price,180163,321
Price,110476,453
Price,151413,604
Price,112766,105
Price,145633,373
Price,192123,109
Price,152342,153
Price,118495,845
Price,108252,100
Price,199050,796
Price,100973,155
Price,122983,663
Price,120242,220
Price,181156,651
Price,124084,434
Price,101778,723
Price,133065,344
Price,146561,994
Price,187845,95
Price,199078,760
Price,103149,346
Price,112401,119
Price,174506,779
Price,175539,294
Price,110209,746
Price,147288,914
Price,187371,528
Price,185792,132
Price,155469,980
Price,191421,177
Price,161448,440
Price,145242,858
Price,122790,77
Price,152657,942
Price,162797,803
Price,130847,541
Price,142994,438
Price,101687,714
Price,198508,813
Price,188559,475
Price,110266,797
Price,137998,96
Price,112829,273
Price,130506,44
Price,154480,275
Price,172539,459
Price,193437,161
Price,147123,928
Price,167061,930
Price,164187,139
Price,155000,936
Price,155487,264
Price,192860,707
Price,127876,920
Price,130201,758
Price,125277,656
Price,159048,389
Price,127231,740
Price,104615,519
Price,105408,865
Price,182552,372
Price,185074,469
Price,155390,182
Price,183524,592
Price,186723,531
Price,189225,260
Price,151652,905
Price,198482,560
Price,102555,47
Price,173232,179
Price,156313,655
Price,168001,572
Price,155767,811
Price,180560,893
Price,162383,393
Price,186007,661
Price,128331,635
Price,145044,327
Price,100148,92
Price,175061,107
Price,183915,522
Price,144979,870
Price,158265,652
Price,114171,296
Price,111202,661
Price,193840,105
Price,131484,754
Price,152470,73
Price,185849,327
Price,168383,566
Price,166058,653
Price,164635,782
Price,118297,678
Price,182809,701
Price,142110,512
Price,162387,949
Price,126362,240
Price,111933,807
Price,121134,305
Price,143595,331
Prescott,121697,407
Prescott,172330,264
Prescott,168489,808
Prescott,142785,714
Prescott,186651,434
Prescott,164730,885
Prescott,123063,89
Prescott,153754,903
Prescott,105755,473
Prescott,174670,19
Prescott,173645,489
Prescott,198858,278
Prescott,164077,65
Prescott,168887,443
Prescott,181459,592
Prescott,121099,477
Prescott,155805,515
Prescott,155202,597
Prescott,134701,778
Prescott,106563,946
Prescott,190958,977
Prescott,175866,284
Prescott,124756,414
Prescott,164405,224
Prescott,118669,819
Prescott,190754,923
Prescott,128105,524
Prescott,105515,911
Prescott,177203,485
Prescott,116948,746
Prescott,194186,402
Prescott,104797,427
Prescott,170048,69
Prescott,189901,493
Prescott,127175,60
Prescott,148930,463
Prescott,126881,348
Prescott,195845,268
Prescott,148806,704
Prescott,179387,604
Prescott,107553,222
Prescott,134517,768
Prescott,113575,899
Prescott,184816,149
Prescott,129061,415
Prescott,150146,1000
Prescott,193019,69
Prescott,162689,696
Prescott,157826,191
Prescott,117740,429
Prescott,114442,209
Prescott,145234,940
Prescott,197625,691
Prescott,168418,391
Prescott,159853,126
Prescott,110737,675
Prescott,118751,336
Prescott,150330,395
Prescott,142821,706
Prescott,161371,534
Prescott,159395,957
Prescott,148379,440
Prescott,127379,477
Prescott,159192,760
Prescott,121649,514
Prescott,107060,404
Prescott,165059,341
Prescott,174685,985
Prescott,116120,506
Prescott,135509,361
Prescott,147862,271
Prescott,188789,434
Prescott,137328,974
Prescott,154703,918
Prescott,170510,563
Prescott,124488,845
Prescott,101780,386
Prescott,115806,600
Prescott,179561,478
Prescott,140875,655
Prescott,181553,15
Prescott,133775,772
Prescott,130593,387
Prescott,196575,357
Prescott,105689,754
Prescott,175670,492
Prescott,180809,139
Prescott,103095,296
Prescott,126446,461
Prescott,140833,525
Prescott,159812,58
Prescott,193542,125
Prescott,151371,224
Prescott,137743,999
Prescott,183137,154
Prescott,194071,635
Prescott,124399,452
Prescott,129961,52
Prescott,138463,881
Prescott,137169,845
Prescott,121424,317
Prescott,167842,344
Prescott,182294,336
Prescott,105279,239
Prescott,129645,20
Prescott,120415,222
Prescott,181668,201
Prescott,108950,945
Prescott,195582,554
Prescott,130088,176
Prescott,156878,631
Prescott,149321,18
Prescott,150788,999
Prescott,177538,618
Prescott,172396,613
Prescott,108257,960
Prescott,109778,355
Prescott,138184,390
Prescott,107745,33
Prescott,148273,671
Prescott,103472,755
Prescott,134615,959
Prescott,140870,908
Prescott,154413,89
Prescott,128889,813
Prescott,109769,859
Prescott,110346,436
Prescott,184125,422
Prescott,149528,130
Prescott,132918,829
Prescott,172875,62
Prescott,178846,490
Prescott,193045,353
Prescott,190637,349
Prescott,141291,354
Prescott,172079,477
Prescott,129631,442
Prescott,162301,737
Prescott,105712,683
Prescott,164764,470
Prescott,157438,364
Prescott,167152,956
Prescott,100179,704
Prescott,194273,314
Prescott,128758,203
Prescott,193261,78
Prescott,110860,293
Prescott,140853,745
Prescott,189440,399
Prescott,177347,239
Prescott,198516,435
Prescott,166814,538
Prescott,114161,360
Prescott,112237,370
Prescott,105111,552
Prescott,112397,529
Prescott,188186,385
Prescott,150221,278
Prescott,147385,589
Prescott,190529,600
Prescott,154291,506
Prescott,134118,31
Prescott,128447,423
Prescott,124441,975
Prescott,180942,236
Prescott,169550,909
Prescott,111764,327
Prescott,172299,899
Prescott,191753,670
Prescott,154293,886
Prescott,113823,545
Prescott,112953,838
Prescott,160897,27
Prescott,122187,880
Prescott,177253,856
Prescott,184480,141
Prescott,141526,350
Prescott,192292,484
Prescott,157889,972
Prescott,121840,225
Prescott,187804,757
Prescott,179479,326
Prescott,183863,621
Prescott,124445,707
Prescott,169193,609
Prescott,151726,384
Prescott,160708,509
Prescott,122140,398
Prescott,117159,439
Prescott,101174,293
Prescott,131037,957
Prescott,155697,923
Prescott,156621,300
Prescott,167593,656
Prescott,100960,340
Prescott,125522,761
Prescott,181689,240
Prescott,174127,103
Prescott,121512,227
Prescott,189163,423
Prescott,167796,28
Prescott,152030,253
Prescott,177736,860
Prescott,139401,281
Prescott,119044,824
Prescott,140148,708
Prescott,125083,216
Prescott,150208,946
Prescott,118595,353
Prescott,114490,189
Prescott,145406,627
Prescott,130333,924
Prescott,148704,484
Prescott,186175,880
Prescott,110360,843
Prescott,100387,40
Prescott,182549,641
Prescott,154067,844
Prescott,108685,203
Prescott,178975,836
Prescott,141988,939
Prescott,174662,923
Prescott,133927,269
Prescott,108874,95
Prescott,115996,660
Prescott,195724,682
Prescott,162045,445
Prescott,174983,737
Prescott,153777,667
Prescott,134130,938
Prescott,142354,48
Prescott,115028,832
Prescott,182816,562
Prescott,194855,9
Prescott,152216,718
Prescott,139655,528
Prescott,105782,264
Prescott,102405,25
Prescott,182459,793
Prescott,138343,44
Prescott,136065,931
Prescott,142168,785
Prescott,106853,454
Prescott,173013,470
Prescott,110541,405
Prescott,129340,542
Prescott,159969,253
Prescott,190116,468
Prescott,141493,253
Prescott,199296,922
Prescott,142228,748
Prescott,133232,175
Prescott,110981,305
Prescott,177434,257
Prescott,140545,367
Prescott,165789,233
Prescott,144959,886
Prescott,164943,379
Prescott,106096,173
Prescott,139471,357
Prescott,137729,85
Prescott,154046,855
Prescott,149943,51
Prescott,188004,470
Prescott,105181,98
Prescott,120629,798
Prescott,186194,462
Prescott,192004,409
Prescott,105308,288
Prescott,123709,784
Prescott,188194,136
Prescott,198765,257
Prescott,149712,588
Prescott,120000,181
Prescott,166382,5
Prescott,180415,487
Prescott,189106,43
Prescott,163079,506
Prescott,146582,691
Prescott,112736,68
Prescott,142648,672
Prescott,136042,146
Prescott,185118,747
Prescott,146236,908
Prescott,120381,441
Prescott,118108,141
Prescott,134598,235
Prescott,174578,314
Prescott,115475,52
Prescott,118373,965
Prescott,100342,448
Prescott,132650,697
Prescott,187334,846
Prescott,195641,198
Prescott,175174,718
Prescott,130620,106
Prescott,184303,992
Prescott,124615,757
Prescott,122806,893
Prescott,153701,724
Prescott,134439,916
Prescott,120018,152
Prescott,171686,859
Prescott,198536,627
Prescott,103946,521
Prescott,146425,675
Prescott,137742,892
Prescott,102020,250
Prescott,132356,517
Prescott,182464,681
Prescott,124045,281
Prescott,194306,861
Prescott,133177,566
Prescott,182858,429
Prescott,147151,222
Prescott,113592,780
Prescott,171208,391
Prescott,162505,817
Prescott,152986,801
Prescott,193441,91
Prescott,196402,392
Prescott,185052,391
Prescott,191062,850
Prescott,172157,331
Prescott,125645,977
Prescott,171250,143
Prescott,198314,484
Prescott,198079,933
Prescott,145251,839
Prescott,114832,942
Prescott,190622,879
Prescott,123491,32
Prescott,131271,493
Prescott,129179,910
Prescott,162794,586
Prescott,112054,2
Prescott,185032,874
Prescott,152616,548
Prescott,189297,846
Prescott,139056,287
Prescott,124880,319
Prescott,172449,673
Prescott,103812,194
Prescott,103337,741
Prescott,182446,529
Prescott,196529,812
Prescott,144737,636
Prescott,162923,849
Prescott,145400,442
Prescott,195925,784
Prescott,103550,754
Prescott,183131,392
Prescott,192710,312
Prescott,172870,228
Prescott,112186,797
Prescott,131411,510
Prescott,103130,593
Prescott,125918,643
Prescott,169830,105
Prescott,149705,881
Prescott,143233,6
Prescott,157856,325
Prescott,144205,111
Prescott,165862,738
Prescott,105977,107
Prescott,162827,665
Prescott,171812,626
Prescott,108297,781
Prescott,179182,959
Prescott,189455,592
Prescott,195391,520
Prescott,179750,7
Prescott,110471,225
Prescott,151903,482
Prescott,192403,826
Prescott,170676,390
Prescott,100417,81
Prescott,149600,821
Prescott,130557,604
Prescott,165561,934
Prescott,189299,380
Prescott,195448,472
Prescott,100575,621
Prescott,106618,427
Prescott,152239,494
Prescott,107202,968
Prescott,125261,983
Prescott,151118,143
Prescott,167249,144
Prescott,190970,694
Prescott,115714,487
Prescott,198312,64
Prescott,193194,834
Prescott,198674,761
Prescott,166125,435
Prescott,151825,795
Prescott,110408,931
Prescott,109079,479
Prescott,159050,749
Prescott,136917,385
Prescott,176642,38
Prescott,199350,139
Prescott,139976,786
Prescott,187451,644
Prescott,199641,89
Prescott,170476,705
Prescott,164958,638
Prescott,146837,925
Prescott,197534,980
Prescott,113301,216
Prescott,160789,744
Prescott,168862,70
Prescott,111842,125
Prescott,175847,250
Prescott,167876,248
Prescott,195854,34
Prescott,137362,796
Prescott,101320,972
Prescott,136804,492
Prescott,186386,962
Prescott,194581,310
Prescott,190861,261
Prescott,101367,307
Prescott,134178,813
Prescott,157278,207
Prescott,174460,821
Prescott,137768,53
Prescott,144884,172
Prescott,190034,387
Prescott,124439,104
Prescott,195682,832
Prescott,141786,659
Prescott,124780,77
Prescott,189448,836
Prescott,128999,221
Prescott,178178,262
Prescott,175520,877
Prescott,141573,108
Prescott,146184,843
Prescott,100522,215
Prescott,125686,758
Prescott,101719,683
Prescott,111824,722
Prescott,181642,299
Prescott,126122,562
Prescott,162118,227
Prescott,129878,491
Prescott,158278,681
Prescott,168521,193
Prescott,185415,815
Prescott,146413,537
Prescott,117693,187
Prescott,149851,264
Prescott,113873,839
Prescott,109201,345
Prescott,165814,940
Prescott,174489,229
Prescott,122027,518
Prescott,148924,923
Prescott,175885,652
Prescott,181105,626
Prescott,103506,936
Prescott,184984,760
Prescott,138121,802
Prescott,113915,557
Prescott,186704,277
Prescott,145510,5
Prescott,166515,43
Prescott,166705,802
Prescott,116543,128
Prescott,140769,417
Prescott,149193,323
Prescott,172472,442
Prescott,129186,14
Prescott,150420,370
Prescott,190604,452
Prescott,104637,995
Prescott,147968,262
Prescott,181401,443
Prescott,104402,666
Prescott,102447,327
Prescott,128393,421
Prescott,191138,997
Prescott,169008,825
Prescott,180463,452
Prescott,164433,722
Prescott,182614,242
Prescott,128462,673
Prescott,197020,445
Prescott,199817,945
Prescott,113680,892
Prescott,187725,679
Prescott,151031,952
Prescott,101984,3
Prescott,145720,425
Prescott,122824,431
Prescott,134576,39
Prescott,179684,858
Prescott,162717,20
Prescott,135693,413
Prescott,117670,355
Prescott,171765,666
Prescott,153150,8
Prescott,145755,195
Prescott,164462,672
Prescott,120099,420
Prescott,110916,385
Prescott,147764,812
Prescott,136961,87
Prescott,175463,275
Prescott,168306,845
Prescott,129152,494
Prescott,168999,331
Prescott,176322,972
Prescott,162622,970
Prescott,197300,133
Prescott,134529,187
Prescott,121626,479
Prescott,183551,827
Prescott,131135,688
Prescott,143093,708
Prescott,195881,515
Prescott,112575,518
Prescott,128616,735
Prescott,171519,558
Prescott,166549,578
Prescott,100533,396
Prescott,144966,491
Prescott,117760,968
Prescott,141496,41
Prescott,177942,106
Prescott,141764,881
Prescott,110424,394
Prescott,193048,663
Prescott,119621,154
Prescott,112478,781
Prescott,179811,185
Prescott,196124,972
Prescott,107930,649
Prescott,153361,414
Prescott,122800,632
Prescott,186165,980
Prescott,111474,339
Prescott,163372,532
Prescott,170242,869
Prescott,117616,702
Prescott,190763,935
Prescott,194138,888
Prescott,120608,800
Prescott,139574,383
Prescott,107262,779
Prescott,129820,357
Prescott,188663,172
Prescott,162916,576
Prescott,143488,506
Prescott,146938,9
Prescott,117290,297
Prescott,101063,407
Prescott,113220,95
Prescott,147087,91
Prescott,176318,876
Prescott,130274,999
Prescott,191575,686
Prescott,190937,406
Prescott,165484,869
Prescott,110172,410
Prescott,163647,794
Prescott,124851,896
Prescott,134540,678
Prescott,101462,233
Prescott,151821,602
Prescott,179528,135
Prescott,139929,586
Prescott,181179,946
Prescott,151699,329
Prescott,101737,186
Prescott,166666,594
Prescott,109514,632
Prescott,115738,382
Prescott,175172,90
Prescott,102936,252
Prescott,145681,73
Prescott,181530,401
Prescott,169547,787
Prescott,104072,168
Prescott,179004,848
Prescott,119332,667
Prescott,135921,348
Prescott,193316,342
Prescott,112171,358
Prescott,155896,364
Prescott,124123,886
Prescott,169597,859
Prescott,165624,558
Prescott,189341,71
Prescott,183688,432
Prescott,163284,518
Prescott,116925,867
Prescott,127302,359
Prescott,169662,206
Prescott,177896,716
Prescott,139865,249
Prescott,148309,996
Prescott,180613,622
Prescott,108838,202
Prescott,151178,191
Prescott,128451,854
Prescott,193032,381
Prescott,142401,963
Prescott,164585,368
Prescott,129804,826
Prescott,138280,556
Prescott,102097,194
Prescott,126219,418
Prescott,146059,216
Prescott,188143,943
Prescott,169433,472
Prescott,181952,831
Prescott,162580,137
Prescott,118837,225
Prescott,136897,811
Prescott,143823,857
Prescott,164648,373
Prescott,116361,700
Prescott,141298,875
Prescott,133860,619
Prescott,126991,403
Prescott,177269,222
Prescott,105369,651
Prescott,131757,145
Prescott,105750,35
Prescott,177625,13
Prescott,101530,487
Prescott,157430,793
Prescott,181775,528
Prescott,164205,649
Prescott,135757,130
Prescott,152758,367
Prescott,158074,523
Prescott,140686,771
Prescott,117648,752
Prescott,100492,265
Prescott,123779,427
Prescott,175090,780
Prescott,165479,894
Prescott,135611,37
Prescott,187391,616
Prescott,122589,297
Prescott,174933,965
Prescott,166571,729
Prescott,125510,961
Prescott,131310,76
Prescott,130839,613
Prescott,137961,331
Prescott,126100,568
Prescott,156653,223
Prescott,177247,835
Prescott,136506,603
Prescott,176162,275
Prescott,173383,302
Prescott,186741,586
Prescott,122052,158
Prescott,115290,722
Prescott,138432,344
Prescott,130366,518
Prescott,186488,220
Prescott,128625,271
Prescott,105437,335
Prescott,163057,397
Prescott,170608,528
Prescott,107915,896
Prescott,195438,521
Prescott,143703,352
Prescott,137714,122
Prescott,188210,463
Prescott,169320,505
Prescott,158562,440
Prescott,172271,584
Prescott,188659,815
Prescott,195788,345
Prescott,185487,67
Prescott,145294,708
Prescott,158394,568
Prescott,182025,375
Prescott,184563,496
Prescott,104649,396
Prescott,111656,216
Prescott,139786,344
Prescott,113370,854
Prescott,122143,290
Prescott,133224,210
Prescott,117930,75
Prescott,179195,703
Prescott,127436,339
Prescott,104441,529
Prescott,103198,306
Prescott,180581,615
Prescott,160995,131
Prescott,105387,923
Prescott,190742,844
Prescott,112712,852
Prescott,116647,497
Prescott,183929,837
Prescott,121060,417
Prescott,185613,377
Prescott,100753,985
Prescott,163333,41
Prescott,158678,47
Prescott,193094,112
Prescott,103452,406
Prescott,166810,213
Prescott,158998,16
Prescott,122659,206
Prescott,136104,247
Prescott,187617,375
Prescott,178520,462
Prescott,166431,634
Prescott,139277,292
Prescott,134714,234
Prescott,145127,32
Prescott,114914,273
Prescott,195255,958
Prescott,186011,320
Prescott,112593,525
Prescott,108187,507
Prescott,157001,172
Prescott,138512,800
Prescott,155478,139
Prescott,127569,770
Prescott,149551,814
Prescott,171015,225
Prescott,117111,705
Prescott,106574,311
Prescott,122217,822
Prescott,156537,246
Prescott,134940,248
Prescott,167442,291
Prescott,138988,507
Prescott,171493,397
Prescott,109676,60
Prescott,112693,887
Prescott,175704,711
Prescott,140121,563
Prescott,173548,823
Prescott,125620,911
Prescott,158759,803
Prescott,145203,660
Prescott,171150,21
Prescott,186799,772
Prescott,123438,34
Prescott,174077,1000
Prescott,134892,154
Prescott,172765,361
Prescott,114103,208
Prescott,144982,925
Prescott,162902,988
Prescott,137356,889
Prescott,167389,884
Prescott,148229,764
Prescott,194667,445
Prescott,164268,616
Prescott,149975,894
Prescott,165062,590
Prescott,105183,165
Prescott,164009,538
Prescott,160913,826
Prescott,148929,239
Prescott,138163,959
Prescott,100319,203
Prescott,104155,18
Prescott,101888,940
Prescott,187693,154
Prescott,120474,232
Prescott,139001,311
Prescott,197074,830
Prescott,162578,399
Prescott,122968,920
Prescott,154310,644
Prescott,125159,981
Prescott,178580,913
Prescott,123011,664
Prescott,198289,363
Prescott,119665,680
Prescott,154729,952
Prescott,128186,199
Prescott,167725,605
Prescott,141174,863
Prescott,135690,122
Prescott,134725,921
Prescott,169702,102
Prescott,117837,594
Prescott,159956,399
Prescott,144879,55
Prescott,191675,795
Prescott,142680,341
Prescott,170858,19
Prescott,146296,417
Prescott,145288,624
Prescott,188308,62
Prescott,175741,37
Prescott,112428,412
Prescott,177173,187
Prescott,199212,984
Prescott,185805,613
Prescott,131117,832
Prescott,182214,384
Prescott,145512,758
Prescott,123028,663
Prescott,100232,385
Prescott,139429,147
Prescott,171712,11
Prescott,100791,570
Prescott,185955,448
Prescott,149024,435
Prescott,146445,622
Prescott,116882,305
Prescott,152933,665
Prescott,124775,28
Prescott,197205,713
Prescott,162345,150
Prescott,104534,518
Prescott,101865,51
Prescott,199710,160
Prescott,150148,439
Prescott,107001,731
Prescott,181583,835
Prescott,142249,365
Prescott,116296,92
Prescott,112786,490
Prescott,196840,696
Prescott,171334,249
Prescott,167082,658
Prescott,124619,927
Prescott,174775,762
Prescott,114193,76
Prescott,112142,990
Prescott,196828,466
Prescott,112210,678
Prescott,148152,183
Prescott,144252,961
Prescott,156165,343
Prescott,115937,791
Prescott,134573,911
Prescott,167949,168
Prescott,110847,553
Prescott,154130,588
Prescott,128555,911
Prescott,107251,763
Prescott,171566,678
Prescott,177931,251
Prescott,113129,887
Prescott,195885,150
Prescott,184687,963
Prescott,189213,861
Prescott,179509,74
Prescott,136106,691
Prescott,105626,383
Prescott,142185,843
Prescott,110108,255
Prescott,103217,773
Prescott,128012,120
Prescott,122126,97
Prescott,111490,42
Prescott,108986,961
Prescott,147070,160
Prescott,138704,710
Prescott,138731,34
Prescott,134557,411
Prescott,147230,587
Prescott,113520,616
Prescott,158806,747
Prescott,109875,594
Prescott,176487,214
Prescott,159891,999
Prescott,193466,547
Prescott,103565,445
Prescott,176837,125
Prescott,122685,654
Prescott,100810,953
Prescott,191446,922
Prescott,177065,718
Prescott,122405,567
Prescott,167863,661
Prescott,170762,583
Prescott,188702,119
Prescott,175279,322
Prescott,109594,828
Prescott,136192,200
Prescott,103479,449
Prescott,165053,229
Prescott,157661,384
Prescott,106166,436
Prescott,181393,309
Prescott,164392,343
Prescott,177752,187
Prescott,127877,913
Prescott,142961,304
Prescott,100848,667
Prescott,113051,155
Prescott,173375,598
Prescott,141522,72
Prescott,121217,178
Prescott,188520,349
Prescott,170958,273
Prescott,118157,840
Prescott,198431,175
Prescott,183741,894
Prescott,164100,354
Prescott,197028,28
Prescott,113841,840
Prescott,193876,323
Prescott,168357,114
Prescott,128969,427
Prescott,156710,549
Prescott,104005,253
Prescott,135235,60
Prescott,154162,120
Prescott,184539,966
Prescott,179730,880
Prescott,138223,901
Prescott,168773,800
Prescott,129701,94
Prescott,135829,280
Prescott,162985,277
Prescott,158522,90
Prescott,160471,799
Prescott,122303,919
Prescott,105682,616
Prescott,112122,229
Prescott,158282,150
Prescott,199361,399
Prescott,118727,126
Prescott,101050,824
Prescott,159262,360
Prescott,188961,36
Prescott,169814,406
Prescott,185499,817
Prescott,173953,988
Prescott,134395,856
Prescott,172948,683
Prescott,189618,725
Prescott,162269,212
Prescott,101508,936
Prescott,146753,974
Prescott,148905,374
Prescott,184217,405
Prescott,111143,938
Prescott,131589,361
Prescott,126558,546
Prescott,109698,380
Prescott,160224,440
Prescott,198390,893
Prescott,168393,774
Prescott,133365,824
Prescott,175962,10
Prescott,164382,650
Prescott,101277,701
Prescott,157252,706
Prescott,107229,957
Prescott,108188,803
Prescott,158171,847
Prescott,134131,668
Prescott,172302,20
Prescott,135441,96
Prescott,112716,656
Prescott,193370,661
Prescott,191900,67
Prescott,171989,4
Prescott,181645,546
Prescott,128946,829
Prescott,157631,170
Prescott,102224,267
Prescott,169506,754
Prescott,144842,247
Prescott,139816,536
Prescott,149413,253
Prescott,189757,48
Prescott,109884,21
Prescott,131436,371
Prescott,165086,975
Prescott,116765,998
Prescott,184694,525
Prescott,186749,184
Prescott,165154,773
Prescott,139561,291
Prescott,185686,956
Prescott,156005,306
Philip,121454,823
Philip,100379,446
Philip,193993,984
Philip,192155,101
Philip,122483,455
Philip,152016,185
Philip,191980,176
Philip,165777,901
Philip,119833,641
Philip,160758,225
Philip,116004,584
Philip,190812,919
Philip,167636,509
Philip,128811,641
Philip,115436,438
Philip,189551,45
Philip,135003,198
Philip,175730,1000
Philip,197975,17
Philip,135048,66
Philip,147521,580
Philip,134543,249
Philip,150091,414
Philip,170189,783
Philip,166914,740
Philip,192585,191
Philip,177470,636
Philip,190232,354
Philip,191626,982
Philip,134631,959
Philip,122911,407
Philip,144569,898
Philip,194517,589
Philip,139195,466
Philip,173198,650
Philip,112240,293
Philip,172139,875
Philip,192463,600
Philip,195261,533
Philip,110826,365
Philip,176095,907
Philip,190069,786
Philip,162961,86
Philip,155198,364
Philip,152352,545
Philip,104693,134
Philip,120581,289
Philip,119726,459
Philip,166690,502
Philip,108536,895
Philip,100105,959
Philip,155573,361
Philip,155127,220
Philip,168945,955
Philip,129851,765
Philip,156955,750
Philip,174730,905
Philip,181738,200
Philip,181500,233
Philip,131076,231
Philip,141463,541
Philip,183405,884
Philip,109361,615
Philip,164527,809
Philip,164300,668
Philip,142396,402
Philip,147078,575
Philip,158504,271
Philip,194862,518
Philip,184451,718
Philip,160215,65
Philip,108335,94
Philip,124793,566
Philip,179552,857
Philip,114290,281
Philip,136769,866
Philip,103148,378
Philip,126363,731
Philip,135463,927
Philip,160035,547
Philip,101127,614
Philip,191950,687
Philip,145666,346
Philip,134116,92
Philip,193365,168
Philip,124675,407
Philip,157692,41
Philip,182178,311
Philip,121916,327
Philip,146542,660
Philip,169385,335
Philip,157185,500
Philip,153602,728
Philip,104351,910
Philip,141126,6
Philip,102143,680
Philip,100206,862
Philip,162154,930
Philip,159107,427
Philip,177583,764
Philip,176332,302
Philip,197549,15
Philip,171316,134
Philip,104708,813
Philip,101705,370
Philip,151914,919
Philip,119598,290
Philip,114633,973
Philip,164048,847
Philip,199559,605
Philip,144634,871
Philip,164901,980
Philip,179211,157
Philip,118899,67
Philip,187452,67
Philip,197735,765
Philip,184840,215
Philip,125992,890
Philip,111280,362
Philip,108455,138
Philip,100088,658
Philip,198475,622
Philip,128886,44
Philip,122340,798
Philip,109492,348
Philip,157616,78
Philip,166008,245
Philip,115040,16
Philip,134619,712
Philip,151013,855
Philip,141509,851
Philip,142021,966
Philip,159060,818
Philip,164319,144
Philip,187950,955
Philip,112739,661
Philip,148567,52
Philip,148449,919
Philip,155628,556
Philip,168930,998
Philip,173305,753
Philip,172473,384
Philip,170564,52
Philip,109834,919
Philip,197332,562
Philip,142770,692
Philip,108151,226
Philip,172361,606
Philip,118208,222
Philip,170498,384
Philip,118461,577
Philip,107425,783
Philip,112483,18
Philip,196187,147
Philip,198835,929
Philip,145731,767
Philip,114854,834
Philip,173174,76
Philip,118971,878
Philip,153510,498
Philip,154284,609
Philip,177602,292
Philip,117707,706
Philip,187042,115
Philip,184369,492
Philip,116542,681
Philip,133308,377
Philip,194897,773
Philip,173668,380
Philip,106099,81
Philip,141119,260
Philip,142099,207
Philip,148887,53
Philip,193677,483
Philip,171878,79
Philip,129841,402
Philip,173166,622
Philip,131864,871
Philip,106958,80
Philip,123967,565
Philip,124388,768
Philip,138567,697
Philip,133676,890
Philip,148825,765
Philip,185025,776
Philip,157212,830
Philip,185479,164
Philip,102901,255
Philip,171800,464
Philip,132179,669
Philip,111804,450
Philip,124027,398
Philip,196441,661
Philip,140410,124
Philip,196914,405
Philip,149265,988
Philip,146289,416
Philip,183943,749
Philip,181028,417
Philip,157046,886
Philip,106787,487
Philip,168891,218
Philip,116313,318
Philip,185580,892
Philip,137295,552
Philip,130568,779
Philip,100579,117
Philip,143131,909
Philip,169109,775
Philip,193687,395
Philip,116283,172
Philip,194561,359
Philip,145825,855
Philip,165780,51
Philip,117377,362
Philip,121851,52
Philip,198907,873
Philip,190882,477
Philip,142945,201
Philip,118321,161
Philip,147365,86
Philip,114424,189
Philip,114180,818
Philip,117743,864
Philip,198683,554
Philip,179498,94
Philip,174261,772
Philip,171513,232
Philip,136810,487
Philip,125644,822
Philip,179307,5
Philip,180150,244
Philip,109876,356
Philip,165198,280
Philip,147755,946
Philip,169081,957
Philip,178332,970
Philip,143180,730
Philip,105259,911
Philip,196283,115
Philip,199197,421
Philip,186547,297
Philip,132905,121
Philip,130447,264
Philip,142400,645
Philip,154969,747
Philip,118843,828
Philip,131776,710
Philip,136098,422
Philip,160319,397
Philip,175224,462
Philip,183566,605
Philip,102222,59
Philip,124806,690
Philip,158258,207
Philip,123066,419
Philip,178631,978
Philip,163338,8
Philip,167259,488
Philip,104354,577
Philip,183581,524
Philip,191518,155
Philip,170193,992
Philip,152452,683
Philip,169537,700
Philip,132089,59
Philip,115334,901
Philip,186770,433
Philip,183518,779
Philip,149356,960
Philip,161106,538
Philip,177376,688
Philip,162904,73
Philip,101506,774
Philip,188609,665
Philip,194078,871
Philip,109080,487
Philip,178544,865
Philip,140800,990
Philip,196302,867
Philip,183845,365
Philip,119914,300
Philip,130125,438
Philip,117314,145
Philip,104721,351
Philip,196297,137
Philip,100929,268
Philip,126200,517
Philip,199583,70
Philip,191913,501
Philip,132368,891
Philip,151954,350
Philip,100126,818
Philip,177404,18
Philip,182290,899
Philip,141224,531
Philip,150093,410
Philip,144048,430
Philip,115222,610
Philip,162465,246
Philip,157333,119
Philip,191428,957
Philip,107019,486
Philip,143048,350
Philip,122436,134
Philip,102734,401
Philip,146832,143
Philip,152262,311
Philip,167513,127
Philip,192925,68
Philip,178791,269
Philip,118128,856
Philip,134900,598
Philip,111481,722
Philip,129228,615
Philip,121954,93
Philip,128260,909
Philip,129986,370
Philip,165002,166
Philip,113004,645
Philip,148132,764
Philip,131835,49
Philip,150642,696
Philip,135878,990
Philip,136367,828
Philip,185874,816
Philip,159439,408
Philip,199957,124
Philip,139557,175
Philip,175930,616
Philip,181234,753
Philip,172297,792
Philip,188678,574
Philip,185498,463
Philip,156726,727
Philip,150205,525
Philip,146220,613
Philip,110254,67
Philip,192917,501
Philip,190833,103
Philip,128545,349
Philip,162854,945
Philip,191751,548
Philip,112935,101
Philip,188313,766
Philip,170733,925
Philip,183971,726
Philip,141191,140
Philip,139770,944
Philip,144843,995
Philip,126221,350
Philip,114773,918
Philip,134782,203
Philip,115373,241
Philip,108384,254
Philip,186543,455
Philip,154926,589
Philip,101321,522
Philip,148087,419
Philip,107047,468
Philip,159758,435
Philip,166341,672
Philip,178606,782
Philip,171942,925
Philip,126743,39
Philip,159530,173
Philip,168843,810
Philip,194771,29
Philip,120115,1000
Philip,160012,517
Philip,188892,817
Philip,114544,960
Philip,148813,828
Philip,139650,99
Philip,108097,400
Philip,195369,569
Philip,153432,402
Philip,179318,3
Philip,112431,227
Philip,127014,73
Philip,121087,536
Philip,126601,505
Philip,169906,133
Philip,152983,806
Philip,132824,765
Philip,116328,129
Philip,133300,288
Philip,170850,198
Philip,179063,574
Philip,151649,845
Philip,183040,113
Philip,165423,427
Philip,114777,998
Philip,149591,955
Philip,157571,686
Philip,106316,822
Philip,103544,347
Philip,154757,231
Philip,189692,59
Philip,152973,773
Philip,175120,413
Philip,100669,902
Philip,144507,203
Philip,101403,482
Philip,139971,578
Philip,142830,31
Philip,142591,433
Philip,150787,437
Philip,159990,368
Philip,138195,328
Philip,100580,134
Philip,120359,126
Philip,108377,549
Philip,149806,331
Philip,174847,11
Philip,182779,186
Philip,177397,908
Philip,117178,840
Philip,127560,175
Philip,165050,448
Philip,179072,452
Philip,177084,371
Philip,187135,920
Philip,141824,21
Philip,167825,720
Philip,196152,262
Philip,191965,105
Philip,121717,535
Philip,148118,581
Philip,162700,490
Philip,191797,677
Philip,103613,816
Philip,104585,963
Philip,106962,387
Philip,123422,759
Philip,190059,55
Philip,165822,259
Philip,125869,514
Philip,158327,524
Philip,155079,737
Philip,143933,352
Philip,119705,941
Philip,171691,648
Philip,182164,531
Philip,182677,162
Philip,106701,805
Philip,181649,24
Philip,177623,605
Philip,156665,804
Philip,174611,284
Philip,158557,706
Philip,101523,140
Philip,130757,820
Philip,137108,60
Philip,116838,237
Philip,149049,733
Philip,124168,271
Philip,178194,862
Philip,108472,297
Philip,178567,45
Philip,183186,644
Philip,172734,538
Philip,174285,143
Philip,146666,953
Philip,140318,633
Philip,168630,456
Philip,101172,307
Philip,183866,569
Philip,135916,132
Philip,182342,350
Philip,134142,421
Philip,108938,7
Philip,141833,858
Philip,106745,665
Philip,137253,700
Philip,176901,597
Philip,113268,594
Philip,118447,608
Philip,152817,516
Philip,164738,121
Philip,144968,309
Philip,139603,937
Philip,127533,675
Philip,155226,286
Philip,159808,765
Philip,166822,824
Philip,140711,747
Philip,163148,183
Philip,131734,264
Philip,138130,403
Philip,196281,301
Philip,160101,631
Philip,123018,859
Philip,119848,908
Philip,170438,253
Philip,100382,49
Philip,120079,965
Philip,130668,214
Philip,138762,798
Philip,136968,517
Philip,157656,696
Philip,171468,747
Philip,121520,819
Philip,137590,862
Philip,131678,355
Philip,160405,416
Philip,147657,269
Philip,126498,63
Philip,143614,288
Philip,184209,351
Philip,115140,330
Philip,122780,379
Philip,140563,491
Philip,107220,543
Philip,111394,560
Philip,136023,9
Philip,190364,536
Philip,112755,533
Philip,100767,325
Philip,144434,193
Philip,155325,570
Philip,198398,225
Philip,131676,584
Philip,119255,579
Philip,168480,789
Philip,144286,144
Philip,103085,623
Philip,193579,613
Philip,192683,127
Philip,169974,988
Philip,140556,995
Philip,137686,886
Philip,121749,147
Philip,191210,640
Philip,194230,820
Philip,127412,114
Philip,132731,782
Philip,126404,323
Philip,114947,828
Philip,185120,801
Philip,119362,421
Philip,103780,901
Philip,189778,950
Philip,179170,277
Philip,181376,523
Philip,170774,227
Philip,108110,14
Philip,145223,586
Philip,111102,478
Philip,166337,907
Philip,119193,20
Philip,181685,978
Philip,131263,851
Philip,191910,778
Philip,148787,467
Philip,198282,57
Philip,193010,629
Philip,150686,886
Philip,169211,814
Philip,170856,257
Philip,116606,215
Philip,158841,936
Philip,102373,988
Philip,135506,655
Philip,148612,424
Philip,166915,239
Philip,154152,34
Philip,169185,791
Philip,101733,83
Philip,160382,470
Philip,164765,574
Philip,123955,786
Philip,127201,561
Philip,197042,575
Philip,188551,316
Philip,103966,225
Philip,111643,16
Philip,184697,119
Philip,181367,359
Philip,151227,249
Philip,137591,140
Philip,104352,691
Philip,191903,966
Philip,170190,78
Philip,156735,870
Philip,139757,277
Philip,160077,138
Philip,132724,840
Philip,128314,115
Philip,137624,145
Philip,117240,524
Philip,157854,28
Philip,185233,901
Philip,197669,780
Philip,139998,112
Philip,135949,413
Philip,119842,391
Philip,194275,818
Philip,114411,275
Philip,110270,254
Philip,138925,403
Philip,183313,507
Philip,148609,733
Philip,152292,763
Philip,112312,920
Philip,100910,722
Philip,193340,898
Philip,108799,654
Philip,159427,452
Philip,170343,490
Philip,119474,782
Philip,180275,817
Philip,196146,523
Philip,183636,500
Philip,131971,199
Philip,182442,692
Philip,163132,711
Philip,113279,132
Philip,147599,960
Philip,154485,398
Philip,130240,416
Philip,150016,754
Philip,178362,170
Philip,151280,500
Philip,187012,32
Philip,177336,814
Philip,188511,134
Philip,176750,71
Philip,197647,637
Philip,172739,70
Philip,127074,396
Philip,156469,953
Philip,128780,808
Philip,185803,509
Philip,179582,764
Philip,127869,26
Philip,193331,832
Philip,105321,694
Philip,154828,248
Philip,143235,674
Philip,136761,445
Philip,136622,79
Philip,142295,459
Philip,165114,12
Philip,191486,979
Philip,141214,187
Philip,119150,897
Philip,178509,71
Philip,100344,534
Philip,130458,287
Philip,144740,390
Philip,153184,541
Philip,168244,599
Philip,107688,858
Philip,150405,854
Philip,108376,698
Philip,195283,201
Philip,184754,544
Philip,173367,804
Philip,132284,550
Philip,121563,754
Philip,154077,731
Philip,156125,943
Philip,178036,696
Philip,104785,551
Philip,192290,428
Philip,102198,860
Philip,117705,939
Philip,106439,885
Philip,127922,121
Philip,105908,626
Philip,111331,610
Philip,104080,362
Philip,136235,568
Philip,195584,936
Philip,138872,991
Philip,168135,107
Philip,116943,864
Philip,137967,530
Philip,191475,21
Philip,159514,231
Philip,118084,719
Philip,158015,171
Philip,113988,229
Philip,170112,704
Philip,166896,136
Philip,100350,329
Philip,142155,636
Philip,151610,325
Philip,165162,265
Philip,188531,405
Philip,140574,722
Philip,138763,972
Philip,141669,846
Philip,133526,624
Philip,157905,638
Philip,175754,942
Philip,151754,973
Philip,191163,413
Philip,145219,775
Philip,168816,740
Philip,116116,389
Philip,143259,461
Philip,183888,646
Philip,113350,709
Philip,174007,945
Philip,191247,272
Philip,194281,7
Philip,186793,318
Philip,107723,336
Philip,166234,132
Philip,193199,306
Philip,126739,855
Philip,147106,935
Philip,192863,399
Philip,128388,428
Philip,118113,520
Philip,101378,775
Philip,169668,804
Philip,102635,116
Philip,118303,740
Philip,113926,725
Philip,155984,94
Philip,130819,639
Philip,108284,792
Philip,151840,472
Philip,127362,556
Philip,168443,729
Philip,163272,380
Philip,114858,691
Philip,189871,626
Philip,196976,312
Philip,148300,385
Philip,147568,690
Philip,149270,128
Philip,120839,393
Philip,119331,245
Philip,168241,518
Philip,132307,542
Philip,105307,871
Philip,178022,296
Philip,106751,12
Philip,187596,678
Philip,165426,776
Philip,116899,711
Philip,161759,80
Philip,174083,137
Philip,173393,499
Philip,174768,740
Philip,183451,334
Philip,167306,346
Philip,158190,161
Philip,100335,974
Philip,102491,397
Philip,138920,995
Philip,168962,419
Philip,188894,487
Philip,103666,441
Philip,164060,363
Philip,170166,394
Philip,164002,781
Philip,121363,154
Philip,123208,227
Philip,142315,169
Philip,186868,878
Philip,191073,93
Philip,165167,96
Philip,181965,961
Philip,143822,750
Philip,161290,32
Philip,169731,3
Philip,167365,516
Philip,178187,715
Philip,120167,35
Philip,114528,419
Philip,109145,728
Philip,170812,125
Philip,147836,998
Philip,141716,994
Philip,122798,337
Philip,159074,13
Philip,189210,519
Philip,158636,340
Philip,184072,63
Philip,158657,660
Philip,168923,861
Philip,159873,801
Philip,141552,151
Philip,176411,355
Philip,120786,296
Philip,151232,828
Philip,199687,423
Philip,114704,494
Philip,197915,734
Philip,164597,806
Philip,145353,422
Philip,113643,176
Philip,189907,71
Philip,195695,271
Philip,119521,675
Philip,145654,657
Philip,173616,49
Philip,164895,227
Philip,162691,933
Philip,168435,437
Philip,145841,990
Philip,167400,435
Philip,114954,317
Philip,143079,210
Philip,125648,436
Philip,112504,634
Philip,111985,394
Philip,107237,983
Philip,191748,454
Philip,149427,245
Philip,143922,536
Philip,114559,99
Philip,142984,946
Philip,157907,562
Philip,101772,787
Philip,132818,174
Philip,117147,313
Philip,149988,2
Philip,128722,678
Philip,172426,631
Philip,132812,784
Philip,167666,298
Philip,198767,805
Philip,160209,805
Philip,188720,20
Philip,154370,512
Philip,133644,161
Philip,104314,699
Philip,101604,43
Philip,135650,369
Philip,136616,534
Philip,124346,37
Philip,116809,259
Philip,153840,163
Philip,173471,605
Philip,115521,936
Philip,130283,88
Philip,188072,47
Philip,165046,577
Philip,164475,217
Philip,184648,711
Philip,125781,162
Philip,141400,419
Philip,150520,83
Philip,131907,294
Philip,151674,399
Philip,151022,204
Philip,174482,349
Philip,133090,136
Philip,155808,415
Philip,133086,841
Philip,129973,182
Philip,165849,40
Philip,147408,379
Philip,133387,104
Philip,116244,712
Philip,190612,270
Philip,166723,429
Philip,158019,68
Philip,127191,511
Philip,142524,46
Philip,168043,445
Philip,157641,981
Philip,107779,168
Philip,155213,266
Philip,163470,369
Philip,165578,475
Philip,108945,677
Philip,189048,969
Philip,186557,907
Philip,153031,765
Philip,180677,45
Philip,165240,742
Philip,169168,761
Philip,165683,802
Philip,195675,681
Philip,197629,298
Philip,178742,960
Philip,153037,455
Philip,108610,840
Philip,184453,225
Philip,121977,69
Philip,142056,765
Philip,126489,206
Philip,159529,941
Philip,132628,842
Philip,124861,566
Philip,182601,406
Philip,146898,624
Philip,108636,913
Philip,195956,130
Philip,179136,643
Philip,126453,176
Philip,180457,525
Philip,189392,771
Philip,144027,552
Philip,102825,60
Philip,147290,210
Philip,182928,867
Philip,117305,560
Philip,174347,643
Philip,145557,839
Philip,112273,134
Philip,184116,95
Philip,116614,227
Philip,183918,385
Philip,143015,309
Philip,168028,558
Philip,158161,690
Philip,172110,166
Philip,123447,152
Philip,185921,325
Philip,108197,855
Philip,156028,596
Philip,155410,196
Philip,123282,609
Philip,176921,645
Philip,120939,505
Philip,133695,741
Philip,112097,956
Philip,134715,258
Philip,143555,527
Philip,172664,159
Philip,123551,736
Philip,120922,212
Philip,188165,604
Philip,195393,454
Philip,192792,526
Philip,125732,714
Philip,121402,142
Philip,115401,267
Philip,176428,380
Philip,101532,19
Philip,178449,242
Philip,136662,502
Philip,147994,930
Philip,100856,638
Philip,172119,413
Philip,157684,773
Philip,147779,852
Philip,140412,898
Philip,194383,742
Philip,155925,457
Philip,165274,20
Philip,187118,305
Philip,105081,321
Philip,127925,977
Philip,197464,552
Philip,101039,938
Philip,154378,953
Philip,188796,790
Philip,166133,925
Philip,143879,200
Philip,181408,239
Philip,148982,974
Philip,125944,330
Philip,116411,919
Philip,169904,222
Philip,132093,667
Philip,101793,993
Philip,194032,654
Philip,119434,297
Philip,119392,451
Philip,100583,243
Philip,182878,225
Philip,172169,190
Philip,160729,347
Philip,183364,635
Philip,138229,643
Philip,148162,353
Philip,138812,409
Philip,142713,368
Philip,170414,20
Philip,171825,915
Philip,132149,339
Philip,137548,679
Philip,157410,306
Philip,133988,899
Philip,178786,878
Philip,130312,11
Philip,132674,62
Philip,116034,229
Philip,135947,475
Philip,153908,100
Philip,107506,167
Philip,195342,462
Philip,154040,416
Philip,192363,160
Philip,140298,574
Philip,161816,713
Philip,186988,283
Philip,191914,260
Philip,171486,38
Philip,108653,329
Philip,157733,709
Philip,153906,794
Philip,194823,681
Philip,181001,604
Philip,170830,315
Philip,136207,457
Philip,144161,619
Philip,167893,749
Philip,178049,738
Philip,147010,824
Philip,132638,512
Philip,179939,263
Philip,165491,342
Philip,151228,180
Philip,111658,687
Philip,158419,870
Philip,148525,232
Philip,101396,183
Philip,168052,600
Philip,181850,934
Philip,183651,399
Philip,101493,567
Philip,153811,218
Philip,104810,606
Philip,176221,417
Philip,187590,901
Philip,132654,542
Philip,180087,226
Philip,114124,569
Philip,161869,221
Philip,199072,586
Philip,115392,729
Philip,118446,953
Philip,102452,997
Philip,170456,725
Philip,167168,282
Philip,167617,452
Philip,116285,948
Philip,193502,281
Philip,122635,888
Philip,192777,125
Philip,110720,523
Philip,188145,601
Philip,114209,382
Philip,115687,843
Philip,194972,509
Philip,138042,541
Philip,118686,979
Philip,148419,974
Philip,100738,381
Philip,118518,191
Philip,179013,229
Philip,144372,758
Philip,141641,981
Philip,189398,641
Philip,145069,338
Philip,132741,806
Philip,174928,1
Philip,159666,933
Philip,119738,725
Philip,142019,335
Philip,156625,807
Tucker,106401,336
Tucker,170047,813
Tucker,144651,900
Tucker,142554,108
Tucker,161755,400
Tucker,162607,805
Tucker,130685,66
Tucker,147937,638
Tucker,152877,530
Tucker,137977,80
Tucker,191850,319
Tucker,180956,716
Tucker,148863,945
Tucker,169546,724
Tucker,128305,995
Tucker,192603,790
Tucker,128074,557
Tucker,163330,845
Tucker,118473,984
Tucker,125544,340
Tucker,166450,412
Tucker,183192,758
Tucker,123525,780
Tucker,168527,596
Tucker,151313,789
Tucker,199945,304
Tucker,137013,957
Tucker,153488,820
Tucker,128674,390
Tucker,147875,577
Tucker,170367,648
Tucker,189628,93
Tucker,132396,91
Tucker,118014,967
Tucker,170729,938
Tucker,182355,1
Tucker,158898,772
Tucker,127475,229
Tucker,155477,219
Tucker,135912,185
Tucker,103952,409
Tucker,190731,769
Tucker,172071,120
Tucker,140962,350
Tucker,114672,782
Tucker,192561,127
Tucker,110316,302
Tucker,119340,508
Tucker,183261,507
Tucker,193355,679
Tucker,111975,588
Tucker,111041,506
Tucker,188431,933
Tucker,141658,840
Tucker,191874,486
Tucker,103262,86
Tucker,116993,16
Tucker,128118,646
Tucker,156286,910
Tucker,107406,866
Tucker,197298,167
Tucker,176212,892
Tucker,178780,532
Tucker,136795,782
Tucker,165803,119
Tucker,116236,458
Tucker,198715,256
Tucker,194172,768
Tucker,176201,802
Tucker,179743,850
Tucker,108766,947
Tucker,175823,908
Tucker,184724,574
Tucker,111924,852
Tucker,173387,839
Tucker,185251,338
Tucker,164470,105
Tucker,144356,196
Tucker,178373,948
Tucker,171784,326
Tucker,187045,442
Tucker,194290,861
Tucker,122230,823
Tucker,155500,854
Tucker,101144,75
Tucker,139840,354
Tucker,120173,311
Tucker,144937,524
Tucker,172993,618
Tucker,113223,353
Tucker,153207,454
Tucker,110637,322
Tucker,175687,464
Tucker,175271,634
Tucker,176280,983
Tucker,122386,781
Tucker,121008,77
Tucker,159346,447
Tucker,171222,723
Tucker,123004,100
Tucker,132911,410
Tucker,176099,394
Tucker,155741,223
Tucker,102347,412
Tucker,164267,675
Tucker,189170,939
Tucker,152626,451
Tucker,148708,303
Tucker,118797,790
Tucker,141586,495
Tucker,191942,623
Tucker,113241,329
Tucker,169031,970
Tucker,152705,999
Tucker,185478,101
Tucker,120360,984
Tucker,148519,417
Tucker,119421,561
Tucker,153883,650
Tucker,198235,341
Tucker,189022,669
Tucker,122808,634
Tucker,141161,569
Tucker,138032,534
Tucker,169715,809
Tucker,179158,921
Tucker,182086,789
Tucker,189965,143
Tucker,127153,723
Tucker,181742,163
Tucker,103651,4
Tucker,181152,238
Tucker,175407,766
Tucker,162242,206
Tucker,160166,165
Tucker,164066,194
Tucker,180706,35
Tucker,185692,60
Tucker,114507,16
Tucker,156104,877
Tucker,119111,327
Tucker,159847,10
Tucker,107278,439
Tucker,142387,889
Tucker,189370,512
Tucker,117160,704
Tucker,164067,785
Tucker,157077,958
Tucker,153332,262
Tucker,142332,911
Tucker,133839,5
Tucker,135634,54
Tucker,117261,159
Tucker,177585,374
Tucker,139867,850
Tucker,147550,90
Tucker,115570,515
Tucker,112351,342
Tucker,119018,701
Tucker,173931,363
Tucker,182247,569
Tucker,120686,213
Tucker,127480,475
Tucker,129405,324
Tucker,114392,331
Tucker,113312,351
Tucker,157719,659
Tucker,133515,766
Tucker,160064,55
Tucker,103594,330
Tucker,118957,452
Tucker,142456,851
Tucker,136172,497
Tucker,153870,848
Tucker,122137,273
Tucker,166018,260
Tucker,124710,421
Tucker,132040,849
Tucker,142160,93
Tucker,181512,191
Tucker,164883,226
Tucker,119908,241
Tucker,149219,343
Tucker,163376,462
Tucker,154418,96
Tucker,105284,79
Tucker,151684,718
Tucker,134219,460
Tucker,168236,866
Tucker,108916,744
Tucker,198855,34
Tucker,197130,2
Tucker,113560,13
Tucker,149932,189
Tucker,124731,934
Tucker,178139,664
Tucker,114418,95
Tucker,185125,28
Tucker,182110,508
Tucker,177254,61
Tucker,136211,968
Tucker,152241,621
Tucker,195686,629
Tucker,103501,443
Tucker,114144,513
Tucker,163337,617
Tucker,132788,86
Tucker,124245,232
Tucker,142863,170
Tucker,104412,915
Tucker,185865,415
Tucker,195664,557
Tucker,183641,177
Tucker,153705,327
Tucker,185511,48
Tucker,149590,797
Tucker,122684,389
Tucker,195838,207
Tucker,141068,0
Tucker,182278,253
Tucker,187954,335
Tucker,100733,200
Tucker,180372,436
Tucker,101702,575
Tucker,106106,556
Tucker,184499,13
Tucker,140174,584
Tucker,109854,435
Tucker,142473,945
Tucker,116842,801
Tucker,131806,596
Tucker,167053,955
Tucker,159026,495
Tucker,136709,36
Tucker,117244,685
Tucker,141588,860
Tucker,107185,523
Tucker,160028,311
Tucker,122293,221
Tucker,146648,473
Tucker,140996,163
Tucker,169496,926
Tucker,124103,402
Tucker,138553,303
Tucker,137068,476
Tucker,109155,468
Tucker,184804,629
Tucker,106537,458
Tucker,187080,228
Tucker,180905,576
Tucker,121290,898
Tucker,110680,60
Tucker,183576,67
Tucker,159563,154
Tucker,146377,63
Tucker,140450,472
Tucker,119143,921
Tucker,192267,824
Tucker,178514,846
Tucker,134329,281
Tucker,132324,8
Tucker,187640,666
Tucker,137772,297
Tucker,123625,604
Tucker,173491,410
Tucker,129245,257
Tucker,181437,344
Tucker,122787,800
Tucker,153744,906
Tucker,161055,904
Tucker,104275,165
Tucker,137855,423
Tucker,155312,882
Tucker,126193,647
Tucker,117364,684
Tucker,175660,669
Tucker,149119,484
Tucker,173714,543
Tucker,192893,873
Tucker,188770,468
Tucker,106286,988
Tucker,130003,162
Tucker,153628,395
Tucker,153341,79
Tucker,100546,440
Tucker,139348,214
Tucker,195456,438
Tucker,183113,897
Tucker,177372,802
Tucker,143150,4
Tucker,170380,150
Tucker,197276,264
Tucker,103020,660
Tucker,142900,815
Tucker,130684,145
Tucker,115283,817
Tucker,166936,601
Tucker,137637,812
Tucker,174174,539
Tucker,181237,253
Tucker,198027,946
Tucker,120835,603
Tucker,170879,507
Tucker,113784,90
Tucker,127305,570
Tucker,105178,752
Tucker,120818,730
Tucker,153388,579
Tucker,154708,240
Tucker,122606,48
Tucker,137030,103
Tucker,170735,954
Tucker,183820,207
Tucker,137871,850
Tucker,145489,64
Tucker,184688,343
Tucker,184406,465
Tucker,113505,696
Tucker,151970,295
Tucker,170314,475
Tucker,173397,701
Tucker,116875,313
Tucker,170998,785
Tucker,123192,375
Tucker,165391,867
Tucker,123386,171
Tucker,108231,800
Tucker,115674,385
Tucker,195667,216
Tucker,186725,781
Tucker,153693,576
Tucker,127996,524
Tucker,138924,573
Tucker,188484,506
Tucker,124685,921
Tucker,127866,641
Tucker,129066,115
Tucker,138402,459
Tucker,153547,100
Tucker,111187,853
Tucker,116636,227
Tucker,190764,672
Tucker,101543,662
Tucker,144710,405
Tucker,172540,694
Tucker,101942,138
Tucker,148234,930
Tucker,144900,470
Tucker,151296,9
Tucker,186266,92
Tucker,171515,357
Tucker,157803,705
Tucker,130194,981
Tucker,184680,803
Tucker,190422,612
Tucker,152036,262
Tucker,145970,839
Tucker,145615,255
Tucker,190284,981
Tucker,158390,692
Tucker,111483,795
Tucker,182357,409
Tucker,165759,68
Tucker,167308,988
Tucker,124056,162
Tucker,153756,922
Tucker,126374,750
Tucker,159304,718
Tucker,150702,432
Tucker,134918,296
Tucker,169841,612
Tucker,163415,183
Tucker,107532,807
Tucker,155414,528
Tucker,167657,500
Tucker,155433,584
Tucker,144477,644
Tucker,120316,367
Tucker,128605,221
Tucker,195349,393
Tucker,181130,892
Tucker,159661,643
Tucker,171637,310
Tucker,143325,562
Tucker,122840,49
Tucker,145482,829
Tucker,151763,181
Tucker,102639,295
Tucker,156164,322
Tucker,124537,933
Tucker,134683,847
Tucker,113035,422
Tucker,143918,944
Tucker,165721,700
Tucker,138046,376
Tucker,147159,482
Tucker,109342,546
Tucker,132331,815
Tucker,175857,252
Tucker,134775,144
Tucker,130090,980
Tucker,154181,573
Tucker,166321,423
Tucker,199650,717
Tucker,195966,100
Tucker,194547,387
Tucker,147589,943
Tucker,161885,790
Tucker,170080,785
Tucker,191175,123
Tucker,185532,432
Tucker,179999,855
Tucker,194841,509
Tucker,168336,827
Tucker,189979,756
Tucker,116994,290
Tucker,190844,272
Tucker,160175,383
Tucker,152266,661
Tucker,117514,405
Tucker,167019,499
Tucker,145313,949
Tucker,149609,486
Tucker,149412,601
Tucker,171913,116
Tucker,131786,46
Tucker,160044,370
Tucker,146430,606
Tucker,175309,179
Tucker,170663,88
Tucker,136818,883
Tucker,163015,55
Tucker,145938,426
Tucker,164800,234
Tucker,142025,173
Tucker,189729,612
Tucker,161265,984
Tucker,137199,688
Tucker,103079,111
Tucker,171947,254
Tucker,104076,323
Tucker,111273,363
Tucker,145256,496
Tucker,150955,368
Tucker,115438,543
Tucker,124148,796
Tucker,137401,692
Tucker,178498,290
Tucker,133747,672
Tucker,196300,939
Tucker,107203,309
Tucker,196878,53
Tucker,149642,137
Tucker,120472,276
Tucker,156356,111
Tucker,102362,596
Tucker,150807,148
Tucker,169358,337
Tucker,175303,635
Tucker,123089,423
Tucker,187667,337
Tucker,183271,687
Tucker,101286,128
Tucker,160585,206
Tucker,155727,340
Tucker,175744,897
Tucker,194911,526
Tucker,114838,924
Tucker,111241,512
Tucker,133028,931
Tucker,144293,919
Tucker,123400,400
Tucker,129497,953
Tucker,104423,576
Tucker,116892,994
Tucker,141817,691
Tucker,119634,122
Tucker,105683,187
Tucker,126541,63
Tucker,191027,689
Tucker,161261,392
Tucker,185395,183
Tucker,159504,302
Tucker,165500,811
Tucker,152643,595
Tucker,158302,943
Tucker,128713,747
Tucker,132849,735
Tucker,124414,893
Tucker,156929,609
Tucker,185492,897
Tucker,119221,204
Tucker,106971,130
Tucker,187960,132
Tucker,115906,172
Tucker,190260,443
Tucker,142201,513
Tucker,143582,51
Tucker,170281,188
Tucker,113000,542
Tucker,153374,602
Tucker,118112,119
Tucker,100576,301
Tucker,100500,584
Tucker,134995,350
Tucker,159275,934
Tucker,107548,892
Tucker,181759,331
Tucker,160782,633
Tucker,157810,24
Tucker,171777,473
Tucker,163252,99
Tucker,142455,865
Tucker,120618,781
Tucker,159763,268
Tucker,174795,159
Tucker,166196,469
Tucker,183300,80
Tucker,185193,350
Tucker,101828,855
Tucker,125528,440
Tucker,176770,288
Tucker,161812,583
Tucker,101589,597
Tucker,144999,808
Tucker,120777,91
Tucker,163590,850
Tucker,175091,140
Tucker,180605,929
Tucker,116205,640
Tucker,151747,981
Tucker,101579,817
Tucker,155008,166
Tucker,178148,810
Tucker,113881,738
Tucker,185221,226
Tucker,165013,426
Tucker,160059,307
Tucker,114696,696
Tucker,101695,887
Tucker,132921,836
Tucker,154556,132
Tucker,131355,120
Tucker,104360,685
Tucker,113858,419
Tucker,167536,17
Tucker,126760,530
Tucker,150469,160
Tucker,181579,802
Tucker,145803,667
Tucker,172192,722
Tucker,180821,404
Tucker,121587,519
Tucker,158985,467
Tucker,155553,265
Tucker,156384,56
Tucker,128383,90
Tucker,140194,64
Tucker,164615,78
Tucker,114667,162
Tucker,159748,726
Tucker,199515,56
Tucker,166776,554
Tucker,166303,249
Tucker,106025,992
Tucker,149692,835
Tucker,142247,578
Tucker,105210,907
Tucker,156433,50
Tucker,124232,676
Tucker,179952,126
Tucker,199506,268
Tucker,157850,629
Tucker,163845,650
Tucker,184102,554
Tucker,160634,974
Tucker,138607,702
Tucker,113497,236
Tucker,155104,152
Tucker,158317,397
Tucker,194328,843
Tucker,151917,416
Tucker,111953,286
Tucker,157458,621
Tucker,180195,458
Tucker,104370,709
Tucker,188600,910
Tucker,166579,722
Tucker,184278,669
Tucker,150560,534
Tucker,148094,8
Tucker,161231,684
Tucker,163825,990
Tucker,173231,109
Tucker,194142,453
Tucker,177492,883
Tucker,160914,756
Tucker,165448,613
Tucker,197038,277
Tucker,122024,279
Tucker,191684,461
Tucker,141837,986
Tucker,140923,557
Tucker,163042,506
Tucker,136253,145
Tucker,150072,993
Tucker,180384,249
Tucker,161630,336
Tucker,180703,432
Tucker,192362,132
Tucker,131597,425
Tucker,157606,636
Tucker,142308,788
Tucker,198853,526
Tucker,177176,127
Tucker,114444,897
Tucker,185045,66
Tucker,142339,754
Tucker,113121,405
Tucker,166346,640
Tucker,113481,335
Tucker,130339,434
Tucker,152820,632
Tucker,144246,368
Tucker,111186,475
Tucker,129675,389
Tucker,140940,811
Tucker,124072,511
Tucker,188245,0
Tucker,141504,32
Tucker,143374,482
Tucker,104774,184
Tucker,137271,113
Tucker,142112,22
Tucker,175706,784
Tucker,145449,948
Tucker,196236,400
Tucker,110747,212
Tucker,173870,382
Tucker,107441,163
Tucker,112704,858
Tucker,193628,934
Tucker,152896,241
Tucker,152054,880
Tucker,102338,108
Tucker,143357,245
Tucker,198239,409
Tucker,154143,708
Tucker,123799,135
Tucker,168785,569
Tucker,172947,359
Tucker,155803,260
Tucker,193100,704
Tucker,181957,532
Tucker,192520,4
Tucker,109868,324
Tucker,128144,567
Tucker,177676,210
Tucker,108668,803
Tucker,102056,266
Tucker,186122,332
Tucker,159518,722
Tucker,119606,821
Tucker,144777,840
Tucker,122993,208
Tucker,160045,982
Tucker,194201,628
Tucker,149451,529
Tucker,175159,437
Tucker,127039,644
Tucker,103033,354
Tucker,165674,294
Tucker,136133,396
Tucker,121181,261
Tucker,135630,105
Tucker,153529,560
Tucker,101967,910
Tucker,124107,208
Tucker,147080,302
Tucker,156511,763
Tucker,126820,561
Tucker,141202,244
Tucker,152344,25
Tucker,144650,282
Tucker,116119,449
Tucker,189689,36
Tucker,148785,245
Tucker,180076,114
Tucker,178048,378
Tucker,106344,586
Tucker,116021,473
Tucker,184874,616
Tucker,167852,929
Tucker,136844,762
Tucker,193000,146
Tucker,145425,920
Tucker,121151,269
Tucker,151625,512
Tucker,139097,40
Tucker,133968,72
Tucker,140771,686
Tucker,170862,834
Tucker,162054,294
Tucker,127425,649
Tucker,124962,869
Tucker,183506,785
Tucker,183717,600
Tucker,184163,685
Tucker,143491,658
Tucker,196613,14
Tucker,181709,241
Tucker,167581,989
Tucker,167332,891
Tucker,151099,768
Tucker,109625,420
Tucker,169591,504
Tucker,171756,123
Tucker,152295,827
Tucker,184496,676
Tucker,117483,445
Tucker,178135,106
Tucker,131601,894
Tucker,124229,647
Tucker,191153,190
Tucker,171556,590
Tucker,151933,683
Tucker,167229,443
Tucker,163712,665
Tucker,194882,868
Tucker,153195,334
Tucker,187382,500
Tucker,158482,339
Tucker,135209,206
Tucker,171632,502
Tucker,130261,746
Tucker,119184,698
Tucker,140011,150
Tucker,144792,467
Tucker,163927,502
Tucker,109570,546
Tucker,113355,775
Tucker,151513,843
Tucker,101728,482
Tucker,180682,715
Tucker,124551,761
Tucker,116878,790
Tucker,170937,260
Tucker,131469,454
Tucker,166584,446
Tucker,167084,177
Tucker,142162,31
Tucker,127398,792
Tucker,121571,705
Tucker,122546,478
Tucker,175087,565
Tucker,159093,702
Tucker,161506,566
Tucker,183539,496
Tucker,139258,354
Tucker,108915,160
Tucker,133654,975
Tucker,192323,490
Tucker,132419,604
Tucker,171676,75
Tucker,180607,820
Tucker,170743,286
Tucker,136322,380
Tucker,174555,373
Tucker,104884,57
Tucker,132940,478
Tucker,108565,21
Tucker,123492,387
Tucker,192869,680
Tucker,159158,414
Tucker,113601,750
Tucker,191406,264
Tucker,149722,486
Tucker,103365,871
Tucker,184170,531
Tucker,130871,184
Tucker,140426,286
Tucker,154451,525
Tucker,102017,376
Tucker,175742,643
Tucker,140027,769
Tucker,131774,218
Tucker,125410,441
Tucker,182118,265
Tucker,115924,68
Tucker,167089,905
Tucker,108170,40
Tucker,138012,602
Tucker,168860,898
Tucker,190406,886
Tucker,161658,541
Tucker,163744,583
Tucker,192965,323
Tucker,114877,261
Tucker,105238,789
Tucker,161659,937
Tucker,184032,866
Tucker,131955,222
Tucker,103860,623
Tucker,197546,613
Tucker,171412,194
Tucker,113008,888
Tucker,108547,410
Tucker,194265,191
Tucker,156506,810
Tucker,134418,704
Tucker,147604,14
Tucker,184924,555
Tucker,168151,86
Tucker,102879,980
Tucker,112455,127
Tucker,185818,470
Tucker,178591,455
Tucker,128845,208
Tucker,135907,216
Tucker,164132,792
Tucker,126429,564
Tucker,134242,883
Tucker,144265,319
Tucker,149490,483
Tucker,139354,826
Tucker,190957,782
Tucker,187645,1000
Tucker,164611,224
Tucker,135369,309
Tucker,163029,605
Tucker,197740,916
Tucker,173478,120
Tucker,184883,669
Tucker,198223,508
Tucker,105435,879
Tucker,127278,811
Tucker,175583,981
Tucker,140770,0
Tucker,118290,252
Tucker,174993,180
Tucker,110548,708
Tucker,143928,994
Tucker,155949,698
Tucker,179137,897
Tucker,174405,146
Tucker,144984,152
Tucker,178177,192
Tucker,107030,871
Tucker,144767,721
Tucker,144673,340
Tucker,157925,125
Tucker,133840,254
Tucker,115845,628
Tucker,169422,530
Tucker,155277,895
Tucker,113979,484
Tucker,114042,265
Tucker,197123,764
Tucker,158999,539
Tucker,126190,641
Tucker,164951,916
Tucker,149486,706
Tucker,116691,827
Tucker,194289,963
Tucker,128370,578
Tucker,103304,7
Tucker,197442,905
Tucker,103896,45
Tucker,154954,427
Tucker,177671,92
Tucker,100752,383
Tucker,146573,796
Tucker,113925,269
Tucker,147410,739
Tucker,150538,10
Tucker,134283,418
Tucker,196915,466
Tucker,125783,951
Tucker,154888,975
Tucker,196818,652
Tucker,112381,171
Tucker,192597,819
Tucker,111089,46
Tucker,197607,791
Tucker,138876,646
Tucker,102531,97
Tucker,197380,784
Tucker,158176,959
Tucker,140472,898
Tucker,175630,959
Tucker,173872,89
Tucker,190737,324
Tucker,112505,454
Tucker,138072,750
Tucker,184233,142
Tucker,157338,945
Tucker,199322,425
Tucker,103327,98
Tucker,190061,858
Tucker,180232,697
Tucker,178333,172
Tucker,183156,836
Tucker,148966,663
Tucker,188154,580
Tucker,106117,825
Tucker,185249,759
Tucker,120351,534
Tucker,195560,863
Tucker,125385,968
Tucker,173833,468
Tucker,178147,496
Tucker,163141,596
Tucker,168499,974
Tucker,188249,585
Tucker,194387,750
Tucker,129160,58
Tucker,187256,28
Tucker,199699,193
Tucker,183525,634
Tucker,107286,827
Tucker,163773,117
Tucker,192720,385
Tucker,193040,369
Tucker,139602,952
Tucker,129352,890
Tucker,172261,138
Tucker,198812,84
Tucker,144950,876
Tucker,161314,268
Tucker,153318,474
Tucker,162874,509
Tucker,196070,979
Tucker,107359,989
Tucker,146932,936
Tucker,112371,880
Tucker,145272,508
Tucker,100450,552
Tucker,103614,669
Tucker,172344,439
Tucker,114371,243
Tucker,161612,139
Tucker,111831,532
Tucker,175176,143
Tucker,172572,894
Tucker,150329,781
Tucker,154859,518
Tucker,106324,843
Tucker,179086,542
Tucker,114618,728
Tucker,102848,781
Tucker,163198,776
Tucker,182836,783
Tucker,116978,784
Tucker,130258,221
Tucker,192664,564
Tucker,188980,302
Tucker,130410,290
Tucker,120851,621
Tucker,184813,12
Tucker,154180,397
Tucker,119843,942
Tucker,155733,286
Tucker,142340,379
Tucker,124158,182
Tucker,197231,229
Tucker,157182,926
Tucker,139747,616
Tucker,157253,772
Tucker,171251,589
Tucker,180242,856
Tucker,173241,405
Tucker,127885,376
Tucker,120465,838
Tucker,194102,367
Tucker,187624,75
Tucker,102068,678
Tucker,171201,607
Tucker,144936,215
Tucker,133345,352
Tucker,121230,89
Tucker,171540,958
Tucker,175080,869
Tucker,188918,800
Tucker,128023,55
Tucker,171245,582
Tucker,160040,398
Tucker,143650,757
Tucker,109138,751
Tucker,139410,645
Tucker,100633,186
Tucker,101915,923
Tucker,186466,187
Tucker,109242,188
Tucker,187428,228
Tucker,165389,867
Tucker,171751,412
Tucker,140774,222
Tucker,116183,196
Tucker,160900,68
Tucker,125302,691
Tucker,164042,498
Tucker,121143,620
Tucker,189418,138
Tucker,153471,804
Tucker,194904,962
Tucker,149051,801
Tucker,149546,71
Tucker,102446,209
Tucker,154064,958
Tucker,156072,744
Tucker,134454,663
Tucker,135321,482
Tucker,163910,266
Tucker,114439,242
Tucker,121341,760
Tucker,177427,211
Tucker,122922,898
Tucker,195461,385
Tucker,123668,876
Tucker,166092,122
Tucker,111087,811
Tucker,108498,928
Tucker,153560,141
Tucker,192269,319
Tucker,156334,979
Tucker,127855,741
Tucker,139259,808
Tucker,107906,192
Tucker,147822,706
Tucker,167382,460
Tucker,179415,282
Tucker,169719,804
Tucker,180849,183
Tucker,190120,129
Tucker,140313,236
Tucker,192219,806
Tucker,166437,939
Tucker,127023,484
Tucker,140277,626
Tucker,147209,422
Tucker,152870,602
Tucker,177186,558
Tucker,153100,797
Tucker,194451,804
Tucker,180092,413
Tucker,186807,878
Tucker,196310,142
Tucker,174994,130
Tucker,141318,828
Tucker,175958,431
Travis,135426,90
Travis,137671,984
Travis,133367,59
Travis,101371,484
Travis,108181,494
Travis,191525,266
Travis,132720,162
Travis,172912,779
Travis,136359,222
Travis,172688,387
Travis,131274,137
Travis,111466,830
Travis,185762,478
Travis,190733,477
Travis,146571,134
Travis,146556,147
Travis,192149,920
Travis,135679,45
Travis,104951,34
Travis,103626,564
Travis,138062,946
Travis,133962,571
Travis,140158,749
Travis,135923,894
Travis,112052,332
Travis,100615,932
Travis,122923,856
Travis,191944,683
Travis,175154,986
Travis,165419,710
Travis,171984,353
Travis,153116,713
Travis,178810,822
Travis,138353,509
Travis,101738,665
Travis,109417,50
Travis,151120,567
Travis,104712,555
Travis,105190,429
Travis,145235,972
Travis,119839,849
Travis,121865,938
Travis,115676,912
Travis,176254,453
Travis,141750,54
Travis,173107,368
Travis,114917,719
Travis,176480,207
Travis,181726,167
Travis,173042,529
Travis,184286,579
Travis,169324,983
Travis,182640,661
Travis,168057,921
Travis,159424,448
Travis,160083,623
Travis,120449,273
Travis,133576,116
Travis,189552,61
Travis,169770,324
Travis,149343,286
Travis,170143,22
Travis,155932,648
Travis,125908,89
Travis,145314,203
Travis,126757,494
Travis,181416,837
Travis,123636,704
Travis,112369,940
Travis,181038,829
Travis,197935,691
Travis,173470,817
Travis,199686,994
Travis,121599,605
Travis,147250,19
Travis,115165,556
Travis,181423,625
Travis,143738,716
Travis,139154,312
Travis,173186,844
Travis,198236,17
Travis,173948,944
Travis,138913,984
Travis,121006,427
Travis,187813,602
Travis,127727,349
Travis,160604,367
Travis,166467,574
Travis,178985,73
Travis,174481,287
Travis,139214,713
Travis,196491,875
Travis,132974,318
Travis,197357,319
Travis,112034,583
Travis,136270,389
Travis,177823,795
Travis,190208,615
Travis,141781,150
Travis,148365,259
Travis,178727,74
Travis,107735,298
Travis,145583,970
Travis,186379,632
Travis,158038,305
Travis,183909,859
Travis,172221,770
Travis,193925,703
Travis,161019,725
Travis,188275,141
Travis,122633,135
Travis,139759,834
Travis,121985,119
Travis,189526,713
Travis,197904,722
Travis,170702,120
Travis,114453,778
Travis,182171,466
Travis,177292,94
Travis,199689,284
Travis,156737,456
Travis,171097,112
Travis,100552,371
Travis,188959,396
Travis,182838,34
Travis,138028,734
Travis,103939,945
Travis,130547,664
Travis,115074,514
Travis,102646,715
Travis,182139,673
Travis,107802,259
Travis,119534,87
Travis,141858,962
Travis,118702,865
Travis,157332,36
Travis,153519,180
Travis,156865,459
Travis,195851,267
Travis,100898,102
Travis,131810,140
Travis,150535,312
Travis,194270,948
Travis,142837,3
Travis,121736,714
Travis,151370,205
Travis,197899,601
Travis,138865,715
Travis,107765,470
Travis,172178,67
Travis,149615,206
Travis,105954,498
Travis,182103,52
Travis,154001,343
Travis,124475,324
Travis,125988,832
Travis,143589,875
Travis,109489,303
Travis,138583,168
Travis,187931,384
Travis,199733,946
Travis,129993,746
Travis,119618,821
Travis,121565,744
Travis,147546,550
Travis,149684,91
Travis,153711,857
Travis,143110,66
Travis,145664,695
Travis,179817,566
Travis,192513,603
Travis,114850,232
Travis,195172,8
Travis,103424,167
Travis,109762,251
Travis,120627,286
Travis,164339,373
Travis,126041,69
Travis,109805,497
Travis,130643,328
Travis,177619,134
Travis,155434,371
Travis,173463,944
Travis,164055,469
Travis,197523,160
Travis,106454,496
Travis,170758,591
Travis,169532,929
Travis,198342,1000
Travis,199141,939
Travis,111620,503
Travis,198719,74
Travis,147016,280
Travis,194574,309
Travis,118246,484
Travis,115030,467
Travis,114255,211
Travis,143882,377
Travis,176406,184
Travis,162590,838
Travis,159759,491
Travis,159428,823
Travis,170738,931
Travis,158974,424
Travis,196233,567
Travis,168452,66
Travis,178549,537
Travis,165717,754
Travis,173082,599
Travis,150728,571
Travis,177066,47
Travis,134465,750
Travis,171876,513
Travis,156179,504
Travis,193493,241
Travis,185885,741
Travis,197730,524
Travis,115197,596
Travis,124444,837
Travis,150385,454
Travis,147745,773
Travis,157911,419
Travis,107935,435
Travis,130000,853
Travis,142707,704
Travis,109074,932
Travis,174646,491
Travis,195557,89
Travis,151298,232
Travis,128171,990
Travis,182571,598
Travis,164005,699
Travis,163227,104
Travis,113583,894
Travis,118318,707
Travis,141717,220
Travis,191157,882
Travis,158775,90
Travis,187119,803
Travis,184106,566
Travis,114284,549
Travis,141745,901
Travis,148489,993
Travis,185554,165
Travis,122362,929
Travis,127784,974
Travis,185743,213
Travis,141414,765
Travis,123857,834
Travis,134312,743
Travis,185030,695
Travis,194891,230
Travis,148045,453
Travis,157416,18
Travis,140668,727
Travis,181528,282
Travis,140081,854
Travis,108432,591
Travis,131929,594
Travis,198112,41
Travis,142192,758
Travis,161472,125
Travis,158802,244
Travis,119844,244
Travis,162796,221
Travis,190245,302
Travis,129647,375
Travis,120837,304
Travis,120578,789
Travis,122264,652
Travis,157647,59
Travis,164456,105
Travis,155337,363
Travis,130698,319
Travis,171200,444
Travis,178344,815
Travis,163513,686
Travis,150102,460
Travis,180892,162
Travis,125406,446
Travis,108382,747
Travis,145479,275
Travis,105794,74
Travis,103109,696
Travis,172641,288
Travis,154509,413
Travis,196733,595
Travis,197490,495
Travis,154858,351
Travis,126626,513
Travis,111377,586
Travis,150562,440
Travis,165664,722
Travis,134455,565
Travis,195327,570
Travis,126709,546
Travis,173732,778
Travis,139773,714
Travis,168199,478
Travis,120293,311
Travis,104289,883
Travis,184903,413
Travis,167416,129
Travis,156097,349
Travis,122876,121
Travis,138587,933
Travis,107559,858
Travis,163748,528
Travis,171499,828
Travis,158840,53
Travis,128712,27
Travis,119123,446
Travis,153979,408
Travis,188056,138
Travis,165057,44
Travis,198335,618
Travis,147855,788
Travis,148060,264
Travis,141225,255
Travis,120245,827
Travis,153112,725
Travis,123553,796
Travis,198950,559
Travis,105237,433
Travis,100304,959
Travis,155575,651
Travis,150491,404
Travis,160681,183
Travis,125028,820
Travis,134960,348
Travis,117646,53
Travis,199546,551
Travis,130663,941
Travis,148964,969
Travis,162362,488
Travis,113184,444
Travis,185665,397
Travis,157207,817
Travis,190874,346
Travis,188983,75
Travis,188937,208
Travis,195676,474
Travis,140503,788
Travis,149570,746
Travis,117241,633
Travis,155394,376
Travis,118415,901
Travis,103177,817
Travis,145696,663
Travis,100896,164
Travis,134563,192
Travis,189123,528
Travis,165740,973
Travis,148675,468
Travis,108516,969
Travis,196909,996
Travis,198262,552
Travis,109157,254
Travis,151772,415
Travis,165253,114
Travis,173560,358
Travis,137750,149
Travis,191504,854
Travis,128357,587
Travis,107547,326
Travis,199750,839
Travis,133358,396
Travis,172002,454
Travis,156658,818
Travis,147528,928
Travis,171726,624
Travis,132201,337
Travis,133211,735
Travis,148247,801
Travis,127407,417
Travis,173374,554
Travis,176260,528
Travis,185152,766
Travis,183740,858
Travis,154573,787
Travis,164390,351
Travis,132070,943
Travis,151797,918
Travis,142066,853
Travis,158254,330
Travis,162174,113
Travis,118911,574
Travis,158518,695
Travis,125476,159
Travis,162194,946
Travis,125772,713
Travis,175842,135
Travis,159474,265
Travis,182596,271
Travis,166102,527
Travis,114912,660
Travis,112188,772
Travis,154138,791
Travis,169628,312
Travis,128264,525
Travis,195806,74
Travis,106807,780
Travis,124320,729
Travis,160973,262
Travis,138153,362
Travis,129554,200
Travis,110324,15
Travis,167975,360
Travis,192424,730
Travis,175021,982
Travis,101204,750
Travis,121295,133
Travis,194848,34
Travis,103055,40
Travis,192606,982
Travis,183832,812
Travis,139988,661
Travis,149721,720
Travis,134523,321
Travis,190118,560
Travis,189420,735
Travis,110325,989
Travis,156272,405
Travis,184304,830
Travis,167695,513
Travis,125072,768
Travis,115682,67
Travis,102469,620
Travis,136015,667
Travis,134440,473
Travis,118663,435
Travis,111738,324
Travis,147623,23
Travis,171571,459
Travis,163381,496
Travis,167193,989
Travis,114882,743
Travis,100913,137
Travis,197145,134
Travis,130193,758
Travis,142391,577
Travis,178285,548
Travis,179604,882
Travis,151287,871
Travis,126975,934
Travis,155576,661
Travis,126910,122
Travis,181132,791
Travis,133706,204
Travis,164782,370
Travis,107719,351
Travis,120037,200
Travis,194775,540
Travis,170383,150
Travis,122203,114
Travis,198636,124
Travis,148827,31
Travis,151719,132
Travis,159389,144
Travis,194664,768
Travis,109734,80
Travis,144723,156
Travis,156305,213
Travis,149091,52
Travis,181389,263
Travis,131621,144
Travis,177836,321
Travis,135886,670
Travis,175205,824
Travis,100686,21
Travis,142235,843
Travis,124048,771
Travis,105633,586
Travis,121422,324
Travis,158010,401
Travis,193299,71
Travis,172335,320
Travis,154380,125
Travis,135416,265
Travis,134851,471
Travis,194617,163
Travis,190583,227
Travis,122951,71
Travis,145612,404
Travis,192745,283
Travis,116997,862
Travis,108205,769
Travis,141249,852
Travis,169733,457
Travis,122448,390
Travis,149903,529
Travis,196411,453
Travis,104902,861
Travis,110158,178
Travis,167001,6
Travis,189374,438
Travis,194215,314
Travis,192594,10
Travis,192615,472
Travis,158501,45
Travis,168910,455
Travis,197484,298
Travis,197481,294
Travis,158533,267
Travis,109555,192
Travis,128303,28
Travis,155517,327
Travis,107210,396
Travis,107478,426
Travis,157968,826
Travis,187261,9
Travis,100277,95
Travis,163549,735
Travis,159420,647
Travis,115376,196
Travis,135055,35
Travis,194916,637
Travis,103105,901
Travis,125561,921
Travis,187606,490
Travis,179274,584
Travis,142504,280
Travis,113477,114
Travis,163165,43
Travis,136561,125
Travis,160537,983
Travis,133020,673
Travis,117481,697
Travis,199924,684
Travis,113388,505
Travis,101618,617
Travis,102315,603
Travis,144023,561
Travis,128299,301
Travis,121157,856
Travis,155964,266
Travis,173735,486
Travis,193308,475
Travis,119458,261
Travis,153491,5
Travis,140339,246
Travis,153988,689
Travis,176917,3
Travis,131318,971
Travis,174967,95
Travis,131697,448
Travis,166600,527
Travis,112245,339
Travis,129880,877
Travis,147577,535
Travis,107504,374
Travis,130152,141
Travis,105848,111
Travis,166215,576
Travis,181339,595
Travis,167237,953
Travis,146828,90
Travis,105056,45
Travis,177487,92
Travis,138612,318
Travis,186093,865
Travis,173504,371
Travis,163480,531
Travis,131451,399
Travis,176361,875
Travis,195713,184
Travis,152693,243
Travis,191581,757
Travis,123278,43
Travis,130636,966
Travis,153611,692
Travis,165309,172
Travis,121940,903
Travis,121159,29
Travis,172953,414
Travis,108555,745
Travis,185096,958
Travis,181540,968
Travis,160330,524
Travis,181913,518
Travis,134208,336
Travis,123992,702
Travis,195470,979
Travis,109538,609
Travis,197397,888
Travis,166253,102
Travis,166432,902
Travis,172372,257
Travis,169167,678
Travis,139046,164
Travis,140243,414
Travis,196987,834
Travis,198090,822
Travis,137920,903
Travis,124610,614
Travis,112062,242
Travis,159137,200
Travis,143675,909
Travis,150536,28
Travis,147414,961
Travis,195513,403
Travis,101247,284
Travis,142497,69
Travis,198558,776
Travis,143827,446
Travis,104262,891
Travis,197443,72
Travis,145454,96
Travis,126414,950
Travis,196269,199
Travis,117199,875
Travis,108411,266
Travis,197504,909
Travis,137823,141
Travis,113456,333
Travis,122709,266
Travis,149365,326
Travis,135493,279
Travis,191264,158
Travis,137500,613
Travis,112053,575
Travis,121718,373
Travis,150492,407
Travis,111695,31
Travis,114170,995
Travis,103031,490
Travis,159832,349
Travis,182536,134
Travis,184195,144
Travis,123463,523
Travis,181619,370
Travis,111510,985
Travis,145811,606
Travis,132236,38
Travis,149822,351
Travis,189342,36
Travis,145831,32
Travis,160448,360
Travis,176286,167
Travis,150766,535
Travis,167546,588
Travis,178730,262
Travis,179815,81
Travis,120771,738
Travis,113685,525
Travis,194337,715
Travis,102613,679
Travis,178489,476
Travis,146630,59
Travis,168246,795
Travis,156482,128
Travis,101673,614
Travis,164626,741
Travis,161618,602
Travis,130952,77
Travis,101027,995
Travis,180311,543
Travis,195959,686
Travis,115101,493
Travis,173155,59
Travis,177255,702
Travis,182256,830
Travis,189139,144
Travis,105231,701
Travis,118507,767
Travis,129518,447
Travis,136100,138
Travis,131704,452
Travis,113431,687
Travis,180738,887
Travis,196880,961
Travis,119007,838
Travis,132891,177
Travis,145551,568
Travis,195906,692
Travis,110510,183
Travis,116653,894
Travis,197815,484
Travis,166120,360
Travis,171647,647
Travis,176435,943
Travis,140231,612
Travis,181184,168
Travis,199184,762
Travis,159547,173
Travis,185972,859
Travis,141140,993
Travis,176202,734
Travis,178027,376
Travis,193415,898
Travis,106187,576
Travis,132631,895
Travis,117239,982
Travis,147164,476
Travis,190465,990
Travis,122920,587
Travis,170487,478
Travis,179145,280
Travis,160079,328
Travis,152668,607
Travis,157772,400
Travis,154529,997
Travis,110725,758
Travis,174415,945
Travis,198680,392
Travis,198605,409
Travis,110885,695
Travis,140133,726
Travis,130453,986
Travis,199363,811
Travis,169629,938
Travis,106001,492
Travis,194824,981
Travis,122057,381
Travis,112072,850
Travis,131683,304
Travis,108161,924
Travis,118034,793
Travis,131485,365
Travis,157862,344
Travis,105132,195
Travis,112323,509
Travis,184859,252
Travis,170023,956
Travis,125367,146
Travis,163552,470
Travis,165925,568
Travis,118238,413
Travis,140933,574
Travis,179190,872
Travis,158377,678
Travis,153299,289
Travis,179173,849
Travis,131798,176
Travis,154094,881
Travis,191101,812
Travis,187608,960
Travis,136370,926
Travis,176111,34
Travis,149005,837
Travis,194712,294
Travis,199752,496
Travis,137674,253
Travis,103468,441
Travis,112873,126
Travis,135468,40
Travis,126057,695
Travis,133579,419
Travis,147028,628
Travis,141753,523
Travis,153044,300
Travis,123690,620
Travis,116450,967
Travis,171497,860
Travis,157180,253
Travis,136988,687
Travis,162801,230
Travis,156660,559
Travis,138848,939
Travis,181386,966
Travis,125342,613
Travis,140229,999
Travis,111064,39
Travis,159851,440
Travis,127685,319
Travis,120001,742
Travis,194124,95
Travis,149750,34
Travis,170379,937
Travis,196657,240
Travis,183226,822
Travis,179678,586
Travis,189580,211
Travis,129420,843
Travis,183914,300
Travis,126141,280
Travis,148415,726
Travis,141005,675
Travis,159106,126
Travis,176958,819
Travis,143621,635
Travis,144893,428
Travis,119062,610
Travis,114583,545
Travis,159404,155
Travis,115476,832
Travis,144480,207
Travis,176946,628
Travis,189723,69
Travis,143381,180
Travis,135521,761
Travis,192560,907
Travis,121708,361
Travis,152280,931
Travis,179568,410
Travis,171997,157
Travis,117496,539
Travis,114691,546
Travis,133319,521
Travis,122804,793
Travis,198449,214
Travis,179153,818
Travis,169444,755
Travis,153656,214
Travis,153110,978
Travis,165047,14
Travis,142122,659
Travis,160683,124
Travis,123808,74
Travis,188460,382
Travis,130260,722
Travis,126523,769
Travis,181552,243
Travis,117323,141
Travis,164119,774
Travis,149924,421
Travis,188383,71
Travis,191078,517
Travis,101659,122
Travis,145214,104
Travis,101046,625
Travis,194065,190
Travis,104864,172
Travis,108709,733
Travis,183032,830
Travis,194754,477
Travis,116161,583
Travis,116105,160
Travis,103007,172
Travis,171856,603
Travis,189747,209
Travis,181929,140
Travis,116628,303
Travis,188733,129
Travis,171107,708
Travis,122377,671
Travis,106969,164
Travis,177425,405
Travis,198734,537
Travis,141144,77
Travis,151334,225
Travis,137564,42
Travis,107856,37
Travis,157189,842
Travis,143921,742
Travis,100060,808
Travis,136601,9
Travis,151931,988
Travis,195489,579
Travis,125330,544
Travis,192972,10
Travis,138356,618
Travis,184457,319
Travis,156116,64
Travis,145452,936
Travis,139388,992
Travis,139658,178
Travis,151877,657
Travis,122680,403
Travis,103509,873
Travis,100980,130
Travis,170076,837
Travis,124617,478
Travis,157664,949
Travis,118374,115
Travis,188810,761
Travis,184087,954
Travis,117538,566
Travis,178865,133
Travis,138754,55
Travis,166937,432
Travis,183927,824
Travis,195407,179
Travis,150139,315
Travis,112771,687
Travis,125720,215
Travis,151493,343
Travis,197786,507
Travis,120313,993
Travis,161832,466
Travis,126954,283
Travis,139445,618
Travis,177455,674
Travis,184647,205
Travis,189353,686
Travis,173643,658
Travis,158477,800
Travis,179660,547
Travis,188791,507
Travis,130971,837
Travis,124994,183
Travis,130017,456
Travis,158680,30
Travis,197889,323
Travis,159454,892
Travis,168680,464
Travis,188875,400
Travis,143466,361
Travis,115448,391
Travis,145228,278
Travis,119707,241
Travis,186198,182
Travis,178726,524
Travis,103864,643
Travis,159843,218
Travis,145625,909
Travis,157997,169
Travis,165481,474
Travis,186867,547
Travis,109139,822
Travis,170844,765
Travis,165296,664
Travis,117492,964
Travis,172954,689
Travis,167797,735
Travis,197691,974
Travis,171154,431
Travis,196389,997
Travis,122178,596
Travis,187255,906
Travis,105643,539
Travis,138055,229
Travis,194589,992
Travis,166582,150
Travis,136187,553
Travis,162723,255
Travis,195430,606
Travis,126444,13
Travis,109550,217
Travis,175075,154
Travis,132937,258
Travis,175440,233
Travis,127155,72
Travis,195524,314
Travis,188064,73
Travis,120815,115
Travis,145897,349
Travis,147491,112
Travis,174035,436
Travis,154496,401
Travis,179605,580
Travis,167474,878
Travis,167006,94
Travis,194456,267
Travis,173758,319
Travis,148777,642
Travis,166180,461
Travis,167466,276
Travis,124733,672
Travis,115830,743
Travis,161953,278
Travis,100272,996
Travis,176129,914
Travis,107554,128
Travis,144811,165
Travis,136511,102
Travis,126423,446
Travis,169504,861
Travis,182752,599
Travis,128285,353
Travis,199494,756
Travis,167307,200
Travis,179333,337
Travis,152414,324
Travis,104471,862
Travis,174582,56
Travis,155889,105
Travis,169295,833
Travis,129128,415
Travis,112167,184
Travis,144004,923
Travis,190197,601
Travis,191556,406
Travis,183103,861
Travis,128916,651
Travis,182236,45
Travis,165029,363
Travis,177660,176
Travis,160063,474
Travis,162786,182
Travis,101777,502
Travis,197794,5
Travis,112535,244
Travis,196885,489
Travis,183286,579
Travis,118840,744
Travis,117988,716
Travis,177366,196
Travis,148641,576
Travis,153455,402
Travis,198662,783
Travis,122863,393
Travis,128309,486
Travis,179396,579
Travis,106475,88
Travis,147683,994
Travis,168257,332
Travis,135378,50
Travis,175462,988
Travis,113245,994
Travis,172408,331
Travis,197828,911
Travis,146252,897
Travis,145221,14
Travis,130872,175
Travis,151920,197
Travis,149994,977
Travis,101281,532
Travis,141330,709
Travis,109733,724
Travis,132585,838
Travis,191140,119
Travis,194299,359
Teagan,147558,243
Teagan,105212,948
Teagan,105225,228
Teagan,142794,133
Teagan,147158,859
Teagan,102955,328
Teagan,161702,57
Teagan,160919,191
Teagan,116395,816
Teagan,182803,370
Teagan,136189,511
Teagan,123214,923
Teagan,165725,172
Teagan,138369,371
Teagan,137570,870
Teagan,196998,402
Teagan,120183,171
Teagan,186517,130
Teagan,131228,802
Teagan,153496,316
Teagan,102045,411
Teagan,139156,223
Teagan,164212,272
Teagan,109280,312
Teagan,179865,155
Teagan,110542,584
Teagan,165644,54
Teagan,171238,497
Teagan,117383,26
Teagan,141103,42
Teagan,193496,686
Teagan,199449,69
Teagan,195931,28
Teagan,111098,6
Teagan,175834,449
Teagan,182467,419
Teagan,145872,138
Teagan,107401,145
Teagan,116220,799
Teagan,121413,807
Teagan,149768,343
Teagan,119823,743
Teagan,187234,627
Teagan,180601,390
Teagan,117894,351
Teagan,180014,432
Teagan,106870,404
Teagan,159543,853
Teagan,115547,423
Teagan,160206,840
Teagan,162595,547
Teagan,180474,145
Teagan,128939,764
Teagan,111903,88
Teagan,194443,801
Teagan,154296,786
Teagan,192678,553
Teagan,183330,477
Teagan,144649,815
Teagan,133121,299
Teagan,122992,452
Teagan,150094,692
Teagan,104422,871
Teagan,155295,457
Teagan,181823,485
Teagan,186160,834
Teagan,198918,935
Teagan,135902,656
Teagan,143644,743
Teagan,171035,585
Teagan,119334,950
Teagan,172716,708
Teagan,157570,411
Teagan,139565,949
Teagan,105384,499
Teagan,185607,427
Teagan,191851,27
Teagan,108259,655
Teagan,136353,731
Teagan,190883,371
Teagan,194256,894
Teagan,122161,836
Teagan,195065,321
Teagan,181993,285
Teagan,130925,775
Teagan,198608,703
Teagan,113994,667
Teagan,194632,448
Teagan,117183,505
Teagan,126596,465
Teagan,131034,425
Teagan,153778,441
Teagan,191382,429
Teagan,114074,344
Teagan,169033,877
Teagan,142079,442
Teagan,182216,337
Teagan,142511,468
Teagan,119803,935
Teagan,178220,552
Teagan,170457,952
Teagan,121672,756
Teagan,138531,245
Teagan,104101,283
Teagan,160492,503
Teagan,193486,973
Teagan,178909,822
Teagan,137247,893
Teagan,192097,192
Teagan,184560,301
Teagan,118764,624
Teagan,160584,916
Teagan,150098,730
Teagan,114578,113
Teagan,165077,139
Teagan,151906,724
Teagan,112156,892
Teagan,197044,773
Teagan,184424,151
Teagan,181242,235
Teagan,148174,2
Teagan,115871,455
Teagan,133263,155
Teagan,159731,960
Teagan,194691,393
Teagan,104698,92
Teagan,148931,881
Teagan,122749,392
Teagan,131824,144
Teagan,120487,279
Teagan,149534,381
Teagan,111318,359
Teagan,173630,937
Teagan,175598,905
Teagan,107029,662
Teagan,144458,424
Teagan,140883,252
Teagan,146901,210
Teagan,160189,687
Teagan,183090,755
Teagan,114778,346
Teagan,122460,188
Teagan,109128,942
Teagan,197890,226
Teagan,109887,482
Teagan,130174,703
Teagan,158207,764
Teagan,180848,736
Teagan,103175,846
Teagan,111763,403
Teagan,109062,253
Teagan,106803,418
Teagan,133588,109
Teagan,127599,250
Teagan,155612,471
Teagan,159465,159
Teagan,139749,752
Teagan,187128,604
Teagan,168031,39
Teagan,184199,541
Teagan,148891,170
Teagan,181822,401
Teagan,106263,775
Teagan,163745,394
Teagan,130638,490
Teagan,190521,602
Teagan,177674,383
Teagan,144735,367
Teagan,129326,980
Teagan,141615,738
Teagan,184689,46
Teagan,127374,654
Teagan,126068,64
Teagan,103919,489
Teagan,162506,870
Teagan,167069,178
Teagan,163827,911
Teagan,110989,860
Teagan,177249,966
Teagan,129046,924
Teagan,109097,849
Teagan,138775,492
Teagan,185591,677
Teagan,196264,378
Teagan,114731,497
Teagan,102782,437
Teagan,198527,180
Teagan,159744,234
Teagan,132777,914
Teagan,100415,216
Teagan,183959,73
Teagan,140122,36
Teagan,124826,276
Teagan,199987,112
Teagan,127176,773
Teagan,185038,139
Teagan,180433,922
Teagan,161044,122
Teagan,108138,845
Teagan,156601,689
Teagan,155577,115
Teagan,195117,354
Teagan,146821,202
Teagan,114502,419
Teagan,168055,879
Teagan,143528,372
Teagan,112039,651
Teagan,191081,26
Teagan,122031,565
Teagan,196162,367
Teagan,159058,33
Teagan,184266,579
Teagan,139330,673
Teagan,171151,534
Teagan,134302,596
Teagan,199849,58
Teagan,168747,100
Teagan,165237,1000
Teagan,119628,978
Teagan,182605,874
Teagan,109416,683
Teagan,160015,295
Teagan,194838,93
Teagan,110701,103
Teagan,108099,964
Teagan,168666,240
Teagan,123093,759
Teagan,197370,310
Teagan,148897,159
Teagan,143721,968
Teagan,167515,81
Teagan,143024,384
Teagan,179944,939
Teagan,151186,286
Teagan,177940,780
Teagan,187946,873
Teagan,161428,371
Teagan,152782,422
Teagan,112007,700
Teagan,128974,64
Teagan,177265,743
Teagan,199485,190
Teagan,179495,223
Teagan,144100,146
Teagan,171308,717
Teagan,146870,497
Teagan,100482,897
Teagan,197659,479
Teagan,172630,926
Teagan,151093,725
Teagan,152232,565
Teagan,152211,859
Teagan,189894,711
Teagan,157537,149
Teagan,182353,382
Teagan,102293,734
Teagan,143205,231
Teagan,150397,342
Teagan,163137,635
Teagan,138857,157
Teagan,167589,375
Teagan,169783,95
Teagan,129015,89
Teagan,115637,229
Teagan,140605,648
Teagan,131247,583
Teagan,180138,971
Teagan,109446,282
Teagan,185090,274
Teagan,149916,163
Teagan,188401,585
Teagan,185070,675
Teagan,132868,732
Teagan,154514,762
Teagan,140613,137
Teagan,134170,860
Teagan,137330,253
Teagan,101727,858
Teagan,134227,594
Teagan,143139,912
Teagan,141301,479
Teagan,179314,638
Teagan,119536,633
Teagan,106735,991
Teagan,172920,2
Teagan,138395,439
Teagan,193724,775
Teagan,181000,766
Teagan,165834,85
Teagan,160246,273
Teagan,137863,137
Teagan,109516,301
Teagan,129248,281
Teagan,145309,755
Teagan,101255,132
Teagan,122292,573
Teagan,194132,289
Teagan,114254,665
Teagan,194926,856
Teagan,121730,208
Teagan,108328,635
Teagan,138489,735
Teagan,114300,203
Teagan,168498,507
Teagan,118013,405
Teagan,125999,387
Teagan,170096,905
Teagan,102694,658
Teagan,103209,899
Teagan,108233,141
Teagan,198808,986
Teagan,146330,504
Teagan,156910,210
Teagan,199532,621
Teagan,158971,456
Teagan,195350,812
Teagan,167206,296
Teagan,181818,33
Teagan,158402,183
Teagan,107317,808
Teagan,180420,599
Teagan,162774,550
Teagan,100381,104
Teagan,134975,201
Teagan,170070,614
Teagan,109003,656
Teagan,129225,926
Teagan,135193,632
Teagan,192713,904
Teagan,160373,782
Teagan,117051,274
Teagan,117255,864
Teagan,187605,769
Teagan,185625,794
Teagan,141759,715
Teagan,104803,625
Teagan,177739,119
Teagan,154382,354
Teagan,132915,702
Teagan,109533,640
Teagan,154319,761
Teagan,150133,671
Teagan,174952,550
Teagan,104379,108
Teagan,105465,135
Teagan,174245,810
Teagan,172887,690
Teagan,164850,748
Teagan,128506,812
Teagan,191502,365
Teagan,133458,175
Teagan,158935,817
Teagan,118656,772
Teagan,199417,507
Teagan,101395,105
Teagan,141870,517
Teagan,171169,367
Teagan,186697,823
Teagan,113693,242
Teagan,101522,945
Teagan,138942,750
Teagan,135911,386
Teagan,121034,42
Teagan,165923,158
Teagan,180960,378
Teagan,159588,418
Teagan,151236,629
Teagan,137740,896
Teagan,105656,441
Teagan,192273,40
Teagan,100477,746
Teagan,117137,424
Teagan,141704,251
Teagan,143171,129
Teagan,137888,762
Teagan,117677,490
Teagan,117649,784
Teagan,133625,396
Teagan,111011,498
Teagan,123483,294
Teagan,133810,85
Teagan,145688,517
Teagan,161378,674
Teagan,199408,705
Teagan,130807,178
Teagan,161479,409
Teagan,140546,812
Teagan,195981,67
Teagan,104263,761
Teagan,184746,903
Teagan,124165,516
Teagan,150321,2
Teagan,170703,715
Teagan,115775,450
Teagan,199453,332
Teagan,138127,308
Teagan,169425,719
Teagan,165379,899
Teagan,147739,633
Teagan,175716,309
Teagan,154147,366
Teagan,131465,721
Teagan,127322,726
Teagan,128837,242
Teagan,189910,386
Teagan,180955,974
Teagan,145005,4
Teagan,153253,159
Teagan,150553,243
Teagan,180223,788
Teagan,159488,616
Teagan,195591,35
Teagan,193218,844
Teagan,159411,499
Teagan,148566,677
Teagan,196486,7
Teagan,162508,333
Teagan,114735,915
Teagan,157718,42
Teagan,191664,430
Teagan,180342,180
Teagan,141927,477
Teagan,173771,927
Teagan,149845,264
Teagan,181163,910
Teagan,190591,918
Teagan,118800,709
Teagan,122222,86
Teagan,167457,978
Teagan,186884,131
Teagan,191238,52
Teagan,116583,244
Teagan,152748,345
Teagan,197175,844
Teagan,147282,411
Teagan,150587,134
Teagan,122965,934
Teagan,178391,44
Teagan,123638,574
Teagan,127741,333
Teagan,162504,952
Teagan,179940,816
Teagan,135091,406
Teagan,198535,371
Teagan,147722,920
Teagan,115296,793
Teagan,133212,852
Teagan,111496,175
Teagan,103150,699
Teagan,100566,508
Teagan,177089,171
Teagan,183106,108
Teagan,102505,990
Teagan,137141,588
Teagan,158033,803
Teagan,134850,888
Teagan,179717,864
Teagan,118887,239
Teagan,101264,727
Teagan,126465,952
Teagan,113835,70
Teagan,177709,854
Teagan,187963,126
Teagan,172796,320
Teagan,187972,774
Teagan,192654,67
Teagan,162043,888
Teagan,191085,124
Teagan,179494,81
Teagan,121024,481
Teagan,114885,819
Teagan,181245,653
Teagan,114214,48
Teagan,172386,679
Teagan,151180,617
Teagan,152846,877
Teagan,173279,250
Teagan,195907,407
Teagan,170880,849
Teagan,156894,387
Teagan,143510,89
Teagan,138748,390
Teagan,179362,401
Teagan,174547,326
Teagan,112502,307
Teagan,138547,448
Teagan,142148,534
Teagan,131740,569
Teagan,177905,121
Teagan,196711,874
Teagan,150866,893
Teagan,165570,759
Teagan,157288,486
Teagan,120735,972
Teagan,125458,830
Teagan,176272,478
Teagan,119612,498
Teagan,153738,174
Teagan,167591,454
Teagan,114968,829
Teagan,111239,257
Teagan,169683,419
Teagan,117404,429
Teagan,108646,703
Teagan,136356,279
Teagan,158290,98
Teagan,140583,486
Teagan,150655,93
Teagan,173629,571
Teagan,162021,809
Teagan,181939,566
Teagan,119039,540
Teagan,126897,121
Teagan,140487,255
Teagan,199233,250
Teagan,107354,133
Teagan,152734,348
Teagan,196555,803
Teagan,190516,32
Teagan,149309,971
Teagan,115914,226
Teagan,140202,407
Teagan,125660,35
Teagan,139964,427
Teagan,180578,469
Teagan,178563,946
Teagan,161849,659
Teagan,111927,928
Teagan,185980,786
Teagan,158738,998
Teagan,106052,183
Teagan,146632,408
Teagan,157118,863
Teagan,109548,635
Teagan,176515,755
Teagan,152056,786
Teagan,126271,646
Teagan,190787,613
Teagan,166994,743
Teagan,161063,274
Teagan,105458,649
Teagan,133704,836
Teagan,196882,201
Teagan,169681,291
Teagan,143504,379
Teagan,103586,250
Teagan,102461,65
Teagan,133169,123
Teagan,156723,435
Teagan,181706,820
Teagan,176943,223
Teagan,147889,995
Teagan,180579,328
Teagan,134343,790
Teagan,175484,59
Teagan,106365,149
Teagan,180781,890
Teagan,155856,332
Teagan,178436,841
Teagan,143514,387
Teagan,182486,998
Teagan,197365,613
Teagan,149830,483
Teagan,149778,522
Teagan,170062,216
Teagan,139670,275
Teagan,121652,114
Teagan,176612,237
Teagan,193803,751
Teagan,137515,765
Teagan,106950,543
Teagan,177033,95
Teagan,173313,388
Teagan,157917,231
Teagan,191588,634
Teagan,143409,775
Teagan,113515,269
Teagan,100541,333
Teagan,114510,890
Teagan,177659,281
Teagan,106580,455
Teagan,148482,793
Teagan,193875,852
Teagan,152647,946
Teagan,141208,207
Teagan,180500,958
Teagan,143019,983
Teagan,126421,927
Teagan,186069,563
Teagan,124688,908
Teagan,115498,482
Teagan,120105,137
Teagan,143634,609
Teagan,160738,616
Teagan,158836,99
Teagan,155798,983
Teagan,186643,357
Teagan,103493,485
Teagan,156572,661
Teagan,181887,995
Teagan,138690,273
Teagan,119131,813
Teagan,197372,430
Teagan,143521,696
Teagan,110944,71
Teagan,111745,865
Teagan,129353,277
Teagan,142622,316
Teagan,115967,776
Teagan,197497,389
Teagan,112346,314
Teagan,105587,640
Teagan,199009,737
Teagan,111708,954
Teagan,155738,443
Teagan,173046,569
Teagan,189063,422
Teagan,112110,552
Teagan,112157,87
Teagan,161808,568
Teagan,152183,349
Teagan,138914,713
Teagan,131555,327
Teagan,136180,988
Teagan,183882,380
Teagan,162390,241
Teagan,129836,60
Teagan,139094,744
Teagan,192532,503
Teagan,174841,902
Teagan,143209,763
Teagan,169084,467
Teagan,176000,630
Teagan,163788,844
Teagan,177880,501
Teagan,194240,783
Teagan,164724,804
Teagan,108832,659
Teagan,112912,615
Teagan,140542,924
Teagan,136802,662
Teagan,142654,377
Teagan,164031,488
Teagan,135586,752
Teagan,193360,950
Teagan,173757,281
Teagan,159323,458
Teagan,156743,23
Teagan,193438,493
Teagan,144675,437
Teagan,186393,745
Teagan,123934,689
Teagan,105058,343
Teagan,153117,887
Teagan,176972,689
Teagan,165787,47
Teagan,139735,465
Teagan,142261,652
Teagan,115613,908
Teagan,171552,890
Teagan,194396,39
Teagan,166052,898
Teagan,108836,540
Teagan,112363,180
Teagan,123307,697
Teagan,199301,724
Teagan,127473,757
Teagan,162040,233
Teagan,158040,301
Teagan,144628,523
Teagan,158986,262
Teagan,117256,36
Teagan,164328,506
Teagan,116425,214
Teagan,189744,830
Teagan,143955,110
Teagan,138895,957
Teagan,183127,123
Teagan,181283,50
Teagan,118342,526
Teagan,134346,845
Teagan,156858,101
Teagan,141449,704
Teagan,169847,922
Teagan,146107,464
Teagan,110840,88
Teagan,152658,438
Teagan,128774,740
Teagan,103081,785
Teagan,192988,788
Teagan,164257,647
Teagan,180743,704
Teagan,120577,782
Teagan,125595,690
Teagan,166556,249
Teagan,114058,351
Teagan,174385,336
Teagan,154839,172
Teagan,170870,899
Teagan,190962,322
Teagan,152810,625
Teagan,129802,288
Teagan,122200,478
Teagan,186542,160
Teagan,159163,902
Teagan,161254,722
Teagan,104042,133
Teagan,170568,918
Teagan,166213,678
Teagan,176106,206
Teagan,157429,437
Teagan,104514,259
Teagan,111005,876
Teagan,170971,39
Teagan,112584,781
Teagan,128346,512
Teagan,183501,621
Teagan,130102,945
Teagan,172853,421
Teagan,131701,219
Teagan,182580,581
Teagan,124355,859
Teagan,103553,540
Teagan,171594,702
Teagan,167969,31
Teagan,124927,495
Teagan,146913,630
Teagan,102346,954
Teagan,158754,725
Teagan,112895,768
Teagan,184224,968
Teagan,118229,328
Teagan,132889,505
Teagan,116638,950
Teagan,151285,704
Teagan,158924,758
Teagan,148590,495
Teagan,184920,357
Teagan,184617,286
Teagan,141079,295
Teagan,183489,811
Teagan,126657,379
Teagan,146626,884
Teagan,122552,508
Teagan,119320,117
Teagan,191024,287
Teagan,102975,45
Teagan,138285,208
Teagan,170381,581
Teagan,144631,325
Teagan,151113,153
Teagan,144940,59
Teagan,190943,589
Teagan,180369,529
Teagan,179765,479
Teagan,190900,366
Teagan,197165,937
Teagan,198347,686
Teagan,134560,874
Teagan,145204,700
Teagan,131373,365
Teagan,192195,513
Teagan,182768,305
Teagan,125748,251
Teagan,106182,553
Teagan,193028,32
Teagan,195550,182
Teagan,179273,162
Teagan,111096,858
Teagan,128005,37
Teagan,164111,470
Teagan,138236,760
Teagan,117316,880
Teagan,153493,479
Teagan,161269,71
Teagan,195533,245
Teagan,155358,792
Teagan,141256,350
Teagan,109966,989
Teagan,171374,911
Teagan,119674,781
Teagan,111108,7
Teagan,163894,903
Teagan,168924,167
Teagan,198385,146
Teagan,141041,244
Teagan,116569,571
Teagan,196968,254
Teagan,136381,712
Teagan,180089,442
Teagan,159561,433
Teagan,144964,814
Teagan,182890,785
Teagan,178828,886
Teagan,176010,25
Teagan,111049,806
Teagan,193490,317
Teagan,127638,257
Teagan,169815,451
Teagan,125224,19
Teagan,199994,882
Teagan,173614,991
Teagan,145611,420
Teagan,196475,70
Teagan,190129,689
Teagan,111321,472
Teagan,140939,570
Teagan,128984,977
Teagan,126354,394
Teagan,129423,335
Teagan,165148,972
Teagan,183661,338
Teagan,142132,46
Teagan,124739,931
Teagan,102471,68
Teagan,154785,701
Teagan,111382,399
Teagan,135413,247
Teagan,164576,719
Teagan,155722,861
Teagan,154403,375
Teagan,177958,145
Teagan,159706,440
Teagan,193300,931
Teagan,185374,459
Teagan,164198,329
Teagan,123334,393
Teagan,170764,466
Teagan,195454,90
Teagan,136108,928
Teagan,101495,61
Teagan,101490,534
Teagan,198664,309
Teagan,112798,192
Teagan,187752,415
Teagan,185262,903
Teagan,106557,694
Teagan,137643,855
Teagan,165863,292
Teagan,123376,478
Teagan,137748,720
Teagan,185256,437
Teagan,186036,947
Teagan,116633,420
Teagan,152142,10
Teagan,123938,159
Teagan,132592,981
Teagan,189125,928
Teagan,140242,723
Teagan,191456,185
Teagan,163875,113
Teagan,165532,816
Teagan,178688,353
Teagan,161348,893
Teagan,134555,485
Teagan,149962,949
Teagan,172205,769
Teagan,108972,971
Teagan,122197,400
Teagan,193254,958
Teagan,102066,104
Teagan,173269,648
Teagan,190017,153
Teagan,195048,77
Teagan,112896,212
Teagan,100778,432
Teagan,194022,978
Teagan,177965,707
Teagan,188439,897
Teagan,115050,7
Teagan,101746,828
Teagan,108691,984
Teagan,149502,553
Teagan,184861,465
Teagan,116644,329
Teagan,186647,849
Teagan,170682,556
Teagan,100302,646
Teagan,108112,787
Teagan,127443,216
Teagan,134943,897
Teagan,176378,820
Teagan,155162,493
Teagan,173750,487
Teagan,143208,811
Teagan,198770,853
Teagan,110744,488
Teagan,124881,574
Teagan,126428,648
Teagan,117294,907
Teagan,126130,991
Teagan,179500,289
Teagan,150771,511
Teagan,172494,960
Teagan,115726,413
Teagan,178293,366
Teagan,135109,384
Teagan,130770,574
Teagan,176572,133
Teagan,170787,164
Teagan,196203,947
Teagan,113997,932
Teagan,111701,130
Teagan,193676,369
Teagan,149775,307
Teagan,128708,620
Teagan,105030,924
Teagan,196453,927
Teagan,111926,945
Teagan,172704,145
Teagan,134561,207
Teagan,170079,682
Teagan,193949,568
Teagan,181537,402
Teagan,142782,414
Teagan,153974,819
Teagan,156629,49
Teagan,171160,851
Teagan,159657,162
Teagan,106790,30
Teagan,132696,519
Teagan,182561,618
Teagan,174743,562
Teagan,110546,522
Teagan,125037,309
Teagan,167224,412
Teagan,153643,54
Teagan,128062,223
Teagan,136385,665
Teagan,114732,115
Teagan,188465,937
Teagan,129067,875
Teagan,118736,259
Teagan,170834,578
Teagan,188067,829
Teagan,158951,843
Teagan,165131,265
Teagan,191655,621
Teagan,173458,83
Teagan,122021,671
Teagan,152035,590
Teagan,109653,218
Teagan,161705,137
Teagan,142372,102
Teagan,137430,424
Teagan,141127,619
Teagan,129639,178
Teagan,113696,361
Teagan,147737,285
Teagan,146244,130
Teagan,128834,204
Teagan,103056,889
Teagan,124253,268
Teagan,116468,17
Teagan,155170,59
Teagan,102191,169
Teagan,120558,236
Teagan,193091,902
Teagan,132470,804
Teagan,166292,247
Teagan,191916,388
Teagan,176278,373
Teagan,133077,460
Teagan,173194,374
Teagan,138541,221
Teagan,128206,428
Teagan,159264,616
Teagan,131054,868
Teagan,132480,921
Teagan,123188,76
Teagan,116518,979
Teagan,135219,476
Teagan,155834,519
Teagan,198391,132
Teagan,116274,437
Teagan,123530,911
Teagan,175790,827
Teagan,194633,226
Tashya,199626,770
Tashya,195784,114
Tashya,100116,113
Tashya,181804,580
Tashya,159452,833
Tashya,195502,374
Tashya,157879,684
Tashya,107380,304
Tashya,173807,884
Tashya,102290,486
Tashya,186387,492
Tashya,166537,713
Tashya,114221,165
Tashya,178360,855
Tashya,175197,299
Tashya,120311,45
Tashya,166028,75
Tashya,146616,606
Tashya,100217,270
Tashya,158497,630
Tashya,179735,976
Tashya,112818,349
Tashya,175517,110
Tashya,110903,81
Tashya,174498,311
Tashya,158139,935
Tashya,132687,233
Tashya,178274,654
Tashya,199128,270
Tashya,148284,9
Tashya,137937,24
Tashya,114646,115
Tashya,196847,326
Tashya,155431,171
Tashya,171230,887
Tashya,190233,476
Tashya,146964,375
Tashya,119851,224
Tashya,100880,611
Tashya,136330,56
Tashya,191309,741
Tashya,191118,838
Tashya,182652,148
Tashya,148809,126
Tashya,143120,970
Tashya,161238,612
Tashya,177539,270
Tashya,147293,685
Tashya,104344,417
Tashya,101436,980
Tashya,107734,915
Tashya,176635,768
Tashya,184787,129
Tashya,134091,148
Tashya,153824,959
Tashya,115578,676
Tashya,196543,168
Tashya,146468,955
Tashya,196931,540
Tashya,113215,889
Tashya,122282,660
Tashya,169154,438
Tashya,142257,790
Tashya,134613,691
Tashya,158212,59
Tashya,113923,440
Tashya,129898,291
Tashya,172685,926
Tashya,177077,785
Tashya,134333,958
Tashya,187425,175
Tashya,109269,397
Tashya,155841,29
Tashya,107936,186
Tashya,159870,789
Tashya,116259,840
Tashya,163938,720
Tashya,146313,927
Tashya,110229,915
Tashya,176187,755
Tashya,185068,285
Tashya,163210,476
Tashya,183698,717
Tashya,105500,137
Tashya,188543,18
Tashya,149189,386
Tashya,108656,953
Tashya,117926,655
Tashya,139241,762
Tashya,132515,379
Tashya,195758,187
Tashya,167731,147
Tashya,121147,906
Tashya,159141,206
Tashya,131626,453
Tashya,111982,181
Tashya,144758,133
Tashya,126607,33
Tashya,127568,101
Tashya,175726,802
Tashya,129090,522
Tashya,194584,807
Tashya,194471,425
Tashya,190932,509
Tashya,177872,109
Tashya,139660,946
Tashya,161194,633
Tashya,115397,971
Tashya,118692,675
Tashya,162110,697
Tashya,129761,131
Tashya,145205,7
Tashya,124323,415
Tashya,176041,561
Tashya,113270,748
Tashya,190067,426
Tashya,105527,382
Tashya,124755,356
Tashya,110363,645
Tashya,147213,967
Tashya,178758,534
Tashya,156003,876
Tashya,177944,65
Tashya,173108,82
Tashya,171900,888
Tashya,173482,578
Tashya,189816,583
Tashya,136835,917
Tashya,145792,582
Tashya,121370,452
Tashya,119550,813
Tashya,125076,668
Tashya,134736,806
Tashya,135148,419
Tashya,157863,785
Tashya,166873,730
Tashya,154402,126
Tashya,145992,163
Tashya,125915,93
Tashya,154583,597
Tashya,112855,94
Tashya,130608,579
Tashya,116063,243
Tashya,106502,700
Tashya,128956,760
Tashya,153893,733
Tashya,161894,630
Tashya,175509,326
Tashya,194776,283
Tashya,183694,67
Tashya,116445,166
Tashya,133219,393
Tashya,142452,306
Tashya,194663,328
Tashya,129065,760
Tashya,180953,277
Tashya,141447,611
Tashya,161471,542
Tashya,179481,514
Tashya,164023,788
Tashya,174170,200
Tashya,116801,706
Tashya,182543,211
Tashya,184162,734
Tashya,132182,965
Tashya,151506,257
Tashya,186513,238
Tashya,187017,564
Tashya,193271,894
Tashya,154372,73
Tashya,149164,468
Tashya,177919,900
Tashya,141625,139
Tashya,174354,751
Tashya,149504,118
Tashya,159089,781
Tashya,143591,404
Tashya,195432,446
Tashya,187775,934
Tashya,167164,54
Tashya,137963,303
Tashya,179993,710
Tashya,199015,315
Tashya,147786,562
Tashya,151804,894
Tashya,182428,684
Tashya,190736,699
Tashya,118249,279
Tashya,117636,842
Tashya,156837,607
Tashya,155366,941
Tashya,192081,61
Tashya,136445,112
Tashya,195124,783
Tashya,134018,168
Tashya,156431,389
Tashya,156459,499
Tashya,177353,109
Tashya,149793,193
Tashya,143861,621
Tashya,160020,786
Tashya,158786,839
Tashya,104061,975
Tashya,167189,851
Tashya,160553,467
Tashya,165625,221
Tashya,153935,249
Tashya,143438,801
Tashya,156022,672
Tashya,183345,65
Tashya,111196,45
Tashya,184020,896
Tashya,197131,142
Tashya,126681,45
Tashya,112806,807
Tashya,106645,286
Tashya,193361,155
Tashya,169166,950
Tashya,193622,325
Tashya,138394,177
Tashya,134533,558
Tashya,190960,190
Tashya,116461,863
Tashya,198944,266
Tashya,110873,670
Tashya,111346,950
Tashya,101931,167
Tashya,158787,428
Tashya,197155,648
Tashya,198726,863
Tashya,145787,746
Tashya,158410,843
Tashya,122779,378
Tashya,106904,601
Tashya,186102,149
Tashya,141176,795
Tashya,122974,24
Tashya,123417,269
Tashya,149151,857
Tashya,182822,156
Tashya,139734,131
Tashya,193165,336
Tashya,164474,613
Tashya,196652,190
Tashya,183945,848
Tashya,179325,545
Tashya,115534,610
Tashya,113609,573
Tashya,183246,576
Tashya,173197,197
Tashya,179423,119
Tashya,180363,599
Tashya,143241,355
Tashya,186853,479
Tashya,102890,364
Tashya,153915,621
Tashya,170784,13
Tashya,177494,36
Tashya,129053,350
Tashya,154691,617
Tashya,102333,773
Tashya,104128,32
Tashya,161328,433
Tashya,137134,30
Tashya,191533,891
Tashya,100276,550
Tashya,168102,294
Tashya,190553,412
Tashya,176717,840
Tashya,141170,276
Tashya,100949,171
Tashya,187778,123
Tashya,136727,682
Tashya,107037,580
Tashya,143328,942
Tashya,167159,514
Tashya,172355,578
Tashya,174100,259
Tashya,120773,368
Tashya,191424,593
Tashya,100405,53
Tashya,181172,697
Tashya,124487,217
Tashya,101697,561
Tashya,150986,557
Tashya,135613,335
Tashya,167878,573
Tashya,103973,960
Tashya,194992,742
Tashya,123303,20
Tashya,133694,124
Tashya,131300,21
Tashya,121809,83
Tashya,112295,9
Tashya,130780,466
Tashya,133617,352
Tashya,153966,264
Tashya,125358,834
Tashya,199214,602
Tashya,177923,282
Tashya,111978,286
Tashya,171189,402
Tashya,117123,614
Tashya,144729,947
Tashya,169361,365
Tashya,155773,885
Tashya,197886,159
Tashya,127517,936
Tashya,172791,264
Tashya,161938,844
Tashya,184486,705
Tashya,117828,508
Tashya,188241,752
Tashya,179512,569
Tashya,189350,666
Tashya,127350,308
Tashya,116075,32
Tashya,146586,604
Tashya,120760,109
Tashya,121287,350
Tashya,124603,870
Tashya,158309,427
Tashya,150989,529
Tashya,161045,95
Tashya,102345,698
Tashya,129770,143
Tashya,198267,907
Tashya,137737,714
Tashya,191616,531
Tashya,111713,660
Tashya,168492,768
Tashya,183033,899
Tashya,176928,666
Tashya,177216,335
Tashya,143161,842
Tashya,100854,305
Tashya,104301,291
Tashya,136012,919
Tashya,158885,887
Tashya,125444,369
Tashya,166645,210
Tashya,148190,518
Tashya,186980,609
Tashya,126430,303
Tashya,134678,52
Tashya,139143,504
Tashya,198860,807
Tashya,197208,177
Tashya,125133,367
Tashya,196128,681
Tashya,152963,860
Tashya,178286,882
Tashya,189659,439
Tashya,191223,61
Tashya,148423,720
Tashya,127206,415
Tashya,149632,857
Tashya,152439,539
Tashya,195088,205
Tashya,134165,498
Tashya,112353,753
Tashya,149460,193
Tashya,175161,776
Tashya,156776,355
Tashya,165769,607
Tashya,105760,121
Tashya,189877,15
Tashya,172124,161
Tashya,142682,514
Tashya,152819,882
Tashya,122952,970
Tashya,183724,717
Tashya,169534,164
Tashya,116740,414
Tashya,159806,706
Tashya,198846,563
Tashya,100513,966
Tashya,102703,763
Tashya,128702,984
Tashya,113946,965
Tashya,105397,547
Tashya,178326,911
Tashya,131072,628
Tashya,117531,478
Tashya,132294,933
Tashya,170032,618
Tashya,122500,478
Tashya,152364,116
Tashya,192999,230
Tashya,144282,823
Tashya,196067,467
Tashya,152842,770
Tashya,152314,380
Tashya,140983,226
Tashya,108258,428
Tashya,153162,694
Tashya,121043,85
Tashya,127738,937
Tashya,157555,169
Tashya,150982,705
Tashya,108894,564
Tashya,117932,411
Tashya,160946,9
Tashya,135319,617
Tashya,103644,531
Tashya,177731,210
Tashya,130082,724
Tashya,103566,17
Tashya,138250,819
Tashya,121792,967
Tashya,130131,352
Tashya,121532,604
Tashya,147472,54
Tashya,167795,605
Tashya,141924,550
Tashya,121863,768
Tashya,104013,189
Tashya,140159,886
Tashya,175720,623
Tashya,161373,872
Tashya,178508,716
Tashya,190863,196
Tashya,188838,541
Tashya,186351,581
Tashya,186585,187
Tashya,189261,204
Tashya,152631,52
Tashya,194791,290
Tashya,190611,10
Tashya,179441,93
Tashya,151368,348
Tashya,185732,728
Tashya,199847,181
Tashya,134381,768
Tashya,171121,207
Tashya,178569,474
Tashya,174131,152
Tashya,149732,636
Tashya,136642,959
Tashya,106067,835
Tashya,156094,7
Tashya,198350,875
Tashya,183793,310
Tashya,109330,200
Tashya,166235,598
Tashya,124350,154
Tashya,137125,31
Tashya,118832,28
Tashya,101359,844
Tashya,128567,499
Tashya,143172,424
Tashya,192108,311
Tashya,180120,764
Tashya,184570,948
Tashya,113289,683
Tashya,153313,949
Tashya,131492,931
Tashya,180265,211
Tashya,185902,146
Tashya,133461,990
Tashya,157455,86
Tashya,196799,576
Tashya,167461,618
Tashya,144412,433
Tashya,134815,264
Tashya,154683,755
Tashya,104572,218
Tashya,120800,654
Tashya,192289,62
Tashya,196220,89
Tashya,141364,166
Tashya,126573,287
Tashya,130362,549
Tashya,185634,658
Tashya,128998,729
Tashya,195755,171
Tashya,199978,165
Tashya,151153,179
Tashya,115021,693
Tashya,146042,479
Tashya,130370,340
Tashya,139750,776
Tashya,120345,679
Tashya,197911,745
Tashya,189946,260
Tashya,117284,160
Tashya,173213,596
Tashya,199357,473
Tashya,151595,940
Tashya,194414,424
Tashya,153394,313
Tashya,122595,381
Tashya,106366,426
Tashya,103549,600
Tashya,122796,195
Tashya,190416,497
Tashya,123838,123
Tashya,186538,627
Tashya,164050,829
Tashya,146912,749
Tashya,105551,54
Tashya,113332,795
Tashya,161204,198
Tashya,190499,954
Tashya,109098,100
Tashya,127253,97
Tashya,140649,353
Tashya,188226,402
Tashya,153546,382
Tashya,100931,158
Tashya,145312,338
Tashya,156493,256
Tashya,172831,349
Tashya,183350,105
Tashya,125905,694
Tashya,131057,923
Tashya,138138,405
Tashya,194675,422
Tashya,129703,472
Tashya,177819,215
Tashya,118900,403
Tashya,185997,588
Tashya,160037,969
Tashya,168202,150
Tashya,118494,801
Tashya,124855,605
Tashya,142429,252
Tashya,137082,441
Tashya,145917,998
Tashya,158968,974
Tashya,136268,4
Tashya,164177,42
Tashya,109790,781
Tashya,152742,466
Tashya,197244,195
Tashya,196184,90
Tashya,127035,687
Tashya,143636,439
Tashya,121001,695
Tashya,116698,753
Tashya,122422,492
Tashya,179411,316
Tashya,142196,732
Tashya,188921,803
Tashya,188675,886
Tashya,106124,283
Tashya,169469,841
Tashya,197119,368
Tashya,178270,609
Tashya,160341,508
Tashya,130423,785
Tashya,179754,547
Tashya,182266,336
Tashya,123909,874
Tashya,118777,898
Tashya,133708,651
Tashya,186874,587
Tashya,162899,332
Tashya,137504,410
Tashya,146900,939
Tashya,122880,86
Tashya,104859,784
Tashya,139133,475
Tashya,160413,242
Tashya,134644,35
Tashya,132711,123
Tashya,193143,61
Tashya,113128,254
Tashya,113200,708
Tashya,161247,625
Tashya,136799,522
Tashya,150767,648
Tashya,156412,267
Tashya,191014,282
Tashya,125786,103
Tashya,114543,969
Tashya,108882,545
Tashya,107404,566
Tashya,131991,239
Tashya,100035,756
Tashya,173466,203
Tashya,173362,754
Tashya,145715,144
Tashya,191363,767
Tashya,118938,592
Tashya,109248,119
Tashya,155046,946
Tashya,166195,783
Tashya,107621,631
Tashya,153070,677
Tashya,157262,770
Tashya,120669,743
Tashya,131552,454
Tashya,150747,277
Tashya,112577,478
Tashya,197290,615
Tashya,125197,223
Tashya,151526,574
Tashya,194354,407
Tashya,120434,441
Tashya,188167,945
Tashya,133946,550
Tashya,110152,680
Tashya,131359,455
Tashya,123367,621
Tashya,130732,691
Tashya,115769,66
Tashya,158229,922
Tashya,170170,746
Tashya,102275,563
Tashya,180312,618
Tashya,172994,218
Tashya,109252,510
Tashya,180314,859
Tashya,112997,592
Tashya,172910,96
Tashya,129027,855
Tashya,119010,809
Tashya,120328,903
Tashya,193818,690
Tashya,153828,182
Tashya,160990,484
Tashya,128481,842
Tashya,168494,326
Tashya,129654,228
Tashya,164133,681
Tashya,190287,202
Tashya,160793,415
Tashya,192100,824
Tashya,155422,908
Tashya,103213,727
Tashya,115781,166
Tashya,116182,6
Tashya,108505,198
Tashya,143200,90
Tashya,119253,524
Tashya,139556,115
Tashya,199198,507
Tashya,166944,446
Tashya,197092,211
Tashya,110249,164
Tashya,155622,562
Tashya,123254,134
Tashya,140886,310
Tashya,138066,446
Tashya,114168,53
Tashya,139233,626
Tashya,157330,164
Tashya,145408,588
Tashya,174206,275
Tashya,180049,549
Tashya,164618,888
Tashya,125274,309
Tashya,173146,379
Tashya,198296,331
Tashya,156198,985
Tashya,153989,618
Tashya,147174,470
Tashya,158893,620
Tashya,123515,627
Tashya,147850,963
Tashya,157897,998
Tashya,124279,484
Tashya,154837,224
Tashya,146580,690
Tashya,119370,33
Tashya,132394,429
Tashya,159263,203
Tashya,167618,861
Tashya,112137,30
Tashya,138213,752
Tashya,145985,564
Tashya,158947,477
Tashya,186071,680
Tashya,156270,403
Tashya,160194,990
Tashya,135031,353
Tashya,165321,786
Tashya,111328,938
Tashya,158310,357
Tashya,165947,35
Tashya,177481,864
Tashya,153556,602
Tashya,155145,211
Tashya,115704,917
Tashya,109184,786
Tashya,117478,877
Tashya,131290,715
Tashya,155101,888
Tashya,143961,472
Tashya,121491,326
Tashya,191954,286
Tashya,199976,598
Tashya,106890,189
Tashya,110485,840
Tashya,125486,880
Tashya,110675,766
Tashya,151420,977
Tashya,108670,962
Tashya,150854,845
Tashya,114989,751
Tashya,102518,755
Tashya,184667,685
Tashya,159721,621
Tashya,119214,402
Tashya,127510,907
Tashya,187202,649
Tashya,135036,372
Tashya,103704,298
Tashya,185999,9
Tashya,138365,468
Tashya,135124,812
Tashya,185099,857
Tashya,131254,43
Tashya,114033,264
Tashya,170298,917
Tashya,104521,623
Tashya,188405,949
Tashya,107194,483
Tashya,105914,529
Tashya,163339,733
Tashya,109586,258
Tashya,195846,470
Tashya,165495,338
Tashya,139907,696
Tashya,177352,744
Tashya,172014,344
Tashya,173104,105
Tashya,113379,331
Tashya,144523,2
Tashya,171380,314
Tashya,140096,638
Tashya,110501,726
Tashya,158781,634
Tashya,130582,513
Tashya,121586,105
Tashya,108241,835
Tashya,144776,942
Tashya,187375,180
Tashya,144438,79
Tashya,139516,163
Tashya,124963,672
Tashya,149658,861
Tashya,122036,864
Tashya,177232,562
Tashya,103681,212
Tashya,141121,222
Tashya,109381,494
Tashya,100465,149
Tashya,160675,58
Tashya,117129,338
Tashya,142465,819
Tashya,123480,128
Tashya,148308,860
Tashya,145780,614
Tashya,167346,385
Tashya,145163,455
Tashya,118449,211
Tashya,127250,563
Tashya,128899,572
Tashya,179453,438
Tashya,168961,678
Tashya,143547,46
Tashya,160736,505
Tashya,177450,131
Tashya,120534,228
Tashya,107538,435
Tashya,187262,107
Tashya,186598,851
Tashya,175590,523
Tashya,177959,932
Tashya,104926,257
Tashya,110818,330
Tashya,164946,698
Tashya,150904,132
Tashya,108446,685
Tashya,134077,49
Tashya,158311,469
Tashya,129378,68
Tashya,146300,336
Tashya,166731,716
Tashya,121404,364
Tashya,103017,161
Tashya,133412,594
Tashya,151681,261
Tashya,157832,91
Tashya,194351,684
Tashya,165353,183
Tashya,155244,494
Tashya,140994,890
Tashya,126829,581
Tashya,142658,113
Tashya,165586,199
Tashya,131716,687
Tashya,106425,321
Tashya,139231,772
Tashya,114097,946
Tashya,190348,416
Tashya,193572,483
Tashya,145635,211
Tashya,199622,344
Tashya,174583,878
Tashya,199209,188
Tashya,145296,298
Tashya,185825,629
Tashya,160571,538
Tashya,116347,887
Tashya,168684,593
Tashya,193250,91
Tashya,166683,963
Tashya,131773,511
Tashya,113731,154
Tashya,175577,174
Tashya,146961,259
Tashya,117838,888
Tashya,196081,812
Tashya,136734,145
Tashya,160967,740
Tashya,182581,728
Tashya,138119,980
Tashya,144311,493
Tashya,189884,423
Tashya,161210,588
Tashya,104138,948
Tashya,115019,439
Tashya,151665,404
Tashya,189605,927
Tashya,116611,742
Tashya,189520,288
Tashya,149364,120
Tashya,186885,632
Tashya,139938,218
Tashya,155718,906
Tashya,131807,956
Tashya,115114,119
Tashya,157304,389
Tashya,108460,526
Tashya,149252,653
Tashya,162553,997
Tashya,189830,920
Tashya,139004,896
Tashya,188977,985
Tashya,192096,157
Tashya,164530,615
Tashya,183547,44
Tashya,149505,607
Tashya,125190,988
Tashya,147283,64
Tashya,110215,817
Tashya,104813,854
Tashya,153156,844
Tashya,196079,892
Tashya,133472,550
Tashya,178572,427
Tashya,148315,296
Tashya,147256,440
Tashya,163532,579
Tashya,134958,669
Tashya,138805,751
Tashya,189176,383
Tashya,194476,661
Tashya,146730,396
Tashya,159610,453
Tashya,177506,291
Tashya,193161,300
Tashya,187083,150
Tashya,157390,34
Tashya,197885,751
Tashya,199736,59
Tashya,102128,717
Tashya,140509,277
Tashya,119669,408
Tashya,133346,706
Tashya,131732,674
Tashya,182557,529
Tashya,120005,99
Tashya,123013,507
Tashya,129369,791
Tashya,142838,24
Tashya,119547,927
Tashya,166815,392
Tashya,129206,202
Tashya,135752,162
Tashya,184306,557
Tashya,133796,12
Tashya,132926,860
Tashya,183241,678
Tashya,105854,622
Tashya,189268,637
Tashya,114473,693
Tashya,192129,603
Tashya,129159,714
Tashya,177050,593
Tashya,134055,638
Tashya,193297,256
Tashya,125455,510
Tashya,173043,401
Tashya,100660,761
Tashya,198473,982
Tashya,136647,20
Tashya,152685,304
Tashya,115870,236
Tashya,124704,554
Tashya,150077,589
Tashya,113668,971
Tashya,104205,106
Tashya,175968,582
Tashya,188943,768
Tashya,180929,130
Tashya,120063,92
Tashya,151702,658
Tashya,140785,411
Tashya,171562,943
Tashya,148249,228
Tashya,152524,474
Tashya,144597,807
Tashya,163643,962
Tashya,158621,132
Tashya,179488,600
Tashya,182169,444
Tashya,190840,904
Tashya,188673,878
Tashya,187806,888
Tashya,174985,339
Tashya,182850,760
Tashya,171631,342
Tashya,157594,178
Tashya,109945,740
Tashya,115303,113
Tashya,147065,409
Tashya,154298,998
Tashya,104160,934
Tashya,119393,162
Tashya,167569,690
Tashya,136099,113
Tashya,119472,325
Tashya,183764,650
Tashya,139657,81
Tashya,191607,282
Tashya,188687,294
Tashya,127404,607
Tashya,136833,602
Tashya,123390,968
Tashya,179930,977
Tashya,174262,390
Tashya,156995,374
Tashya,195545,634
Tashya,125204,362
Tashya,154300,965
Tashya,124447,366
Tashya,100957,631
Tashya,153274,134
Tashya,119246,641
Tashya,102566,837
Tashya,138052,520
Tashya,156714,534
Tashya,136472,140
Tashya,126287,18
Tashya,175897,109
Tashya,172172,927
Tashya,199278,891
Tashya,132670,38
Tashya,181489,724
Tashya,112244,803
Tashya,115295,466
Tashya,148467,844
Tashya,174537,246
Tashya,196685,368
Tashya,140514,619
Tarik,182444,405
Tarik,152942,375
Tarik,163540,973
Tarik,111363,700
Tarik,187407,319
Tarik,163055,218
Tarik,183770,855
Tarik,112449,407
Tarik,193563,441
Tarik,188561,668
Tarik,171273,315
Tarik,141467,80
Tarik,169895,731
Tarik,138824,410
Tarik,122615,557
Tarik,191997,618
Tarik,130117,9
Tarik,178413,310
Tarik,158651,824
Tarik,150978,631
Tarik,150868,543
Tarik,180324,222
Tarik,117929,937
Tarik,184176,650
Tarik,147633,954
Tarik,125715,569
Tarik,154962,690
Tarik,127030,997
Tarik,183498,632
Tarik,197491,166
Tarik,175005,772
Tarik,132144,597
Tarik,185302,648
Tarik,166569,813
Tarik,112647,813
Tarik,158681,171
Tarik,112233,155
Tarik,106370,266
Tarik,109707,257
Tarik,139151,801
Tarik,134357,205
Tarik,163826,466
Tarik,174959,408
Tarik,126678,584
Tarik,186172,973
Tarik,185116,387
Tarik,196410,970
Tarik,141594,290
Tarik,180136,763
Tarik,108705,303
Tarik,163300,781
Tarik,100904,23
Tarik,173523,95
Tarik,158094,384
Tarik,185082,696
Tarik,171479,404
Tarik,199623,826
Tarik,168504,534
Tarik,125056,374
Tarik,128846,186
Tarik,111378,2
Tarik,133222,245
Tarik,155057,846
Tarik,164484,657
Tarik,179795,927
Tarik,181927,251
Tarik,126648,155
Tarik,193517,67
Tarik,190703,157
Tarik,198631,765
Tarik,123656,323
Tarik,107265,771
Tarik,119288,884
Tarik,128406,907
Tarik,129588,321
Tarik,172522,721
Tarik,117021,54
Tarik,174437,472
Tarik,163902,297
Tarik,160529,589
Tarik,144824,652
Tarik,188603,182
Tarik,168737,404
Tarik,174450,539
Tarik,181607,866
Tarik,124737,872
Tarik,145174,855
Tarik,152796,729
Tarik,179891,531
Tarik,153214,89
Tarik,141024,946
Tarik,176485,903
Tarik,100751,792
Tarik,129866,417
Tarik,102153,875
Tarik,158339,100
Tarik,188697,669
Tarik,114021,720
Tarik,148278,761
Tarik,174890,340
Tarik,119543,185
Tarik,154281,343
Tarik,137479,929
Tarik,196760,345
Tarik,153552,788
Tarik,139640,766
Tarik,192886,373
Tarik,126348,32
Tarik,123122,95
Tarik,112868,387
Tarik,147795,882
Tarik,100610,759
Tarik,105577,955
Tarik,198774,268
Tarik,190791,56
Tarik,134694,885
Tarik,144580,211
Tarik,158469,618
Tarik,188634,570
Tarik,120496,85
Tarik,107908,621
Tarik,170323,925
Tarik,184121,333
Tarik,187066,324
Tarik,163600,56
Tarik,172456,181
Tarik,161397,771
Tarik,176550,44
Tarik,181221,339
Tarik,194498,987
Tarik,132750,33
Tarik,137438,178
Tarik,152797,311
Tarik,100314,270
Tarik,118908,234
Tarik,149246,110
Tarik,181392,343
Tarik,138474,768
Tarik,146477,397
Tarik,121781,429
Tarik,143885,875
Tarik,119761,786
Tarik,123160,275
Tarik,199189,717
Tarik,105571,732
Tarik,113760,961
Tarik,106729,485
Tarik,104454,502
Tarik,152947,107
Tarik,103575,855
Tarik,198941,252
Tarik,196758,1
Tarik,191142,332
Tarik,113589,214
Tarik,150681,516
Tarik,147194,252
Tarik,182830,793
Tarik,103960,582
Tarik,137905,515
Tarik,186852,214
Tarik,145746,232
Tarik,138110,785
Tarik,189708,908
Tarik,100376,964
Tarik,129931,919
Tarik,115959,450
Tarik,154084,140
Tarik,157204,18
Tarik,195922,827
Tarik,146175,263
Tarik,175167,913
Tarik,189173,307
Tarik,112532,8
Tarik,154005,520
Tarik,111593,202
Tarik,126902,487
Tarik,171058,163
Tarik,115107,735
Tarik,193424,884
Tarik,186942,375
Tarik,107622,617
Tarik,103679,45
Tarik,129879,900
Tarik,167214,599
Tarik,165233,997
Tarik,112754,146
Tarik,131979,626
Tarik,129585,960
Tarik,148363,217
Tarik,133109,416
Tarik,146997,353
Tarik,113207,78
Tarik,154609,595
Tarik,198775,700
Tarik,110212,88
Tarik,125149,985
Tarik,160416,490
Tarik,197500,416
Tarik,148378,841
Tarik,144637,710
Tarik,143114,211
Tarik,134915,547
Tarik,140237,72
Tarik,192020,840
Tarik,133316,529
Tarik,196340,48
Tarik,189450,574
Tarik,118865,21
Tarik,154705,686
Tarik,167316,959
Tarik,111336,581
Tarik,147481,521
Tarik,147473,687
Tarik,135204,48
Tarik,199501,678
Tarik,104710,710
Tarik,134968,844
Tarik,164927,592
Tarik,112300,592
Tarik,137540,686
Tarik,151325,303
Tarik,130669,804
Tarik,121624,571
Tarik,175258,281
Tarik,186404,270
Tarik,125432,51
Tarik,174330,717
Tarik,187525,736
Tarik,125369,496
Tarik,146231,474
Tarik,174014,48
Tarik,114980,401
Tarik,103221,79
Tarik,108422,500
Tarik,198713,221
Tarik,151138,480
Tarik,150165,60
Tarik,172161,674
Tarik,128315,794
Tarik,150819,967
Tarik,122963,484
Tarik,185195,546
Tarik,148722,583
Tarik,111248,875
Tarik,157121,88
Tarik,141379,342
Tarik,173404,418
Tarik,119884,620
Tarik,130058,90
Tarik,152380,143
Tarik,142325,275
Tarik,176163,867
Tarik,195803,893
Tarik,137087,57
Tarik,126461,682
Tarik,174560,54
Tarik,185573,383
Tarik,106181,670
Tarik,184559,693
Tarik,178956,465
Tarik,144439,835
Tarik,190166,93
Tarik,175071,530
Tarik,161116,598
Tarik,199012,702
Tarik,165489,971
Tarik,189776,613
Tarik,171618,237
Tarik,118749,678
Tarik,165405,209
Tarik,197800,972
Tarik,179053,616
Tarik,110320,579
Tarik,187341,636
Tarik,195514,103
Tarik,192258,70
Tarik,147952,874
Tarik,112254,219
Tarik,149030,180
Tarik,163627,936
Tarik,105129,399
Tarik,153004,738
Tarik,124629,662
Tarik,106723,148
Tarik,113970,665
Tarik,125681,503
Tarik,101853,143
Tarik,144573,191
Tarik,172428,933
Tarik,139868,561
Tarik,116399,642
Tarik,113576,604
Tarik,127465,352
Tarik,132082,791
Tarik,194045,365
Tarik,180610,575
Tarik,103050,964
Tarik,120874,692
Tarik,138071,331
Tarik,132228,106
Tarik,138712,55
Tarik,104662,862
Tarik,101228,707
Tarik,133252,136
Tarik,146221,414
Tarik,114260,890
Tarik,142671,334
Tarik,198229,311
Tarik,146117,2
Tarik,168078,701
Tarik,122156,825
Tarik,141136,741
Tarik,139821,687
Tarik,192440,863
Tarik,188446,30
Tarik,175636,584
Tarik,159667,126
Tarik,171221,132
Tarik,114619,346
Tarik,134196,658
Tarik,146974,355
Tarik,168883,154
Tarik,153245,48
Tarik,187764,505
Tarik,117268,413
Tarik,187496,632
Tarik,153911,492
Tarik,179298,845
Tarik,138315,614
Tarik,198789,625
Tarik,180112,631
Tarik,132864,291
Tarik,125598,29
Tarik,186687,119
Tarik,135256,672
Tarik,183622,70
Tarik,153448,800
Tarik,106281,330
Tarik,152097,593
Tarik,130743,781
Tarik,110438,743
Tarik,179782,925
Tarik,119569,481
Tarik,135227,261
Tarik,117366,376
Tarik,162088,484
Tarik,102323,602
Tarik,185280,693
Tarik,139198,71
Tarik,117058,433
Tarik,124658,583
Tarik,124827,276
Tarik,160894,910
Tarik,156472,449
Tarik,162064,90
Tarik,151498,85
Tarik,167155,460
Tarik,110372,514
Tarik,127694,335
Tarik,187535,160
Tarik,197530,338
Tarik,133200,236
Tarik,171421,824
Tarik,130603,163
Tarik,148124,587
Tarik,133696,871
Tarik,190237,565
Tarik,180147,228
Tarik,192113,667
Tarik,168367,39
Tarik,123474,531
Tarik,186303,132
Tarik,180105,698
Tarik,114149,996
Tarik,119286,784
Tarik,120925,35
Tarik,165354,81
Tarik,121866,709
Tarik,183145,222
Tarik,118036,590
Tarik,114763,429
Tarik,173556,86
Tarik,108890,290
Tarik,163723,780
Tarik,172360,674
Tarik,117210,337
Tarik,163168,399
Tarik,166486,611
Tarik,134267,44
Tarik,109196,133
Tarik,101366,661
Tarik,195317,540
Tarik,122532,713
Tarik,158603,320
Tarik,189690,250
Tarik,145246,422
Tarik,140457,110
Tarik,165386,391
Tarik,155980,243
Tarik,185654,388
Tarik,182011,200
Tarik,179462,904
Tarik,188521,30
Tarik,129026,162
Tarik,196254,483
Tarik,166350,527
Tarik,141171,21
Tarik,147880,851
Tarik,185142,394
Tarik,182158,682
Tarik,109558,228
Tarik,154060,356
Tarik,187625,927
Tarik,158907,824
Tarik,106506,951
Tarik,141595,904
Tarik,148442,331
Tarik,172970,309
Tarik,163303,438
Tarik,120723,505
Tarik,179975,975
Tarik,180539,853
Tarik,147988,610
Tarik,114666,912
Tarik,134622,303
Tarik,161237,624
Tarik,185384,802
Tarik,144861,554
Tarik,187491,773
Tarik,153076,472
Tarik,195813,74
Tarik,182827,222
Tarik,137609,930
Tarik,161355,88
Tarik,117623,58
Tarik,184161,95
Tarik,192098,740
Tarik,183592,653
Tarik,119599,510
Tarik,136912,420
Tarik,121607,727
Tarik,160814,839
Tarik,104373,800
Tarik,154972,505
Tarik,100902,861
Tarik,140669,572
Tarik,186083,453
Tarik,166589,455
Tarik,158718,432
Tarik,186051,353
Tarik,151942,293
Tarik,151717,93
Tarik,195814,888
Tarik,113491,195
Tarik,197382,241
Tarik,132126,89
Tarik,116532,368
Tarik,117028,808
Tarik,149942,79
Tarik,137463,77
Tarik,132161,424
Tarik,140838,636
Tarik,164236,364
Tarik,156640,564
Tarik,160039,50
Tarik,134808,270
Tarik,115103,537
Tarik,124116,327
Tarik,105331,864
Tarik,160922,657
Tarik,112526,804
Tarik,112876,136
Tarik,158491,991
Tarik,101380,122
Tarik,175659,872
Tarik,151262,28
Tarik,106358,253
Tarik,170822,883
Tarik,191852,406
Tarik,189020,928
Tarik,104564,399
Tarik,195028,571
Tarik,175525,57
Tarik,118744,781
Tarik,140020,1
Tarik,194954,396
Tarik,188150,914
Tarik,111855,469
Tarik,132282,163
Tarik,174837,311
Tarik,122739,266
Tarik,195180,444
Tarik,188259,783
Tarik,185563,716
Tarik,185801,569
Tarik,198981,76
Tarik,125216,50
Tarik,190207,608
Tarik,121379,632
Tarik,141994,859
Tarik,182889,833
Tarik,132083,101
Tarik,186346,706
Tarik,144132,622
Tarik,171263,912
Tarik,142579,124
Tarik,185190,917
Tarik,118354,995
Tarik,184634,848
Tarik,145961,88
Tarik,183001,294
Tarik,130495,41
Tarik,183129,204
Tarik,162727,450
Tarik,104261,783
Tarik,187016,284
Tarik,171958,175
Tarik,127521,541
Tarik,196746,950
Tarik,196106,694
Tarik,153959,982
Tarik,173987,703
Tarik,175822,495
Tarik,134556,678
Tarik,103075,196
Tarik,148832,335
Tarik,132521,614
Tarik,199590,128
Tarik,173641,960
Tarik,159619,743
Tarik,181369,406
Tarik,121311,25
Tarik,123473,251
Tarik,190414,186
Tarik,182361,923
Tarik,124525,6
Tarik,178133,229
Tarik,160867,654
Tarik,114906,507
Tarik,105105,535
Tarik,123205,291
Tarik,155660,600
Tarik,155599,984
Tarik,130336,419
Tarik,162889,242
Tarik,155796,156
Tarik,122138,701
Tarik,145782,440
Tarik,124466,270
Tarik,104325,278
Tarik,117019,262
Tarik,136419,878
Tarik,157116,287
Tarik,124138,625
Tarik,127783,912
Tarik,104117,612
Tarik,132762,248
Tarik,162449,280
Tarik,122939,722
Tarik,191373,71
Tarik,161089,562
Tarik,182783,519
Tarik,158301,698
Tarik,135105,473
Tarik,160380,925
Tarik,110968,413
Tarik,132186,23
Tarik,190022,705
Tarik,178802,137
Tarik,150187,642
Tarik,188168,104
Tarik,127836,291
Tarik,120942,73
Tarik,130034,863
Tarik,177052,399
Tarik,145439,254
Tarik,178644,234
Tarik,131625,943
Tarik,191439,811
Tarik,146699,548
Tarik,170832,258
Tarik,167048,962
Tarik,193266,76
Tarik,174624,652
Tarik,190656,393
Tarik,188337,923
Tarik,100704,441
Tarik,181895,227
Tarik,132755,540
Tarik,124126,228
Tarik,168209,548
Tarik,193714,441
Tarik,120431,5
Tarik,169944,783
Tarik,115201,760
Tarik,199240,933
Tarik,176279,891
Tarik,175497,413
Tarik,148784,698
Tarik,108933,790
Tarik,175717,840
Tarik,109844,820
Tarik,110923,951
Tarik,145003,65
Tarik,192558,631
Tarik,188415,358
Tarik,193916,745
Tarik,123578,892
Tarik,123921,505
Tarik,104269,282
Tarik,187807,570
Tarik,166002,307
Tarik,170194,728
Tarik,175352,10
Tarik,179601,397
Tarik,182656,562
Tarik,104499,529
Tarik,148919,851
Tarik,170671,682
Tarik,199620,967
Tarik,164152,395
Tarik,157356,691
Tarik,153599,360
Tarik,144107,250
Tarik,140045,23
Tarik,117438,751
Tarik,163819,84
Tarik,184778,494
Tarik,139893,250
Tarik,107442,503
Tarik,186435,538
Tarik,174894,834
Tarik,158247,838
Tarik,168581,329
Tarik,197375,696
Tarik,183588,897
Tarik,150694,182
Tarik,153584,128
Tarik,192676,342
Tarik,119104,152
Tarik,120560,284
Tarik,108920,974
Tarik,108353,146
Tarik,157266,125
Tarik,171048,610
Tarik,194756,751
Tarik,141011,75
Tarik,198886,702
Tarik,111249,857
Tarik,144125,230
Tarik,181049,191
Tarik,137209,451
Tarik,153678,945
Tarik,142461,699
Tarik,124263,426
Tarik,193251,820
Tarik,112553,664
Tarik,198456,986
Tarik,194175,931
Tarik,100279,409
Tarik,137715,199
Tarik,180901,397
Tarik,138871,17
Tarik,133421,545
Tarik,147103,304
Tarik,141198,727
Tarik,119169,62
Tarik,166950,799
Tarik,178920,444
Tarik,147488,206
Tarik,144158,160
Tarik,132608,569
Tarik,110419,916
Tarik,134086,794
Tarik,165271,316
Tarik,178712,706
Tarik,189376,436
Tarik,120973,470
Tarik,169216,433
Tarik,122054,521
Tarik,175460,820
Tarik,187190,857
Tarik,180055,986
Tarik,187513,814
Tarik,183471,661
Tarik,126261,891
Tarik,186434,566
Tarik,145347,395
Tarik,101189,744
Tarik,152844,131
Tarik,191577,112
Tarik,162235,381
Tarik,162414,515
Tarik,165919,635
Tarik,153316,448
Tarik,129381,248
Tarik,173508,585
Tarik,157973,456
Tarik,118701,982
Tarik,150967,867
Tarik,129852,952
Tarik,109563,883
Tarik,184996,834
Tarik,139967,493
Tarik,199326,171
Tarik,199758,85
Tarik,132075,544
Tarik,128963,272
Tarik,144913,45
Tarik,189141,353
Tarik,122101,635
Tarik,176429,384
Tarik,141651,794
Tarik,181888,258
Tarik,128979,169
Tarik,118654,781
Tarik,169716,168
Tarik,147594,441
Tarik,127971,72
Tarik,177074,99
Tarik,133551,156
Tarik,179799,337
Tarik,183444,929
Tarik,158564,915
Tarik,166730,306
Tarik,197082,727
Tarik,164172,194
Tarik,118125,56
Tarik,171504,893
Tarik,137403,210
Tarik,139704,337
Tarik,127212,611
Tarik,111906,720
Tarik,184545,310
Tarik,156361,450
Tarik,168088,24
Tarik,197325,736
Tarik,157915,372
Tarik,191476,803
Tarik,135966,433
Tarik,189237,65
Tarik,177961,250
Tarik,160636,975
Tarik,101472,130
Tarik,130305,451
Tarik,127061,734
Tarik,177142,151
Tarik,143384,532
Tarik,138447,927
Tarik,150257,329
Tarik,164344,698
Tarik,176082,534
Tarik,193113,845
Tarik,199846,479
Tarik,153521,300
Tarik,188269,257
Tarik,184606,676
Tarik,192915,759
Tarik,160803,99
Tarik,180531,952
Tarik,102477,82
Tarik,189621,341
Tarik,194931,49
Tarik,106309,553
Tarik,156960,958
Tarik,152113,244
Tarik,113682,283
Tarik,199949,245
Tarik,151581,30
Tarik,106442,752
Tarik,183323,491
Tarik,186548,872
Tarik,103340,999
Tarik,151653,475
Tarik,107304,140
Tarik,133305,561
Tarik,161783,934
Tarik,189821,600
Tarik,118634,101
Tarik,171419,257
Tarik,186000,213
Tarik,192130,833
Tarik,100985,357
Tarik,192106,842
Tarik,176338,917
Tarik,100122,866
Tarik,194631,217
Tarik,177395,199
Tarik,139673,426
Tarik,182697,208
Tarik,104012,832
Tarik,132479,998
Tarik,127657,494
Tarik,157904,319
Tarik,110084,17
Tarik,164401,769
Tarik,103178,708
Tarik,151221,747
Tarik,135300,544
Tarik,125209,912
Tarik,162413,971
Tarik,153194,878
Tarik,100063,97
Tarik,183046,149
Tarik,162389,755
Tarik,126181,634
Tarik,181880,829
Tarik,133055,206
Tarik,194630,261
Tarik,134119,487
Tarik,123238,723
Tarik,161143,964
Tarik,134693,714
Tarik,135165,677
Tarik,165313,17
Tarik,124459,480
Tarik,179932,838
Tarik,130561,482
Tarik,135484,983
Tarik,169463,0
Tarik,164165,548
Tarik,175504,832
Tarik,167962,605
Tarik,142115,522
Tarik,121824,905
Tarik,136950,911
Tarik,125698,548
Tarik,177003,868
Tarik,129078,197
Tarik,187480,142
Tarik,107319,947
Tarik,153139,983
Tarik,105841,404
Tarik,161485,494
Tarik,175218,310
Tarik,141179,547
Tarik,196026,997
Tarik,192296,822
Tarik,110801,352
Tarik,186957,460
Tarik,170999,605
Tarik,175368,715
Tarik,164913,504
Tarik,152689,345
Tarik,196060,503
Tarik,194597,439
Tarik,157572,726
Tarik,126856,746
Tarik,130462,672
Tarik,149604,745
Tarik,195024,36
Tarik,149111,226
Tarik,136450,813
Tarik,197306,25
Tarik,160510,931
Tarik,194109,852
Tarik,190023,599
Tarik,167703,521
Tarik,100809,21
Tarik,159839,578
Tarik,165952,800
Tarik,185713,987
Tarik,196313,128
Tarik,108675,285
Tarik,196518,751
Tarik,136431,319
Tarik,176476,28
Tarik,193240,357
Tarik,110812,77
Tarik,150453,989
Tarik,138444,985
Tarik,171663,985
Tarik,120218,17
Tarik,142584,881
Tarik,191946,543
Tarik,187441,405
Tarik,130197,967
Tarik,109735,362
Tarik,100940,444
Tarik,174065,631
Tarik,191656,72
Tarik,156250,959
Tarik,146725,822
Tarik,185861,373
Tarik,156254,615
Tarik,110114,197
Tarik,123748,250
Tarik,126106,395
Tarik,174453,423
Tarik,193641,606
Tarik,130250,803
Tarik,128635,539
Tarik,169961,445
Tarik,153652,101
Tarik,115314,941
Tarik,168283,466
Tarik,144721,688
Tarik,126038,605
Tarik,156945,985
Tarik,176850,120
Tarik,116352,952
Tarik,181348,435
Tarik,114842,11
Tarik,174520,658
Tarik,154738,851
Tarik,148200,765
Tarik,172975,182
Tarik,130199,771
Tarik,173935,259
Tarik,123962,431
Tarik,116458,239
Tarik,124201,361
Tarik,199010,690
Tarik,114908,122
Tarik,147629,854
Tarik,122122,843
Tarik,118872,939
Tarik,120891,232
Tarik,198750,480
Tarik,132512,310
Tarik,177442,165
Tarik,163991,965
Tarik,144011,551
Tarik,175082,549
Tarik,113182,328
Tarik,189666,637
Tarik,167867,499
Tarik,137390,378
Tarik,119882,579
Tarik,183821,279
Tarik,100135,741
Tarik,134499,196
Tarik,186406,278
Tarik,193953,339
Tarik,105696,508
Tarik,119663,533
Tarik,188228,294
Tarik,154435,117
Tarik,141210,913
Tarik,173116,496
Tarik,106833,472
Tarik,139520,810
Tarik,185981,453
Tarik,123691,786
Tarik,134866,255
Tarik,136867,211
Tarik,172028,973
Tarik,195445,746
Tarik,124867,544
Tarik,108664,25
Tarik,145683,11
Tarik,134592,535
Tarik,104254,964
Tarik,184342,726
Tarik,119346,527
Tarik,152023,156
Tarik,132353,895
Tarik,103751,842
Tarik,112195,340
Tarik,152119,850
Tarik,106629,240
Tarik,173780,442
Tarik,126120,343
Tarik,121795,176
Tarik,133686,969
Tarik,127015,669
Tarik,152792,73
Tarik,104306,366
Tarik,172780,512
Tarik,101882,715
Tarik,178530,222
Tarik,131042,1
Tarik,158381,505
Tarik,109404,226
Tarik,118121,256
Tarik,120588,306
Tarik,185791,874
Tarik,187699,341
Tarik,145934,397
Tarik,142437,866
Tarik,191480,264
Tarik,186762,269
Tarik,121442,198
Tarik,184208,761
Tarik,135822,205
Tarik,127474,358
Tarik,123207,874
Tarik,115004,951
Tarik,137417,284
Tarik,168173,13
Tarik,198293,165
Tarik,126974,678
Tarik,121409,948
Tarik,199968,153
Tarik,160666,394
Tarik,161647,299
Tarik,174178,767
Tarik,112180,468
Tarik,167746,431
Tarik,168501,729
Tarik,102190,629
Tarik,148127,363
Tarik,140863,585
Tarik,166116,758
Tarik,194002,62
Tarik,133238,99
Tarik,118904,65
Tarik,100200,399
Tarik,175811,658
Tarik,138534,157
Tarik,127710,236
Tarik,192749,405
Tarik,180278,906
Tarik,110153,493
Tarik,124595,294
Tarik,104159,81
Tarik,105900,93
Tarik,135383,879
Tarik,134058,413
Tarik,140724,585
Tarik,178330,702
Tarik,179220,781
Tarik,163980,865
Tarik,181410,294
Tarik,138866,534
Tarik,117525,697
Tarik,172354,681
Tarik,110392,402
Tarik,193086,882
Tarik,146797,884
Tarik,145614,126
Tarik,172604,508
Tarik,157520,786
Tarik,151263,351
Tarik,179520,65
Tarik,134792,204
Tarik,164235,459
Tarik,137552,573
Tarik,115005,969
Tarik,108452,769
Tarik,167673,262
Tarik,132310,454
Tarik,156374,834
Tarik,161620,294
Tarik,179442,502
Tarik,159602,67
Tarik,186575,15
Tarik,148465,644
Tarik,123589,279
Tarik,181698,154
Tarik,169484,770
Tarik,168137,849
Tarik,150115,250
Tarik,179047,544
Tarik,104953,424
Tarik,103156,925
Tarik,108911,284
Tarik,137185,869
Tarik,172307,101
Tarik,107484,911
Tarik,110599,964
Tarik,195710,492
Tarik,130130,255
Tarik,180343,305
Tarik,185034,519
Tarik,196581,955
Tarik,163324,146
Tarik,190929,669
Tarik,197088,579
Tarik,171094,353
Tarik,163806,88
Tarik,156503,390
Tarik,181076,490
Tarik,115128,708
Tarik,101991,854
Tarik,191739,439
Tarik,165074,211
Tarik,172769,503
Tarik,126554,438
Tarik,150610,981
Tarik,162376,143
Tarik,173371,213
Tarik,160583,13
Tarik,131032,675
Tarik,166825,268
Tarik,143606,904
Tarik,166745,534
Tarik,140105,765
Tarik,183787,545
Tarik,100315,143
Tarik,132766,32
Tarik,103051,412
Tarik,116659,499
Tarik,121546,913
Tarik,154305,88
Tarik,151103,343
Tarik,120785,520
Tarik,160474,241
Tarik,175369,765
Tarik,184549,316
Tarik,127860,206
Tarik,142937,459
Tarik,172281,248
Tarik,156583,820
Tarik,150822,911
Tarik,135691,299
Tarik,127848,979
Tarik,179092,817
Tarik,105342,353
Tarik,104735,668
Tarik,188395,424
Tarik,160616,68
Tarik,114297,242
Tarik,173682,673
Tarik,123730,530
Tarik,175129,153
Tarik,107250,750
Tarik,188144,257
Tarik,154231,484
Tarik,167256,145
Tarik,157177,14
Tarik,160811,781
Tarik,113112,81
Tarik,167905,894
Tarik,160915,282
Tarik,137545,884
Tarik,190202,978
Tarik,188560,57
Tarik,165333,216
Tarik,192247,724
Tarik,199508,878
Tarik,132861,138
Tarik,194400,138
Tarik,191918,57
Tarik,116596,616
Tarik,138889,269
Tarik,120459,38
Tarik,177992,197
Tarik,169201,138
Tarik,178641,637
Tarik,149635,981
Tarik,146509,171
Tarik,150470,348
Tarik,163458,275
Tarik,144090,49
Tarik,150324,268
Tarik,181121,537
Tarik,144615,607
Tarik,101797,400
Tarik,198217,761
Tarik,160752,559
Tarik,196166,388
Tarik,113581,892
Tarik,142510,457
Tarik,194105,831
Tarik,119041,268
Tarik,147025,955
Tarik,140019,485
Tarik,143699,590
Tarik,191665,170
Tarik,143874,978
Tarik,110918,476
Tarik,114270,49
Tarik,165153,102
Tarik,168878,879
Tarik,161451,872
Tarik,114475,90
Tarik,127315,513
Tarik,185323,435
Tarik,168977,905
Tarik,178058,171
Tarik,172120,96
Tarik,141349,793
Tarik,164909,891
Tarik,186392,783
Tarik,110106,160
Tarik,117329,859
Tarik,112611,943
Tarik,190492,872
Tarik,147318,180
Tarik,129964,554
Tarik,105792,88
Tarik,146250,719
Tarik,176984,169
Tarik,148501,834
Tarik,134143,477
Tarik,192088,893
Tarik,199674,288
Tarik,110807,21
Tarik,133137,271
Tarik,150585,194
Tarik,158819,279
Tarik,165900,357
Tarik,152348,694
Tarik,186058,43
Tarik,139007,960
Tarik,140185,537
Tarik,103923,414
Tarik,144029,15
Tarik,175275,403
Tarik,148027,799
Tarik,163347,911
Tarik,186418,269
Tarik,188152,436
Tarik,179112,430
Tarik,198699,293
Tarik,159924,832
Tarik,147537,424
Tarik,183198,26
Tarik,110814,832
Tarik,134204,842
Tarik,194263,987
Tarik,129421,338
Tarik,142282,268
Tarik,196783,719
Tarik,133430,65
Tarik,169764,285
Tarik,114414,54
Tarik,139450,16
Tarik,180003,704
Tarik,172972,110
Tarik,133874,995
Tarik,107900,135
Tarik,131502,325
Tarik,188408,752
Tarik,140353,863
Tarik,165832,176
Tarik,151580,657
Tarik,199413,699
Tarik,119556,124
Tarik,124131,974
Tarik,136346,292
Tarik,158953,227
Tarik,189846,987
Tarik,118077,739
Tarik,148230,897
Tarik,173701,59
Tarik,119854,223
Tarik,150777,422
Tarik,176192,333
Tarik,169333,435
Tarik,139075,858
Tarik,194463,172
Tarik,177438,751
Tarik,109739,641
Tarik,127588,27
Tarik,118490,358
Tarik,134700,856
Tarik,155367,493
Tarik,186487,191
Tarik,147261,756
Tarik,134441,598
Tarik,171978,839
Tarik,156408,458
Tarik,196922,597
Tarik,102458,776
Tarik,184012,713
Tarik,198600,279
Tarik,156462,407
Tarik,187588,38
Tarik,115420,440
Tarik,165123,754
Tarik,133148,113
Tarik,187702,16
Tarik,154873,812
Tarik,123406,617
Tarik,148481,875
Tarik,174681,409
Tarik,164601,865
Tarik,119548,609
Tarik,142118,450
Tarik,190909,366
Tarik,127822,734
Tarik,194016,256
Tarik,178996,593
Tarik,114060,824
Tarik,185450,899
Tarik,184027,270
Tarik,136157,549
Tarik,140559,796
Tarik,181390,497
Tarik,196902,435
Tarik,178012,542
Tarik,197374,862
Tarik,173691,283
Tarik,193334,246
Tarik,198815,959
Tarik,106917,359
Tarik,136127,458
Tarik,120147,144
Tarik,123352,179
Tarik,137290,356
Tarik,123726,167
Tarik,106535,125
Tarik,187911,745
Tarik,124003,236
Tarik,111408,532
Tarik,192930,949
Tarik,122509,61
Tarik,188885,925
Tarik,196416,440
Tarik,170713,929
Tarik,153330,807
Tarik,165456,62
Tarik,196622,682
Tarik,135151,898
Tarik,198881,392
Tarik,135379,69
Tarik,128165,394
Tarik,121996,820
Tarik,196651,219
Tarik,184212,582
Tarik,191167,599
Tarik,146028,60
Tarik,136010,74
Tarik,173715,441
Tarik,138482,140
Tarik,178082,299
Tarik,132006,617
Tarik,144015,278
Tarik,196370,340
Tarik,143508,362
Tarik,184064,836
Tarik,105393,223
Tarik,199274,147
Tarik,164837,657
Tarik,138828,674
Tarik,138582,551
Tarik,189675,963
Tarik,198577,67
Tarik,151701,799
Tarik,121051,125
Tarik,138022,784
Tarik,183669,624
Tarik,112567,83
Tarik,136516,642
Tarik,149883,829
Tarik,157419,141
Tarik,140585,831
Tarik,120904,393
Tarik,141385,725
Tarik,177373,696
Tarik,181128,986
Tarik,105895,136
Tarik,138864,263
Tarik,165795,164
Tarik,182104,565
Tarik,106208,839
Tarik,185586,982
Tarik,187678,54
Tarik,164770,146
Tarik,109522,652
Tarik,106935,930
Tarik,149388,232
Tarik,144281,525
Tarik,132640,425
Tarik,142850,183
Tarik,165915,1
Tarik,154008,502
Tarik,142964,205
Tarik,112489,400
Tarik,111749,759
Tarik,103264,513
Tarik,130135,84
Tarik,134610,382
Tarik,144886,494
Tarik,176551,371
Tarik,135515,13
Tarik,125506,567
Tarik,120346,483
Tarik,162755,927
Tarik,135599,62
Tarik,144609,59
Tarik,136040,379
Tarik,144910,57
Tarik,124546,558
Tarik,127747,337
Tarik,188641,142
Tarik,155558,326
Tarik,166270,767
Tarik,109663,283
Tarik,139751,365
Tarik,125844,648
Tarik,187144,471
Tarik,160203,365
Tarik,131606,417
Tarik,168487,556
Tarik,125108,321
Tarik,136930,639
Tarik,146638,0
Tarik,114520,297
Tarik,134338,165
Tarik,161660,305
Tarik,110699,531
Tarik,100184,280
Tarik,100668,528
Tarik,176793,729
Tarik,168141,643
Tarik,198037,932
Tarik,147054,323
Tarik,123115,729
Tarik,155249,553
Tarik,167049,697
Tarik,145058,170
Tarik,198704,891
Tarik,101006,90
Tarik,181203,107
Tarik,145866,426
Tarik,130323,101
Tarik,122023,55
Tarik,155604,556
Tarik,161948,715
Tarik,170385,451
Tarik,199335,756
Tarik,189904,193
Tarik,143228,209
Tarik,161431,553
Tarik,154930,588
Tarik,111444,243
Tarik,180155,426
Tarik,188812,648
Tarik,120670,989
Tarik,197353,556
Tarik,123939,824
Tarik,105085,975
Tarik,187976,325
Tarik,190848,275
Tarik,156131,167
Tarik,199932,524
Tarik,132570,301
Tarik,192263,252
Tarik,158875,970
Tarik,150284,257
Tarik,177941,226
Tarik,160393,627
Tarik,177876,48
Tarik,120297,366
Tarik,154744,305
Tarik,129867,78
Tarik,123275,864
Tarik,163399,246
Tarik,151478,805
Tarik,109777,521
Tarik,135361,808
Tarik,107537,783
Tarik,114018,659
Tarik,186757,737
Tarik,198624,328
Tarik,120097,187
Tarik,134946,863
Tarik,174693,334
Tarik,138469,827
Tarik,143042,819
Tarik,141857,632
Tarik,177202,883
Tarik,150211,968
Tarik,187297,592
Tarik,111820,483
Tarik,124821,844
Tarik,132244,622
Tarik,129979,368
Tarik,174633,565
Tarik,171697,701
Tarik,113159,170
Tarik,185186,909
Tarik,192607,674
Tarik,189583,567
Tarik,114377,56
Tarik,175804,375
Tarik,133078,772
Tarik,141782,148
Tarik,199527,235
Tarik,117511,319
Tarik,137873,128
Tarik,156421,127
Tarik,143212,278
Tarik,121013,94
Tarik,123458,530
Tarik,161772,670
Tarik,187446,913
Tarik,156240,585
Tarik,131654,346
Tarik,158013,414
Tarik,116719,578
Tarik,161800,343
Tarik,113795,418
Tarik,105453,393
Tarik,125850,606
Tarik,181663,27
Tarik,157195,892
Tarik,116680,110
Tarik,145418,382
Tarik,155590,914
Tarik,169329,842
Tarik,117596,802
Tarik,198730,472
Tarik,173283,456
Tarik,118179,765
Tarik,113160,971
Tarik,181446,940
Tarik,121906,509
Tarik,121948,801
Tarik,186541,931
Tarik,160850,72
Tarik,127399,133
Tarik,157067,712
Tarik,153092,431
Tarik,153761,908
Tarik,191820,339
Tarik,128000,388
Tarik,177449,323
Tarik,198171,108
Tarik,101446,769
Tarik,121986,520
Tarik,102019,93
Tarik,175189,243
Tarik,153914,996
Tarik,152762,247
Tarik,171612,540
Tarik,177010,323
Tarik,189964,854
Tarik,123407,877
Tarik,118278,486
Tarik,123008,324
Tarik,175917,618
Tarik,174934,838
Tarik,138908,617
Tarik,189895,915
Tarik,103974,154
Tarik,113774,886
Tarik,172228,180
Tarik,186582,771
Tarik,188244,895
Tarik,107566,249
Tarik,130902,372
Tarik,145297,50
Tarik,150995,971
Tarik,126911,3
Tarik,173243,20
Tarik,196189,42
Tarik,188384,977
Tarik,112544,602
Tarik,188061,541
Tarik,115590,433
Tarik,121464,784
Tarik,156877,497
Tarik,171163,501
Tarik,106883,493
Tarik,110187,320
Tarik,149917,880
Tarik,152564,5
Tarik,166619,667
Tarik,187139,101
Tarik,107571,97
Tarik,125401,181
Tarik,195693,943
Tarik,192910,379
Tarik,198255,348
Tarik,158181,37
Tarik,127420,680
Tarik,158749,128
Tarik,124699,731
Tarik,175264,836
Tarik,177758,885
Tarik,150862,586
Tarik,123243,932
Tarik,138383,839
Tarik,188471,928
Tarik,197132,134
Tarik,119664,829
Tarik,195425,540
Tarik,119114,516
Tarik,196051,185
Tarik,116643,719
Tarik,118180,397
Tarik,164256,426
Tarik,156783,384
Tarik,162026,921
Tarik,169545,587
Tarik,102814,622
Tarik,105163,356
Tarik,100907,60
Tarik,102026,410
Tarik,190314,878
Tarik,117675,419
Tarik,124465,283
Tarik,126824,446
Tarik,141280,413
Tarik,155928,286
Tarik,149940,996
Tarik,133108,791
Tarik,144805,85
Tarik,161884,936
Tarik,158792,568
Tarik,123966,348
Tarik,110912,97
Tarik,182126,344
Tarik,127075,375
Tarik,132018,207
Tarik,104207,953
Tarik,183891,702
Tarik,123461,988
Tarik,193067,427
Tarik,148808,892
Tarik,173172,597
Tarik,117742,535
Tarik,185237,661
Tarik,171841,412
Tarik,118258,144
Tarik,109830,131
Tarik,139484,545
Tarik,186622,225
Tarik,144576,541
Tarik,103240,322
Tarik,105850,666
Tarik,179955,243
Tarik,186189,180
Tarik,153784,893
Tarik,198761,552
Tarik,101878,19
Tarik,166181,306
Tarik,120403,964
Tarik,157843,942
Tarik,170284,852
Tarik,114774,224
Tarik,189512,543
Tarik,147495,995
Tarik,182079,755
Tarik,120430,787
Tarik,147467,395
Tarik,171979,762
Tarik,100464,888
Tarik,138435,448
Tarik,124923,767
Tarik,102861,830
Tarik,123487,963
Tarik,116241,819
Tarik,178954,340
Tarik,163821,950
Tarik,116555,880
Tarik,164541,620
Tarik,127679,463
Tarik,170546,384
Tarik,126156,390
Tarik,157721,542
Tarik,170824,691
Tarik,114801,710
Tarik,131750,331
Tarik,142181,941
Tarik,128499,244
Tarik,137028,491
Tarik,102925,272
Tarik,151237,658
Tarik,190961,37
Tarik,191744,738
Tarik,174028,789
Tarik,158272,38
Tarik,188887,586
Tarik,118345,642
Tarik,165818,926
Tarik,162169,173
Tarik,162011,22
Tarik,115383,877
Tarik,135253,465
Tarik,153685,272
Tarik,100658,643
Tarik,193014,64
Tarik,182942,185
Tarik,176598,395
Tarik,156579,236
Tarik,155642,490
Tarik,109662,192
Tarik,102122,314
Tarik,115091,675
Tarik,171131,467
Tarik,126517,321
Tarik,110659,727
Tarik,165528,255
Tarik,183954,805
Tarik,157323,289
Tarik,165960,748
Tarik,188717,677
Tarik,116367,270
Tarik,175751,369
Tarik,153704,247
Tarik,135866,399
Tarik,117081,144
Tarik,109291,546
Tarik,137337,549
Tarik,163803,800
Tarik,123119,489
Tarik,140593,267
Tarik,168293,661
Tarik,176949,622
Tarik,157382,370
Tarik,127839,865
Tarik,127485,685
Tarik,185626,138
Tarik,160498,278
Tarik,139273,328
Tarik,104850,285
Tarik,142320,540
Tarik,151565,799
Tarik,184784,504
Tarik,188208,362
Tarik,146003,523
Tarik,143364,658
Tarik,120805,230
Tarik,120633,513
Tarik,151030,376
Tarik,132361,664
Tarik,109923,674
Tarik,182645,322
Tarik,132619,899
Tarik,186398,484
Tarik,175795,170
Tarik,156031,244
Tarik,117618,854
Tarik,141744,944
Tarik,103021,873
Tarik,131371,455
Tarik,123277,575
Tarik,146005,227
Tarik,182427,77
Tarik,107466,927
Tarik,158468,897
Tarik,114304,764
Tarik,194125,927
Tarik,111160,284
Tarik,148875,227
Tarik,185361,249
Tarik,132666,842
Tarik,144131,922
Tarik,158216,975
Tarik,150394,616
Tarik,149145,737
Tarik,194203,1000
Tarik,117726,335
Tarik,183066,875
Tarik,177451,321
Tarik,116403,156
Tarik,137735,628
Tarik,144172,445
Tarik,129028,171
Tarik,108316,70
Tarik,118280,439
Tarik,132909,265
Tarik,187415,481
Tarik,170396,232
Tarik,157865,257
Tarik,133135,864
Tarik,124623,509
Tarik,188604,304
Tarik,144874,677
Tarik,197315,386
Tarik,165813,752
Tarik,138827,402
Tarik,119760,624
Tarik,197901,222
Tarik,107884,285
Tarik,182127,36
Tarik,149293,138
Tarik,156915,256
Tarik,153381,384
Tarik,147824,927
Tarik,111053,232
Tarik,159419,166
Tarik,143338,605
Tarik,139079,482
Tarik,188252,760
Tarik,165332,708
Tarik,168722,818
Tarik,193062,312
Tarik,126544,470
Tarik,175134,747
Tarik,163846,258
Tarik,164418,163
Tarik,109000,339
Tarik,110194,998
Tarik,189441,511
Tarik,142324,855
Tarik,112191,821
Tarik,109565,579
Tarik,190132,212
Tarik,129988,312
Tarik,155483,977
Tarik,180894,372
Tarik,115317,581
Tarik,111835,710
Tarik,123637,670
Tarik,175537,170
Tarik,149013,369
Tarik,130653,745
Tarik,126674,96
Tarik,177981,123
Tarik,165650,468
Tarik,192531,904
Tarik,129443,397
Tarik,169519,725
Tarik,132988,385
Tarik,107759,598
Tarik,164674,798
Tarik,142567,537
Tarik,107782,320
Tarik,161511,618
Tarik,185455,718
Tarik,111226,736
Tarik,177692,209
Tarik,130957,408
Tarik,170847,60
Tarik,187092,101
Tarik,108858,19
Tarik,187443,684
Tarik,192850,632
Tarik,103302,416
Tarik,182690,959
Tarik,170753,12
Tarik,103432,97
Tarik,146993,62
Tarik,193111,177
Tarik,165073,818
Tarik,132793,661
Tarik,139466,109
Tarik,107333,796
Tarik,154317,490
Tarik,176989,89
Tarik,116051,79
Tarik,140028,992
Tarik,180744,295
Tarik,153512,567
Tarik,125297,46
Tarik,113318,627
Tarik,159129,485
Tarik,183175,865
Tarik,181730,25
Tarik,163297,951
Tarik,165687,46
Tarik,122736,562
Tarik,194600,852
Tarik,180927,38
Tarik,143912,629
Tarik,124590,14
Tarik,176170,586
Tarik,138837,349
Tarik,199717,10
Tarik,119151,903
Tarik,169337,74
Tarik,181296,136
Tarik,129763,642
Tarik,112697,965
Tarik,112403,921
Tarik,151884,435
Tarik,193034,565
Tarik,176659,240
Tarik,141312,592
Tarik,133985,647
Tarik,123297,276
Tarik,101741,50
Tarik,120072,215
Tarik,145269,374
Tarik,160179,996
Tarik,144827,512
Tarik,135131,239
Tarik,168800,44
Tarik,118599,720
Tarik,156965,857
Tarik,125371,251
Tarik,117974,423
Tarik,189573,375
Tarik,184366,281
Tarik,147525,212
Tarik,112522,352
Tarik,174449,235
Tarik,194359,162
Tarik,115905,53
Tarik,120644,11
Tarik,150281,900
Tarik,187734,317
Tarik,127397,765
Tarik,199312,977
Tarik,141795,850
Tarik,168331,633
Tarik,183395,530
Tarik,195256,842
Tarik,118641,135
Tarik,152804,934
Tarik,153385,596
Tarik,177900,581
Tarik,112790,454
Tarik,184588,110
Tarik,173253,288
Tarik,126673,575
Tarik,134012,105
Tarik,145162,211
Tarik,170756,336
Tarik,114897,413
Tarik,163665,524
Tarik,183448,132
Tarik,186310,145
Tarik,152165,614
Tarik,193918,110
Tarik,119561,576
Tarik,171619,301
Tarik,165797,850
Tarik,166749,501
Tarik,160726,858
Tarik,108433,191
Tarik,169998,824
Tarik,170674,711
Tarik,199961,368
Tarik,112356,759
Tarik,170741,230
Tarik,165058,165
Tarik,117246,736
Tarik,173716,559
Tarik,151550,975
Tarik,139058,185
Tarik,199714,764
Tarik,156015,281
Tarik,196447,691
Tarik,197960,827
Tarik,142244,617
Tarik,172979,406
Tarik,136612,933
Tarik,152053,911
Tarik,154755,35
Tarik,136798,463
Tarik,116366,614
Tarik,169700,207
Tarik,159609,874
Tarik,117108,591
Tarik,179465,451
Tarik,186730,107
Tarik,115152,767
Tarik,128354,924
Tarik,198544,896
Tarik,185823,209
Tarik,115012,922
Tarik,199008,381
Tarik,155186,516
Tarik,176269,21
Tarik,123148,110
Tarik,108015,956
Tarik,141368,432
Tarik,121119,189
Tarik,128738,763
Tarik,104931,47
Tarik,174849,171
Tarik,180035,397
Tarik,138652,363
Tarik,193168,813
Tarik,131813,235
Tarik,104960,894
Tad,179489,668
Tad,122440,180
Tad,150379,951
Tad,155467,421
Tad,118504,385
Tad,141700,929
Tad,199793,163
Tad,195406,955
Tad,145585,509
Tad,113171,605
Tad,136199,436
Tad,173969,978
Tad,166053,242
Tad,181917,566
Tad,175839,58
Tad,195370,34
Tad,100784,473
Tad,185637,217
Tad,138860,727
Tad,113647,296
Tad,101909,406
Tad,139882,119
Tad,162750,538
Tad,124490,973
Tad,138680,964
Tad,168938,916
Tad,197076,560
Tad,185717,501
Tad,108145,311
Tad,169650,850
Tad,110685,735
Tad,121820,331
Tad,113985,954
Tad,114451,261
Tad,199085,481
Tad,161047,907
Tad,170413,99
Tad,124545,223
Tad,173529,856
Tad,127867,859
Tad,148435,898
Tad,102520,988
Tad,195605,130
Tad,186576,836
Tad,169594,782
Tad,168653,717
Tad,112652,554
Tad,196141,612
Tad,199514,266
Tad,113636,45
Tad,181209,196
Tad,118020,155
Tad,152582,226
Tad,194615,447
Tad,154079,934
Tad,198017,460
Tad,174875,908
Tad,179851,151
Tad,119610,873
Tad,168063,4
Tad,112058,681
Tad,123343,93
Tad,195139,552
Tad,193727,18
Tad,159575,510
Tad,194495,33
Tad,152829,477
Tad,185695,451
Tad,151349,430
Tad,107652,573
Tad,188829,437
Tad,113501,741
Tad,121079,547
Tad,156486,131
Tad,157750,845
Tad,109007,97
Tad,181388,973
Tad,151485,714
Tad,161727,321
Tad,151029,713
Tad,160817,149
Tad,144089,822
Tad,127476,432
Tad,154902,624
Tad,103064,5
Tad,178334,258
Tad,180580,22
Tad,116073,499
Tad,102767,654
Tad,126103,626
Tad,182163,953
Tad,132968,182
Tad,119862,19
Tad,152941,609
Tad,148732,681
Tad,164492,594
Tad,111942,102
Tad,136783,661
Tad,193639,803
Tad,163437,932
Tad,182694,552
Tad,166309,577
Tad,142726,340
Tad,179445,166
Tad,194960,77
Tad,176176,877
Tad,123842,363
Tad,124499,58
Tad,138109,696
Tad,158987,873
Tad,125130,968
Tad,123880,758
Tad,199410,668
Tad,192465,557
Tad,101866,478
Tad,195464,981
Tad,152478,163
Tad,124662,720
Tad,156091,937
Tad,119905,806
Tad,124420,12
Tad,198355,157
Tad,129018,342
Tad,108786,409
Tad,125570,92
Tad,130402,474
Tad,172812,439
Tad,178851,503
Tad,174172,694
Tad,114069,241
Tad,131541,272
Tad,165269,239
Tad,142954,968
Tad,123180,631
Tad,102101,840
Tad,108914,660
Tad,159151,253
Tad,102136,779
Tad,157083,895
Tad,176686,853
Tad,176664,823
Tad,196093,690
Tad,194853,622
Tad,139260,892
Tad,102046,409
Tad,128978,507
Tad,182788,448
Tad,180786,473
Tad,103748,453
Tad,158590,614
Tad,149680,857
Tad,109445,326
Tad,120943,984
Tad,141713,310
Tad,185946,746
Tad,110971,938
Tad,128182,141
Tad,192442,940
Tad,147984,523
Tad,191806,647
Tad,157453,828
Tad,160727,172
Tad,151706,455
Tad,115403,442
Tad,128258,173
Tad,181797,193
Tad,158143,724
Tad,159499,714
Tad,166832,290
Tad,123743,21
Tad,174944,337
Tad,172702,681
Tad,140140,504
Tad,107285,917
Tad,119223,811
Tad,163368,550
Tad,145689,737
Tad,112320,97
Tad,129269,915
Tad,108470,664
Tad,198902,54
Tad,117082,297
Tad,164741,807
Tad,107510,558
Tad,129793,382
Tad,134383,943
Tad,176696,242
Tad,127020,38
Tad,102440,169
Tad,189519,267
Tad,146279,284
Tad,137727,550
Tad,168700,7
Tad,150074,383
Tad,105207,569
Tad,166214,565
Tad,131577,251
Tad,107228,455
Tad,163335,50
Tad,114978,978
Tad,193314,681
Tad,119970,321
Tad,167993,995
Tad,175478,78
Tad,191563,109
Tad,182284,219
Tad,137976,152
Tad,137381,492
Tad,121540,262
Tad,188393,295
Tad,152674,580
Tad,149279,851
Tad,120027,746
Tad,176064,559
Tad,121932,811
Tad,178596,135
Tad,107055,143
Tad,167803,479
Tad,168554,880
Tad,152338,335
Tad,141324,172
Tad,131233,347
Tad,113509,412
Tad,147579,144
Tad,171574,313
Tad,105612,111
Tad,101454,481
Tad,104869,863
Tad,180194,660
Tad,154069,605
Tad,140275,816
Tad,112021,773
Tad,186187,520
Tad,197999,600
Tad,189958,388
Tad,154453,142
Tad,125865,266
Tad,122016,448
Tad,143104,459
Tad,118325,330
Tad,108209,658
Tad,190079,659
Tad,112708,615
Tad,144997,372
Tad,149945,912
Tad,177713,233
Tad,112243,498
Tad,149802,247
Tad,118406,740
Tad,113474,646
Tad,125677,428
Tad,160707,223
Tad,140203,641
Tad,164989,716
Tad,162080,12
Tad,196006,510
Tad,162294,344
Tad,117484,316
Tad,192938,956
Tad,136983,20
Tad,191236,583
Tad,181567,697
Tad,127972,447
Tad,105366,309
Tad,179384,473
Tad,186072,960
Tad,197367,743
Tad,126604,247
Tad,109835,189
Tad,140943,159
Tad,173588,554
Tad,155520,584
Tad,108605,983
Tad,196398,946
Tad,150557,967
Tad,129412,854
Tad,172380,134
Tad,154834,307
Tad,119280,32
Tad,152261,801
Tad,150907,356
Tad,191248,811
Tad,174480,993
Tad,183903,843
Tad,168095,538
Tad,135326,931
Tad,113571,581
Tad,176683,686
Tad,162409,337
Tad,140456,976
Tad,136696,71
Tad,147138,835
Tad,104196,137
Tad,116211,836
Tad,170375,735
Tad,158458,886
Tad,162127,505
Tad,134224,914
Tad,164091,412
Tad,197253,345
Tad,132751,557
Tad,199398,805
Tad,191026,367
Tad,169771,352
Tad,159373,646
Tad,174916,259
Tad,116166,460
Tad,148577,101
Tad,142042,668
Tad,151542,492
Tad,134655,88
Tad,135068,622
Tad,199897,816
Tad,134361,718
Tad,126129,336
Tad,115440,885
Tad,190609,926
Tad,128637,880
Tad,105440,961
Tad,146955,786
Tad,170179,715
Tad,125191,187
Tad,197544,501
Tad,186935,85
Tad,170486,155
Tad,162058,109
Tad,102867,281
Tad,176165,373
Tad,112442,894
Tad,134053,141
Tad,179978,969
Tad,139297,299
Tad,105960,346
Tad,163319,904
Tad,193513,708
Tad,117712,641
Tad,188349,641
Tad,166021,131
Tad,167422,592
Tad,128977,308
Tad,131728,745
Tad,100502,946
Tad,104265,302
Tad,146578,591
Tad,103840,342
Tad,166604,521
Tad,170210,299
Tad,142362,913
Tad,121145,974
Tad,189719,849
Tad,172810,776
Tad,107207,387
Tad,195783,797
Tad,173441,36
Tad,133480,459
Tad,111290,322
Tad,135225,784
Tad,198080,153
Tad,177714,448
Tad,167761,877
Tad,138664,607
Tad,143317,943
Tad,164753,986
Tad,161560,515
Tad,130101,10
Tad,129543,994
Tad,161692,249
Tad,153726,306
Tad,147205,598
Tad,192659,709
Tad,146443,525
Tad,198188,196
Tad,100852,579
Tad,114751,406
Tad,188402,985
Tad,162621,514
Tad,151834,144
Tad,159544,530
Tad,159233,542
Tad,134399,808
Tad,123061,264
Tad,161015,613
Tad,195551,163
Tad,176604,710
Tad,107763,436
Tad,100067,615
Tad,107167,930
Tad,124790,558
Tad,125294,766
Tad,166378,474
Tad,191507,998
Tad,113849,175
Tad,192439,302
Tad,131720,820
Tad,122969,313
Tad,187793,638
Tad,103770,833
Tad,107933,60
Tad,160092,630
Tad,167343,738
Tad,105586,959
Tad,100799,999
Tad,116380,744
Tad,145541,110
Tad,145757,281
Tad,178795,106
Tad,118044,673
Tad,103557,167
Tad,120599,140
Tad,190262,282
Tad,112387,81
Tad,150229,767
Tad,143692,629
Tad,183677,804
Tad,150821,880
Tad,108892,968
Tad,137853,908
Tad,151897,513
Tad,114031,687
Tad,164145,492
Tad,158914,455
Tad,163948,505
Tad,114764,491
Tad,143837,477
Tad,160953,253
Tad,125151,224
Tad,196055,641
Tad,143704,475
Tad,109838,541
Tad,175084,43
Tad,143187,575
Tad,171315,656
Tad,110412,955
Tad,194697,570
Tad,143054,252
Tad,162776,62
Tad,176107,932
Tad,199181,92
Tad,152640,162
Tad,135918,652
Tad,175288,259
Tad,186199,913
Tad,114557,239
Tad,105113,352
Tad,135736,193
Tad,103787,773
Tad,147975,470
Tad,178084,834
Tad,118572,52
Tad,198107,875
Tad,188693,940
Tad,119475,759
Tad,186358,287
Tad,111063,917
Tad,138240,472
Tad,133229,44
Tad,199552,601
Tad,170528,796
Tad,196294,237
Tad,171786,182
Tad,166221,473
Tad,189436,694
Tad,100768,791
Tad,112922,433
Tad,135086,371
Tad,190209,951
Tad,105125,312
Tad,183234,54
Tad,129581,354
Tad,126249,829
Tad,135814,554
Tad,137886,549
Tad,119958,62
Tad,150118,795
Tad,199891,628
Tad,194670,30
Tad,188043,221
Tad,166155,54
Tad,150846,971
Tad,112032,434
Tad,180109,870
Tad,172771,2
Tad,186355,911
Tad,175652,548
Tad,198451,855
Tad,192310,683
Tad,151194,341
Tad,171844,23
Tad,141269,556
Tad,120893,790
Tad,195992,284
Tad,161375,625
Tad,161769,156
Tad,138156,179
Tad,158946,321
Tad,150037,932
Tad,163592,339
Tad,152038,16
Tad,143869,975
Tad,191587,792
Tad,156381,233
Tad,119686,669
Tad,100447,196
Tad,130578,810
Tad,181956,823
Tad,196425,607
Tad,147220,46
Tad,108386,102
Tad,134961,906
Tad,116906,690
Tad,105157,131
Tad,108596,349
Tad,160511,987
Tad,140877,265
Tad,129349,288
Tad,149798,389
Tad,164287,155
Tad,163862,660
Tad,124172,440
Tad,197807,748
Tad,150135,496
Tad,185347,720
Tad,137029,85
Tad,105837,779
Tad,161000,165
Tad,129010,557
Tad,126483,26
Tad,162844,54
Tad,122827,273
Tad,129311,857
Tad,175642,245
Tad,144058,675
Tad,174072,973
Tad,159226,742
Tad,128895,994
Tad,161442,524
Tad,111263,46
Tad,179830,809
Tad,130935,625
Tad,175041,312
Tad,177857,405
Tad,195282,989
Tad,192815,478
Tad,167088,810
Tad,180010,534
Tad,114979,328
Tad,167963,886
Tad,111743,707
Tad,116509,950
Tad,113238,945
Tad,166451,924
Tad,143185,220
Tad,159252,207
Tad,181317,924
Tad,166398,181
Tad,197476,967
Tad,175793,160
Tad,117659,760
Tad,144425,198
Tad,185990,430
Tad,176284,564
Tad,199574,505
Tad,154439,232
Tad,121909,229
Tad,157798,278
Tad,144865,515
Tad,117142,842
Tad,120916,768
Tad,114881,504
Tad,147834,269
Tad,115579,284
Tad,116603,416
Tad,146576,571
Tad,159276,964
Tad,111312,320
Tad,159971,245
Tad,123521,910
Tad,139147,797
Tad,149957,707
Tad,141059,567
Tad,171475,927
Tad,172179,346
Tad,138980,56
Tad,181056,701
Tad,166576,973
Tad,161446,652
Tad,104981,522
Tad,171076,186
Tad,110366,168
Tad,114494,917
Tad,108716,623
Tad,116976,597
Tad,140708,527
Tad,154806,371
Tad,144689,362
Tad,198864,745
Tad,184086,846
Tad,116746,142
Tad,154006,388
Tad,162631,48
Tad,117055,515
Tad,115695,686
Tad,169810,759
Tad,136559,517
Tad,178965,188
Tad,153276,596
Tad,104741,978
Tad,149784,653
Tad,157941,496
Tad,111692,505
Tad,110323,403
Tad,133986,123
Tad,110269,183
Tad,157290,536
Tad,127708,75
Tad,101621,152
Tad,146669,776
Tad,172782,223
Tad,122159,323
Tad,119075,604
Tad,192205,930
Tad,148618,110
Tad,136358,813
Tad,171362,781
Tad,166298,168
Tad,169430,709
Tad,191275,124
Tad,129281,194
Tad,149135,490
Tad,196479,475
Tad,124824,679
Tad,137814,224
Tad,181517,160
Tad,130676,375
Tad,176314,247
Tad,107602,962
Tad,179938,917
Tad,162061,96
Tad,161883,767
Tad,124185,268
Tad,102009,965
Tad,132795,225
Tad,138703,783
Tad,129918,325
Tad,178191,559
Tad,174191,817
Tad,121704,271
Tad,172148,974
Tad,199796,416
Tad,121627,439
Tad,193828,672
Tad,132660,923
Tad,104121,309
Tad,109283,838
Tad,187834,612
Tad,186929,952
Tad,112514,739
Tad,187091,143
Tad,116127,479
Tad,181757,562
Tad,115688,162
Tad,168586,59
Tad,182566,154
Tad,110767,155
Tad,177345,736
Tad,174320,789
Tad,122683,516
Tad,151300,237
Tad,129589,978
Tad,122748,776
Tad,180533,630
Tad,112909,787
Tad,155693,273
Tad,106806,468
Tad,104579,596
Tad,161090,584
Tad,177640,31
Tad,190992,488
Tad,151305,287
Tad,165115,846
Tad,121769,364
Tad,133725,887
Tad,134205,532
Tad,187219,373
Tad,185435,895
Tad,145103,705
Tad,150782,873
Tad,142793,797
Tad,172284,547
Tad,191492,179
Tad,131302,315
Tad,139034,10
Tad,183320,476
Tad,128990,602
Tad,150163,9
Tad,174764,270
Tad,145858,627
Tad,194137,896
Tad,101411,69
Tad,153093,589
Tad,158253,305
Tad,197467,560
Tad,158135,402
Tad,101625,576
Tad,168391,848
Tad,124079,181
Tad,146459,933
Tad,198709,569
Tad,109821,121
Tad,110221,625
Tad,140909,987
Tad,170857,916
Tad,147422,669
Tad,193327,808
Tad,152778,967
Tad,167564,3
Tad,159702,229
Tad,136989,37
Tad,173776,92
Tad,190513,408
Tad,163091,893
Tad,172550,103
Tad,184440,681
Tad,135731,317
Tad,168906,753
Tad,123778,122
Tad,169959,399
Tad,159877,170
Tad,144671,802
Tad,160572,363
Tad,172799,421
Tad,159955,643
Tad,139914,865
Tad,172854,829
Tad,117409,448
Tad,170077,353
Tad,159816,509
Tad,165300,413
Tad,168272,495
Tad,127795,624
Tad,189042,680
Tad,114722,787
Tad,160829,665
Tad,168385,683
Tad,177208,308
Tad,161305,718
Tad,128323,568
Tad,169172,626
Tad,175188,729
Tad,176737,658
Tad,197219,305
Tad,164918,540
Tad,102855,420
Tad,129033,682
Tad,193459,80
Tad,131130,682
Tad,153748,483
Tad,156030,467
Tad,185647,694
Tad,133175,647
Tad,136452,689
Tad,156832,3
Tad,136848,854
Tad,168829,771
Tad,137415,951
Tad,159142,706
Tad,114638,531
Tad,122722,767
Tad,196763,649
Tad,139954,223
Tad,129196,743
Tad,176035,604
Tad,142006,560
Tad,148433,10
Tad,164262,754
Tad,162951,526
Tad,113113,170
Tad,133191,386
Tad,177840,533
Tad,117271,82
Tad,150729,394
Tad,115187,520
Tad,179904,204
Tad,100098,856
Tad,136793,886
Tad,146817,747
Tad,122490,57
Tad,198687,842
Tad,162219,54
Tad,153336,60
Tad,120019,97
Tad,194426,717
Tad,169082,739
Tad,146110,572
Tad,110061,771
Tad,136679,993
Tad,190708,976
Tad,130960,564
Tad,165019,881
Tad,142614,881
Tad,141570,553
Tad,108564,249
Tad,104328,878
Tad,168312,105
Tad,196562,799
Tad,163111,926
Tad,126728,818
Tad,114151,339
Tad,123304,172
Tad,178252,183
Tad,188266,135
Tad,118292,319
Tad,122083,751
Tad,112200,32
Tad,193996,180
Tad,159139,510
Tad,116323,535
Tad,151159,135
Tad,113809,226
Tad,164784,26
Tad,150886,921
Tad,116940,693
Tad,104922,262
Tad,169768,893
Tad,168981,487
Tad,125842,515
Tad,117663,914
Tad,183343,852
Tad,167847,966
Tad,108988,388
Tad,182973,789
Tad,163071,376
Tad,161576,449
Tad,144508,624
Tad,121895,436
Tad,191660,962
Tad,177452,727
Tad,144832,238
Tad,172949,561
Tad,124949,615
Tad,101140,519
Tad,178934,922
Tad,190001,163
Tad,126972,974
Tad,157636,563
Tad,159579,395
Tad,193242,739
Tad,101860,771
Tad,167354,168
Tad,104296,763
Tad,195309,51
Tad,153485,480
Tad,179846,528
Tad,161278,771
Tad,154091,867
Tad,110897,891
Tad,140898,898
Tad,177153,154
Tad,138322,2
Tad,138247,383
Tad,144555,551
Tad,181377,904
Tad,197908,186
Tad,154585,63
Tad,126073,420
Tad,167227,78
Tad,124407,589
Tad,197946,637
Tad,193915,616
Tad,105405,528
Tad,195596,972
Tad,189902,200
Tad,123233,665
Tad,101447,663
Tad,148146,71
Tad,121254,476
Tad,103828,886
Tad,176626,945
Tad,199797,939
Tad,131320,472
Tad,136940,82
Tad,125252,260
Tad,151947,39
Tad,174295,53
Tad,173793,694
Tad,178011,675
Tad,148193,896
Tad,117430,511
Tad,194901,4
Tad,166984,985
Tad,149385,487
Tad,194323,326
Tad,159412,507
Tad,193375,302
Tad,160070,899
Tad,110166,357
Tad,156852,210
Tad,173411,106
Tad,194813,495
Tad,170988,715
Tad,161985,456
Tad,191719,23
Tad,185311,979
Tad,127116,238
Tad,179016,516
Tad,174727,86
Tad,153999,892
Tad,139026,13
Tad,168885,243
Tad,195069,240
Tad,149160,560
Tad,166220,864
Tad,142883,985
Tad,155550,397
Tad,154613,628
Tad,180801,160
Tad,192419,990
Tad,181124,326
Tad,139179,642
Tad,110904,511
Tad,169002,947
Tad,186843,149
Tad,122397,324
Tad,189684,714
Tad,182429,723
Tad,150151,905
Tad,119568,322
Tad,174699,603
Tad,165367,494
Tad,178328,241
Tad,121208,573
Tad,152277,662
Tad,173892,108
Tad,174233,947
Tad,170331,103
Tad,173936,153
Tad,128296,135
Tad,197186,731
Tad,176063,252
Tad,199330,179
Tad,186646,999
Tad,166271,1000
Tad,187560,840
Tad,117313,219
Tad,107649,674
Tad,129828,810
Tad,132191,774
Tad,161820,653
Tad,100991,969
Tad,106684,342
Tad,134438,874
Tad,113163,236
Tad,133699,303
Tad,186521,516
Tad,174468,910
Tad,178588,93
Tad,153929,357
Tad,152542,886
Tad,110238,613
Tad,168475,527
Tad,121823,88
Tad,162084,182
Tad,125775,579
Tad,173026,188
Tad,153686,386
Tad,132543,449
Tad,111153,882
Tad,187120,430
Tad,112383,214
Tad,116133,852
Tad,191203,624
Tad,140603,747
Tad,151575,837
Tad,135134,933
Tad,112533,59
Tad,140381,591
Tad,145193,522
Tad,102164,628
Tad,105443,901
Tad,112773,11
Tad,101032,747
Tad,160795,366
Tad,171183,540
Tad,198943,711
Tad,138464,312
Tad,159659,107
Tad,128024,39
Tad,130580,279
Tad,182799,731
Tad,131609,859
Tad,173786,926
Tad,146764,134
Tad,171866,718
Tad,177038,902
Tad,166661,200
Tad,122082,552
Tad,150421,211
Tad,142444,418
Tad,112277,444
Tad,138220,549
Tad,104556,561
Tad,146081,370
Tad,190049,898
Tad,111848,212
Tad,108974,342
Tad,190177,901
Tad,176325,192
Tad,159102,550
Tad,197749,514
Tad,157355,613
Tad,103833,233
Tad,141627,905
Tad,123022,133
Tad,123283,772
Tad,187101,273
Tad,177643,189
Tad,165844,746
Tad,198960,56
Tad,172313,554
Tad,128690,804
Tad,113768,948
Tad,136636,287
Tad,184011,477
Tad,116748,998
Tad,186437,969
Tad,161961,720
Tad,117914,54
Tad,184909,950
Tad,181107,636
Tad,140206,985
Tad,174980,778
Tad,187264,503
Tad,178463,590
Tad,117763,748
Tad,109428,338
Tad,125484,900
Tad,182286,786
Tad,123062,212
Tad,188175,544
Tad,111576,885
Tad,103481,133
Tad,138746,790
Tad,101671,924
Tad,165009,692
Tad,165222,685
Tad,157802,234
Tad,171511,43
Tad,113857,386
Tad,177814,695
Tad,104820,187
Tad,179602,457
Tad,153205,404
Tad,136550,788
Tad,100504,916
Tad,188258,886
Tad,183995,92
Tad,123583,148
Tad,103618,692
Tad,134271,551
Tad,175971,770
Tad,113298,57
Tad,166546,64
Tad,180069,185
Tad,193920,255
Tad,191562,657
Tad,102243,319
Tad,129640,321
Tad,178501,293
Tad,175579,795
Tad,129759,33
Tad,147899,684
Tad,184824,801
Tad,144527,680
Tad,177418,151
Tad,183691,769
Tad,181306,571
Tad,155944,865
Tad,170141,960
Tad,125110,545
Tad,190374,107
Tad,155895,701
Tad,160340,860
Tad,199342,828
Tad,110028,121
Tad,144452,919
Tad,175672,445
Tad,144193,582
Tad,149348,804
Tad,183870,38
Tad,179476,147
Tad,125257,706
Tad,105664,746
Tad,139088,844
Tad,167092,850
Tad,106718,217
Tad,154318,292
Tad,127309,100
Tad,110784,86
Tad,140144,417
Tad,155917,595
Tad,193287,382
Tad,169306,665
Tad,145013,468
Tad,132800,100
Tad,160885,147
Tad,122618,429
Tad,165591,779
Tad,141794,434
Tad,122893,6
Tad,176791,741
Tad,187010,930
Tad,176798,800
Tad,144795,272
Tad,163195,461
Tad,156332,22
Tad,150152,161
Tad,195463,285
Tad,194295,851
Tad,146485,93
Tad,140968,783
Tad,138527,446
Tad,162123,2
Tad,116077,348
Tad,159189,647
Tad,159899,676
Tad,105766,189
Tad,103328,512
Tad,106432,51
Tad,153335,726
Tad,119495,355
Tad,163258,440
Tad,139283,747
Tad,100394,838
Tad,124493,464
Tad,130275,386
Tad,191620,692
Tad,138050,684
Tad,184489,423
Tad,173789,735
Tad,121108,397
Tad,154759,666
Tad,135073,460
Tad,197413,929
Tad,152649,468
Tad,138293,87
Tad,170415,851
Tad,153422,95
Tad,120064,834
Tad,194152,627
Tad,194059,171
Tad,110234,634
Tad,190155,995
Tad,141268,650
Tad,189212,679
Tad,105277,681
Tad,137657,532
Tad,140451,781
Tad,130417,667
Tad,143178,500
Tad,106385,340
Tad,107595,629
Tad,118675,695
Tad,105147,541
Tad,116013,191
Tad,142813,188
Tad,164803,305
Tad,194345,304
Tad,132857,652
Tad,100867,440
Tad,142525,793
Tad,130862,739
Tad,108855,150
Tad,140756,927
Tad,101163,283
Tad,123034,607
Tad,143662,464
Tad,183593,114
Tad,179822,457
Tad,161198,725
Tad,141949,736
Tad,198060,522
Tad,141180,33
Tad,171484,47
Tad,174623,119
Tad,189291,226
Tad,173599,241
Tad,160952,237
Tad,141600,97
Tad,107764,647
Tad,174372,566
Tad,167358,833
Tad,187282,400
Tad,147788,738
Tad,189037,123
Tad,146559,902
Tad,120523,899
Tad,135123,81
Tad,108104,845
Tad,100578,153
Tad,122646,63
Tad,199279,760
Tad,185661,351
Tad,103392,337
Tad,130586,627
Tad,101826,359
Tad,167012,909
Tad,160210,557
Tad,115610,7
Tad,124295,221
Tad,174926,704
Tad,152550,379
Tad,110970,371
Tad,179722,771
Tad,134036,47
Tad,177724,741
Tad,108288,483
Tad,105714,519
Tad,150029,558
Tad,185589,391
Tad,122416,21
Tad,121955,429
Tad,177416,58
Tad,125096,579
Tad,104297,895
Tad,159279,305
Tad,182001,658
Tad,192067,160
Tad,106275,381
Tad,109929,970
Tad,192349,440
Tad,167023,845
Tad,178356,888
Tad,153751,83
Tad,163145,608
Tad,196132,422
Tad,178028,898
Tad,108343,498
Tad,114869,691
Tad,179981,221
Tad,163367,97
Tad,174848,483
Tad,135996,622
Tad,161577,590
Tad,141914,731
Tad,198067,896
Tad,134781,574
Tad,126463,998
Tad,136618,63
Tad,147791,179
Tad,137869,786
Tad,164621,853
Tad,148765,80
Tad,177766,68
Tad,152006,460
Tad,103359,795
Tad,104561,617
Tad,164667,540
Tad,156278,940
Tad,169196,632
Tad,183054,470
Tad,117906,796
Tad,128710,249
Tad,192826,346
Tad,188823,196
Tad,108757,223
Tad,185140,767
Tad,160315,129
Tad,191226,586
Tad,181279,652
Tad,129929,987
Tad,132354,966
Tad,124294,503
Tad,181045,280
Tad,175136,946
Tad,198601,768
Tad,119366,873
Tad,177938,790
Tad,189762,62
Tad,115418,637
Tad,145582,825
Tad,117698,959
Tad,176489,971
Tad,105561,600
Tad,118554,651
Tad,100406,827
Tad,110552,789
Tad,193058,624
Tad,114391,646
Tad,185585,637
Tad,115824,726
Tad,199598,332
Tad,178089,949
Tad,195312,495
Tad,170755,380
Tad,145701,144
Tad,195808,699
Tad,145846,664
Tad,123251,709
Tad,194307,122
Tad,150555,187
Tad,125158,697
Tad,147045,807
Tad,106085,34
Tad,100087,107
Tad,165362,65
Tad,143565,357
Tad,189500,984
Tad,122972,63
Tad,172147,54
Tad,153497,406
Tad,180534,732
Tad,119305,401
Tad,149578,143
Tad,199248,147
Tad,143797,268
Tad,123536,932
Tad,142023,733
Tad,174938,369
Tad,160154,229
Tad,110443,693
Tad,149941,795
Tad,139632,33
Tad,108405,333
Tad,107674,73
Tad,181810,65
Tad,105616,434
Tad,170967,505
Tad,115728,647
Tad,168535,154
Tad,155220,846
Tad,100556,553
Tad,197284,107
Tad,165990,620
Tad,168423,200
Tad,105630,673
Tad,175510,209
Tad,149452,612
Tad,176056,823
Tad,117068,203
Tad,166819,948
Tad,172665,14
Tad,142467,78
Tad,104702,899
Tad,188732,20
Tad,158653,190
Tad,179049,719
Tad,110589,528
Tad,123660,380
Tad,167245,948
Tad,194575,932
Tad,180411,904
Tad,107486,874
Tad,103531,254
Tad,171322,893
Tad,134542,201
Tad,175961,820
Tad,154248,91
Tad,158978,378
Tad,194903,967
Tad,131859,720
Tad,158395,303
Tad,141710,664
Tad,122853,379
Tad,190434,714
Tad,183528,770
Tad,193938,625
Tad,111072,320
Tad,185960,412
Tad,134881,981
Tad,149124,386
Tad,167510,289
Tad,122822,940
Tad,105483,914
Tad,109537,761
Tad,132733,9
Tad,134475,124
Tad,102839,926
Tad,174497,11
Tad,129294,643
Tad,104911,78
Tad,136237,705
Tad,170326,428
Tad,100338,444
Tad,195236,850
Tad,143460,449
Tad,191213,684
Tad,185187,98
Tad,170728,655
Tad,159259,835
Tad,196365,667
Tad,150212,522
Tad,199907,680
Tad,107951,422
Tad,137876,978
Tad,188242,442
Tad,182669,827
Tad,119032,232
Tad,114743,912
Tad,183251,937
Tad,160317,356
Tad,140814,21
Tad,195037,133
Tad,108122,743
Tad,192976,99
Tad,156862,533
Tad,128241,413
Tad,114027,342
Tad,137980,241
Tad,142377,789
Tad,198906,425
Tad,151283,692
Tad,142881,882
Tad,102733,66
Tad,118064,540
Tad,107465,61
Tad,189746,210
Tad,192875,942
Tad,146807,115
Tad,133818,126
Tad,172005,428
Tad,190167,543
Tad,193707,826
Tad,170603,980
Tad,130189,286
Tad,175423,387
Tad,120198,314
Tad,126791,206
Tad,159913,531
Tad,121212,169
Tad,137176,187
Tad,132510,866
Tad,173603,659
Tad,137194,524
Tad,128010,637
Tad,169449,75
Tad,128582,591
Tad,165599,808
Tad,121945,367
Tad,198361,569
Tad,197552,586
Tad,176243,320
Tad,195042,758
Tad,113176,757
Tad,133394,615
Tad,150716,124
Tad,114699,574
Tad,123763,353
Tad,117388,195
Tad,172141,438
Tad,101897,951
Tad,196911,526
Tad,160085,423
Tad,165815,746
Tad,160419,191
Tad,198757,895
Tad,186073,616
Tad,181015,24
Tad,171462,374
Tad,139987,511
Tad,164529,718
Tad,141965,559
Tad,149686,367
Tad,196271,828
Tad,195694,860
Tad,160750,239
Tad,118075,502
Tad,191506,711
Tad,123470,499
Tad,164065,95
Tad,169464,787
Tad,171533,951
Tad,120738,978
Tad,126939,633
Tad,178046,173
Tad,151454,712
Tad,114034,694
Tad,157896,384
Tad,170727,502
Tad,117629,671
Tad,198736,692
Tad,174906,961
Tad,178925,548
Tad,117997,637
Tad,164971,849
Tad,151095,249
Tad,189759,795
Tad,170121,101
Tad,155293,420
Tad,115751,147
Tad,107105,265
Tad,156815,714
Tad,172442,302
Tad,196551,433
Tad,121199,156
Tad,175130,768
Tad,137347,629
Tad,118636,782
Tad,191596,625
Tad,193708,660
Tad,174321,627
Tad,165130,293
Tad,165297,255
Tad,160169,954
Tad,155362,468
Tad,173488,397
Tad,143389,160
Tad,105400,179
Tad,143762,925
Tad,135617,776
Tad,184512,919
Tad,197539,132
Tad,140569,502
Tad,123253,706
Tad,167897,55
Tad,117311,626
Tad,189875,725
Tad,119691,724
Tad,161547,154
Tad,138104,491
Tad,170628,535
Tad,145555,163
Tad,169525,626
Tad,120728,300
Tad,196886,929
Tad,106471,373
Tad,140309,266
Tad,115474,698
Tad,136838,58
Tad,105871,240
Tad,150751,932
Tad,168386,370
Tad,161536,575
Tad,184273,333
Tad,190409,479
Tad,113942,133
Tad,104307,389
Tad,179762,503
Tad,176266,144
Tad,161878,122
Tad,173118,199
Tad,199121,901
Tad,134908,663
Tad,185833,204
Tad,130358,625
Tad,199369,439
Tad,101118,899
Tad,110479,549
Tad,170420,808
Tad,177406,840
Tad,102937,71
Tad,113199,604
Tad,116108,406
Tad,159784,582
Tad,109377,577
Tad,139631,261
Tad,149016,140
Tad,177869,276
Tad,117043,765
Tad,180780,135
Tad,106269,507
Tad,183710,942
Tad,154680,817
Tad,152754,444
Tad,177846,891
Tad,114542,876
Tad,167239,785
Tad,101854,219
Tad,116462,283
Tad,151062,812
Tad,190303,829
Tad,110375,633
Tad,158121,687
Tad,190852,871
Tad,127385,339
Tad,148100,739
Tad,189423,389
Tad,167660,560
Tad,102454,747
Tad,163365,541
Tad,126747,454
Tad,155121,33
Tad,181187,596
Tad,144056,368
Tad,168162,570
Tad,197528,770
Tad,130039,194
Tad,161478,734
Tad,167649,801
Tad,107865,935
Tad,122837,890
Tad,180819,565
Tad,155930,249
Tad,106378,942
Tad,132630,305
Tad,181463,140
Tad,154823,184
Tad,127615,395
Tad,142695,802
Tad,188989,951
Tad,107032,297
Tad,119979,923
Tad,192286,995
Tad,185157,336
Tad,143246,224
Tad,135695,486
Tad,117225,408
Tad,183923,339
Tad,120603,313
Tad,195075,780
Tad,192966,448
Tad,170765,88
Tad,198051,297
Tad,166333,545
Tad,126396,611
Tad,137154,181
Tad,115327,667
Tad,134721,717
Tad,185544,774
Tad,159175,958
Tad,130202,745
Tad,152851,864
Tad,182343,529
Tad,126900,214
Tad,144166,51
Tad,141352,111
Tad,125483,683
Tad,110276,942
Tad,151666,734
Tad,188897,835
Tad,136630,313
Tad,178767,719
Tad,158671,39
Tad,105935,21
Tad,145717,338
Tad,162265,753
Tad,177279,350
Tad,181731,526
Tad,143145,319
Tad,135764,373
Tad,183254,290
Tad,115943,683
Tad,116650,25
Tad,165437,182
Tad,148506,188
Tad,181257,694
Tad,112027,178
Tad,114768,359
Tad,108301,698
Tad,134298,989
Tad,113140,476
Tad,136588,813
Tad,112433,599
Tad,174175,56
Tad,194062,631
Tad,133544,288
Tad,118765,75
Tad,179191,743
Tad,125524,371
Tad,174759,22
Tad,125172,748
Tad,183762,129
Tad,185962,778
Tad,121471,712
Tad,147846,793
Tad,111485,41
Tad,151293,648
Tad,188307,261
Tad,125864,39
Tad,153059,757
Tad,162101,55
Tad,103732,862
Tad,190855,679
Tad,122943,482
Tad,120458,150
Tad,140262,834
Tad,112578,233
Tad,191225,543
Tad,191573,482
Tad,177785,762
Tad,178316,584
Tad,103830,413
Tad,109267,654
Tad,148664,946
Tad,129762,757
Tad,194938,889
Tad,124574,424
Tad,156880,901
Tad,159948,463
Tad,175027,342
Tad,166316,577
Tad,140604,178
Tad,199737,703
Tad,148361,722
Tad,180052,187
Tad,178242,803
Tad,158959,974
Tad,174247,570
Tad,163108,777
Tad,182173,933
Tad,143663,649
Tad,128317,431
Tad,116631,946
Tad,113962,131
Tad,137734,82
Tad,175282,102
Tad,149984,433
Tad,155730,475
Tad,118083,462
Tad,147527,103
Tad,136313,454
Tad,148581,322
Tad,104108,894
Tad,169931,958
Tad,165127,250
Tad,173072,371
Tad,190507,632
Tad,124252,875
Tad,180460,465
Tad,181018,427
Tad,188580,58
Tad,169301,276
Tad,165756,783
Tad,161316,353
Tad,130526,876
Tad,145607,942
Tad,107866,798
Tad,178100,34
Tad,195577,991
Tad,130156,807
Tad,188940,885
Tad,199599,171
Tad,177527,361
Tad,120056,815
Tad,134601,511
Tad,157607,647
Tad,164678,726
Tad,112683,870
Tad,186378,54
Tad,195942,277
Tad,183235,646
Tad,179806,805
Tad,189296,669
Tad,125913,664
Tad,101066,136
Tad,129485,143
Tad,182615,874
Tad,114226,36
Tad,107446,256
Tad,124577,278
Tad,138176,350
Tad,149491,122
Tad,150736,138
Tad,136959,827
Tad,153971,590
Tad,195096,349
Tad,188750,531
Tad,163860,333
Tad,120653,965
Tad,184261,478
Tad,105051,860
Tad,105920,631
Tad,128476,230
Tad,196666,491
Tad,118158,445
Tad,117094,372
Tad,100374,980
Tad,198399,967
Tad,196845,389
Tad,190739,674
Tad,140750,115
Tad,147610,282
Tad,154315,846
Tad,137212,653
Tad,169817,123
Tad,192360,740
Tad,160700,230
Tad,134947,538
Tad,173385,275
Tad,131921,17
Tad,106407,515
Tad,163280,797
Tad,145976,541
Tad,120974,754
Tad,183574,685
Tad,194596,247
Tad,177277,966
Tad,153847,738
Tad,156181,760
Tad,148629,601
Tad,118223,770
Tad,101836,610
Tad,144799,111
Tad,194591,185
Tad,109678,863
Tad,133639,754
Tad,100561,276
Tad,178190,167
Tad,144715,286
Tad,102394,232
Tad,166706,279
Tad,119620,634
Tad,176368,530
Tad,159071,258
Tad,108073,871
Tad,143189,285
Tad,179506,218
Tad,192499,482
Tad,126310,583
Tad,116837,450
Tad,132936,428
Tad,162284,530
Tad,189133,580
Tad,147461,522
Tad,137762,204
Tad,102350,928
Tad,119518,824
Tad,122681,445
Tad,124605,133
Tad,142606,674
Tad,119313,360
Tad,120596,176
Tad,191183,120
Tad,142692,391
Tad,167642,302
Tad,107064,177
Tad,101602,704
Tad,195773,30
Tad,121513,360
Tad,131009,159
Tad,170910,871
Tad,182953,29
Tad,108717,570
Tad,144734,365
Tad,162288,760
Tad,157700,959
Tad,192515,732
Tad,137206,806
Tad,167191,195
Tad,182653,263
Tad,133876,366
Tad,185035,334
Tad,128661,271
Tad,116671,563
Tad,153198,699
Tad,103558,222
Tad,174813,403
Tad,121780,941
Tad,198276,626
Tad,162625,546
Tad,103895,228
Tad,100303,83
Tad,152068,338
Tad,169246,321
Tad,170183,295
Tad,168282,28
Tad,188426,111
Tad,168667,402
Tad,120621,227
Tad,141128,504
Tad,189903,772
Tad,164902,790
Tad,160965,127
Tad,167504,617
Tad,138649,573
Tad,191321,732
Tad,115211,247
Tad,168771,574
Tad,148619,603
Tad,146790,537
Tad,191030,579
Tad,175345,830
Tad,124170,739
Tad,191181,40
Tad,130501,605
Tad,183567,224
Tad,101017,551
Tad,175286,314
Tad,173254,145
Tad,192238,733
Tad,141025,912
Tad,192661,524
Tad,122652,97
Tad,145511,277
Tad,125164,71
Tad,141851,628
Tad,155593,684
Tad,168691,203
Tad,183819,919
Tad,159707,595
Tad,178163,299
Tad,197285,753
Tad,170474,523
Tad,126069,424
Tad,189724,302
Tad,166677,471
Tad,129677,284
Tad,121469,32
Tad,132856,25
Tad,152308,12
Tad,198610,52
Tad,160026,232
Tad,169938,893
Tad,196792,602
Tad,168587,824
Tad,103672,559
Tad,155425,418
Tad,171634,542
Tad,188962,618
Tad,160859,349
Tad,189030,792
Tad,134831,946
Tad,116972,639
Tad,179262,806
Tad,176114,267
Tad,187736,91
Tad,116420,471
Tad,173644,755
Tad,177035,842
Tad,189302,84
Tad,162062,596
Tad,111579,889
Tad,193217,300
Tad,162831,79
Tad,168106,107
Tad,154709,550
Tad,115127,908
Tad,131700,380
Tad,159653,952
Tad,143284,640
Tad,167345,669
Tad,128836,666
Tad,193252,210
Tad,113449,554
Tad,122078,967
Tad,159597,766
Tad,144793,865
Tad,183464,113
Tad,128934,520
Tad,176510,315
Tad,134734,216
Tad,128402,186
Tad,139883,856
Tad,199954,264
Tad,159098,888
Tad,160637,694
Tad,148509,862
Tad,156740,523
Tad,142960,261
Tad,147890,637
Tad,132328,961
Tad,179051,654
Tad,150512,919
Tad,149428,33
Tad,113237,167
Tad,180334,547
Tad,122252,187
Tad,100154,196
Tad,160174,427
Tad,199353,870
Tad,176466,562
Tad,181253,195
Tad,183766,844
Tad,130215,628
Tad,182813,933
Tad,150444,567
Tad,183817,821
Tad,120410,686
Tad,122537,3
Tad,131627,849
Tad,104414,679
Tad,160582,528
Tad,191777,835
Tad,135452,106
Tad,106727,193
Tad,195273,80
Tad,155512,911
Tad,188301,817
Tad,152944,250
Tad,128560,203
Tad,111451,794
Tad,146060,270
Tad,132781,876
Tad,103284,847
Sloane,117306,498
Sloane,116872,663
Sloane,197339,966
Sloane,139803,466
Sloane,178706,388
Sloane,198580,400
Sloane,181225,100
Sloane,109169,121
Sloane,167790,746
Sloane,101677,398
Sloane,130759,459
Sloane,100433,275
Sloane,176704,860
Sloane,173570,59
Sloane,137416,85
Sloane,182344,111
Sloane,122484,85
Sloane,132948,547
Sloane,103442,995
Sloane,104210,123
Sloane,146897,798
Sloane,109140,850
Sloane,110159,621
Sloane,121053,384
Sloane,187429,334
Sloane,110080,505
Sloane,168215,269
Sloane,116493,690
Sloane,103038,149
Sloane,184227,307
Sloane,181448,998
Sloane,132078,51
Sloane,111559,476
Sloane,158796,173
Sloane,176481,971
Sloane,136347,800
Sloane,177881,971
Sloane,141323,80
Sloane,106462,967
Sloane,199843,900
Sloane,192116,473
Sloane,156888,842
Sloane,100403,14
Sloane,110267,35
Sloane,175252,742
Sloane,191496,458
Sloane,116883,307
Sloane,185657,833
Sloane,139336,415
Sloane,180056,451
Sloane,136220,722
Sloane,136754,884
Sloane,163268,487
Sloane,113208,484
Sloane,161415,28
Sloane,198310,933
Sloane,170529,513
Sloane,125633,930
Sloane,143742,986
Sloane,149467,320
Sloane,179968,614
Sloane,116599,636
Sloane,144830,718
Sloane,135846,482
Sloane,157782,897
Sloane,150340,98
Sloane,186033,74
Sloane,193427,105
Sloane,198317,722
Sloane,113049,547
Sloane,138043,56
Sloane,195785,779
Sloane,183294,828
Sloane,107672,883
Sloane,161971,804
Sloane,115798,250
Sloane,125655,859
Sloane,146858,131
Sloane,159490,205
Sloane,178070,851
Sloane,112095,533
Sloane,140240,782
Sloane,101236,352
Sloane,170520,41
Sloane,143608,98
Sloane,152566,691
Sloane,145892,878
Sloane,198091,797
Sloane,191371,391
Sloane,174190,815
Sloane,114759,929
Sloane,132005,761
Sloane,133069,975
Sloane,114396,944
Sloane,179348,422
Sloane,159527,981
Sloane,150431,269
Sloane,163490,569
Sloane,128444,334
Sloane,138199,939
Sloane,121696,265
Sloane,197089,356
Sloane,183856,386
Sloane,127103,196
Sloane,198871,647
Sloane,155150,725
Sloane,140981,560
Sloane,104077,677
Sloane,131655,363
Sloane,114434,679
Sloane,188743,674
Sloane,193282,845
Sloane,166527,569
Sloane,183804,76
Sloane,151190,262
Sloane,163027,544
Sloane,162855,761
Sloane,191589,404
Sloane,163736,272
Sloane,173796,600
Sloane,115712,697
Sloane,173929,241
Sloane,194558,363
Sloane,199868,216
Sloane,159183,441
Sloane,157592,215
Sloane,137819,612
Sloane,164776,251
Sloane,169905,916
Sloane,199549,43
Sloane,115195,284
Sloane,155153,396
Sloane,115789,923
Sloane,132907,47
Sloane,155290,562
Sloane,127993,665
Sloane,186150,342
Sloane,152874,166
Sloane,115701,398
Sloane,133424,128
Sloane,145137,550
Sloane,152691,171
Sloane,186400,281
Sloane,148941,519
Sloane,115226,507
Sloane,147248,562
Sloane,157649,548
Sloane,115931,895
Sloane,104696,304
Sloane,135119,92
Sloane,148030,213
Sloane,130449,828
Sloane,152122,663
Sloane,109713,486
Sloane,125816,798
Sloane,140493,957
Sloane,102966,848
Sloane,107879,833
Sloane,196533,132
Sloane,160126,9
Sloane,141008,984
Sloane,114516,392
Sloane,163089,792
Sloane,171684,631
Sloane,176012,668
Sloane,182776,778
Sloane,170050,685
Sloane,115490,891
Sloane,134519,567
Sloane,116379,942
Sloane,169713,137
Sloane,132148,943
Sloane,185324,412
Sloane,153797,293
Sloane,196307,723
Sloane,143369,319
Sloane,146325,452
Sloane,178815,865
Sloane,180573,679
Sloane,117869,209
Sloane,184145,896
Sloane,145708,671
Sloane,171730,576
Sloane,196519,464
Sloane,121641,984
Sloane,191405,108
Sloane,109650,724
Sloane,166424,121
Sloane,125584,406
Sloane,132595,239
Sloane,131017,177
Sloane,162363,372
Sloane,127165,173
Sloane,159492,399
Sloane,168182,587
Sloane,128595,741
Sloane,183211,85
Sloane,155118,265
Sloane,163274,183
Sloane,163553,277
Sloane,125360,367
Sloane,147835,965
Sloane,157133,751
Sloane,156909,806
Sloane,103251,184
Sloane,153235,190
Sloane,160988,807
Sloane,189549,268
Sloane,116147,151
Sloane,163620,767
Sloane,140830,329
Sloane,182777,526
Sloane,144332,47
Sloane,146382,969
Sloane,156018,545
Sloane,151543,206
Sloane,155695,859
Sloane,138881,27
Sloane,190278,391
Sloane,125826,318
Sloane,162319,106
Sloane,105629,539
Sloane,145506,235
Sloane,154407,426
Sloane,134516,276
Sloane,193444,917
Sloane,189373,130
Sloane,112494,655
Sloane,160190,368
Sloane,165146,883
Sloane,161904,561
Sloane,193845,235
Sloane,134085,448
Sloane,188997,248
Sloane,183437,202
Sloane,173094,43
Sloane,154590,779
Sloane,155272,21
Sloane,154225,497
Sloane,151024,373
Sloane,115788,799
Sloane,140565,582
Sloane,185423,837
Sloane,156010,266
Sloane,175618,889
Sloane,125386,198
Sloane,116981,984
Sloane,156584,704
Sloane,171810,181
Sloane,145048,737
Sloane,177673,695
Sloane,107982,867
Sloane,180100,186
Sloane,162531,911
Sloane,148441,503
Sloane,123001,857
Sloane,169924,10
Sloane,137118,623
Sloane,124291,970
Sloane,102643,993
Sloane,166829,251
Sloane,168449,801
Sloane,115275,473
Sloane,109113,889
Sloane,190031,285
Sloane,124311,906
Sloane,126563,226
Sloane,109032,201
Sloane,123040,549
Sloane,148236,262
Sloane,152749,901
Sloane,186738,408
Sloane,152629,540
Sloane,111657,368
Sloane,177030,784
Sloane,100708,368
Sloane,101613,313
Sloane,176255,887
Sloane,173208,496
Sloane,108966,521
Sloane,108850,298
Sloane,105505,189
Sloane,156042,650
Sloane,123711,447
Sloane,177023,362
Sloane,192353,450
Sloane,166297,431
Sloane,111601,161
Sloane,158688,236
Sloane,198705,741
Sloane,119182,908
Sloane,145519,451
Sloane,127431,747
Sloane,102824,467
Sloane,104125,695
Sloane,141132,428
Sloane,110219,76
Sloane,196002,690
Sloane,168410,286
Sloane,134917,218
Sloane,172752,162
Sloane,124580,894
Sloane,192870,89
Sloane,184068,847
Sloane,128246,194
Sloane,130478,223
Sloane,177532,812
Sloane,103811,366
Sloane,199007,833
Sloane,163714,93
Sloane,164952,383
Sloane,129902,270
Sloane,176792,657
Sloane,101345,964
Sloane,141229,164
Sloane,117805,149
Sloane,166504,159
Sloane,137914,563
Sloane,139209,94
Sloane,165145,149
Sloane,124242,389
Sloane,199916,726
Sloane,115468,770
Sloane,193109,904
Sloane,145606,613
Sloane,173537,776
Sloane,113640,236
Sloane,180115,683
Sloane,174483,478
Sloane,159599,85
Sloane,118346,921
Sloane,170148,630
Sloane,123561,340
Sloane,184434,95
Sloane,182224,715
Sloane,117950,605
Sloane,183584,279
Sloane,125203,955
Sloane,188320,388
Sloane,112446,126
Sloane,116028,669
Sloane,150197,457
Sloane,102602,374
Sloane,136035,412
Sloane,102169,265
Sloane,187944,211
Sloane,101978,413
Sloane,190189,95
Sloane,119712,168
Sloane,128520,352
Sloane,174254,934
Sloane,104407,15
Sloane,185150,588
Sloane,146748,383
Sloane,120002,799
Sloane,116394,619
Sloane,158649,897
Sloane,185864,663
Sloane,147640,222
Sloane,114287,33
Sloane,141899,823
Sloane,167562,469
Sloane,122029,960
Sloane,118745,737
Sloane,179657,637
Sloane,119414,0
Sloane,122090,304
Sloane,187631,938
Sloane,168539,361
Sloane,171994,743
Sloane,146068,494
Sloane,130393,666
Sloane,115693,456
Sloane,115325,562
Sloane,107345,221
Sloane,156872,210
Sloane,101600,722
Sloane,184491,745
Sloane,108213,949
Sloane,119198,992
Sloane,116349,390
Sloane,145974,227
Sloane,168273,254
Sloane,171644,821
Sloane,127204,742
Sloane,184474,295
Sloane,101988,801
Sloane,183991,481
Sloane,157306,150
Sloane,133321,593
Sloane,146332,417
Sloane,198176,568
Sloane,144739,21
Sloane,140580,12
Sloane,156236,99
Sloane,120015,954
Sloane,174315,931
Sloane,126884,716
Sloane,146284,141
Sloane,118307,203
Sloane,134093,264
Sloane,106678,700
Sloane,135955,552
Sloane,139174,265
Sloane,170778,221
Sloane,173863,165
Sloane,113602,691
Sloane,186154,674
Sloane,113339,130
Sloane,101720,924
Sloane,190616,473
Sloane,133313,648
Sloane,176252,288
Sloane,146565,714
Sloane,124330,200
Sloane,166790,730
Sloane,113755,436
Sloane,120191,669
Sloane,125661,598
Sloane,120775,659
Sloane,197576,475
Sloane,157740,556
Sloane,137785,265
Sloane,122765,352
Sloane,116793,714
Sloane,105265,558
Sloane,176392,804
Sloane,137177,897
Sloane,165792,451
Sloane,129406,733
Sloane,188553,813
Sloane,133406,77
Sloane,112672,654
Sloane,112129,374
Sloane,156267,852
Sloane,187326,360
Sloane,189785,351
Sloane,133132,672
Sloane,147626,367
Sloane,153064,125
Sloane,172387,644
Sloane,130655,622
Sloane,177788,670
Sloane,191302,665
Sloane,139207,65
Sloane,118539,258
Sloane,108203,305
Sloane,155038,58
Sloane,118106,22
Sloane,159270,391
Sloane,196985,367
Sloane,198693,889
Sloane,127196,759
Sloane,151358,989
Sloane,165124,716
Sloane,160269,414
Sloane,162929,743
Sloane,198970,647
Sloane,198387,66
Sloane,131521,539
Sloane,182205,17
Sloane,134391,895
Sloane,126666,564
Sloane,159451,512
Sloane,172331,195
Sloane,166369,716
Sloane,115757,308
Sloane,116338,564
Sloane,198784,387
Sloane,104715,140
Sloane,199119,821
Sloane,196819,345
Sloane,149744,356
Sloane,104305,177
Sloane,176372,292
Sloane,171227,465
Sloane,188941,195
Sloane,125494,941
Sloane,199040,623
Sloane,188535,733
Sloane,119273,80
Sloane,119802,577
Sloane,198587,194
Sloane,141572,824
Sloane,168922,44
Sloane,190338,906
Sloane,130424,860
Sloane,141501,827
Sloane,158941,738
Sloane,107534,506
Sloane,125880,659
Sloane,174923,913
Sloane,152921,826
Sloane,182398,136
Sloane,179041,58
Sloane,133035,983
Sloane,172614,890
Sloane,122080,612
Sloane,128279,969
Sloane,182456,600
Sloane,187237,700
Sloane,157567,314
Sloane,166574,63
Sloane,185648,407
Sloane,113068,294
Sloane,159333,495
Sloane,179887,140
Sloane,113190,387
Sloane,154958,851
Sloane,161424,9
Sloane,129886,478
Sloane,147128,956
Sloane,123456,102
Sloane,187401,196
Sloane,149185,880
Sloane,145369,911
Sloane,156099,733
Sloane,158198,463
Sloane,144788,242
Sloane,132229,266
Sloane,157550,461
Sloane,150317,992
Sloane,188773,534
Sloane,191019,764
Sloane,151764,430
Sloane,183631,367
Sloane,172174,399
Sloane,126873,19
Sloane,156190,969
Sloane,171161,746
Sloane,100586,743
Sloane,196591,681
Sloane,117296,414
Sloane,120432,7
Sloane,148274,30
Sloane,174899,6
Sloane,145331,155
Sloane,109314,145
Sloane,114852,158
Sloane,119069,35
Sloane,134717,158
Sloane,140748,554
Sloane,111536,988
Sloane,142864,49
Sloane,108247,160
Sloane,114709,788
Sloane,142385,225
Sloane,113192,923
Sloane,185335,793
Sloane,152458,29
Sloane,132551,410
Sloane,163340,727
Sloane,144745,557
Sloane,145053,653
Sloane,126559,314
Sloane,144994,746
Sloane,185265,726
Sloane,152459,893
Sloane,121594,640
Sloane,134335,620
Sloane,135458,665
Sloane,117843,411
Sloane,149116,847
Sloane,156734,34
Sloane,112111,26
Sloane,196683,944
Sloane,166681,173
Sloane,184395,999
Sloane,105748,330
Sloane,132234,788
Sloane,160712,138
Sloane,151639,32
Sloane,156513,136
Sloane,187655,857
Sloane,186484,903
Sloane,195098,129
Sloane,198783,309
Sloane,147381,369
Sloane,120300,394
Sloane,115651,413
Sloane,193957,574
Sloane,105887,132
Sloane,179250,143
Sloane,174442,667
Sloane,148046,647
Sloane,155943,926
Sloane,137132,727
Sloane,186003,612
Sloane,154945,901
Sloane,143592,251
Sloane,179640,749
Sloane,176634,802
Sloane,184123,196
Sloane,113420,74
Sloane,147389,533
Sloane,136535,457
Sloane,169732,999
Sloane,193857,663
Sloane,196339,369
Sloane,137456,224
Sloane,116431,86
Sloane,134747,476
Sloane,190410,357
Sloane,100291,806
Sloane,162757,834
Sloane,136780,223
Sloane,197687,877
Sloane,130947,904
Sloane,127502,212
Sloane,149247,755
Sloane,166031,576
Sloane,135420,368
Sloane,152275,755
Sloane,118945,316
Sloane,159718,666
Sloane,188121,825
Sloane,198238,198
Sloane,180459,749
Sloane,160414,684
Sloane,154139,418
Sloane,162391,623
Sloane,141061,318
Sloane,156011,244
Sloane,113216,867
Sloane,105248,184
Sloane,124369,473
Sloane,141399,974
Sloane,102186,861
Sloane,103346,565
Sloane,156207,947
Sloane,167166,712
Sloane,131181,278
Sloane,121959,388
Sloane,162262,817
Sloane,148663,805
Sloane,171929,432
Sloane,124183,355
Sloane,123991,219
Sloane,138206,552
Sloane,192732,508
Sloane,153823,606
Sloane,108003,998
Sloane,114273,385
Sloane,136262,461
Sloane,166088,866
Sloane,109840,52
Sloane,108684,496
Sloane,110208,553
Sloane,160001,63
Sloane,177056,219
Sloane,161037,829
Sloane,166230,919
Sloane,193742,630
Sloane,144638,763
Sloane,117526,718
Sloane,151014,538
Sloane,162372,62
Sloane,131553,774
Sloane,119355,844
Sloane,177765,157
Sloane,152244,461
Sloane,146952,627
Sloane,180976,507
Sloane,172753,561
Sloane,162408,296
Sloane,161503,289
Sloane,167706,692
Sloane,147170,844
Sloane,187889,468
Sloane,154511,919
Sloane,142138,283
Sloane,100139,940
Sloane,173967,764
Sloane,100995,54
Sloane,146094,477
Sloane,102090,473
Sloane,165375,850
Sloane,121488,966
Sloane,100149,485
Sloane,145525,898
Sloane,162971,288
Sloane,131257,12
Sloane,194075,695
Sloane,149827,233
Sloane,193290,775
Sloane,139003,651
Sloane,110088,594
Sloane,131692,439
Sloane,137327,310
Sloane,109546,157
Sloane,129716,154
Sloane,170680,371
Sloane,135258,979
Sloane,125375,933
Sloane,183852,356
Sloane,126723,857
Sloane,119696,369
Sloane,165744,583
Sloane,156069,650
Sloane,102993,202
Sloane,116014,431
Sloane,107059,10
Sloane,103368,268
Sloane,139960,134
Sloane,109981,604
Sloane,131546,941
Sloane,179917,543
Sloane,165352,960
Sloane,181347,918
Sloane,101874,610
Sloane,139708,555
Sloane,177019,316
Sloane,121564,933
Sloane,139918,910
Sloane,158823,225
Sloane,199927,60
Sloane,161924,565
Sloane,168184,909
Sloane,198816,617
Sloane,180876,741
Sloane,124176,541
Sloane,123597,345
Sloane,103019,562
Sloane,139092,162
Sloane,109765,794
Sloane,173751,894
Sloane,125399,17
Sloane,186173,496
Sloane,192340,664
Sloane,111431,422
Sloane,166856,29
Sloane,158824,547
Sloane,122930,237
Sloane,194894,114
Sloane,128376,784
Sloane,183367,89
Sloane,118048,62
Sloane,181147,106
Sloane,109192,60
Sloane,122691,222
Sloane,166782,652
Sloane,194283,879
Sloane,179064,341
Sloane,193615,145
Sloane,129246,315
Sloane,144809,446
Sloane,164081,385
Sloane,100644,849
Sloane,123609,580
Sloane,177522,285
Sloane,106978,184
Sloane,122071,454
Sloane,130213,871
Sloane,158794,23
Sloane,138565,86
Sloane,104387,111
Sloane,152437,509
Sloane,136501,264
Sloane,104880,390
Sloane,150496,280
Sloane,138279,608
Sloane,139271,177
Sloane,141737,715
Sloane,100094,334
Sloane,187787,786
Sloane,107669,286
Sloane,154154,494
Sloane,115370,426
Sloane,159537,530
Sloane,187085,955
Sloane,128478,883
Sloane,109180,426
Sloane,195914,691
Sloane,152699,849
Sloane,112552,399
Sloane,142925,1000
Sloane,183782,512
Sloane,109882,539
Sloane,137576,341
Sloane,128395,221
Sloane,138060,54
Sloane,107279,356
Sloane,135049,79
Sloane,136864,160
Sloane,139678,301
Sloane,120823,155
Sloane,145008,464
Sloane,133767,157
Sloane,139626,470
Sloane,109512,15
Sloane,183605,776
Sloane,107730,680
Sloane,172976,831
Sloane,130227,783
Sloane,165398,337
Sloane,107648,357
Sloane,132662,542
Sloane,189482,611
Sloane,181129,490
Sloane,166694,980
Sloane,150258,22
Sloane,191056,814
Sloane,145509,841
Sloane,157346,974
Sloane,152655,785
Sloane,194572,197
Sloane,174529,940
Sloane,197548,901
Sloane,120368,12
Sloane,125514,607
Sloane,146511,998
Sloane,102299,670
Sloane,129333,737
Sloane,102787,82
Sloane,131193,33
Sloane,195983,175
Sloane,171893,504
Sloane,117318,631
Sloane,150843,304
Sloane,183109,882
Sloane,160819,906
Sloane,185370,212
Sloane,185914,522
Sloane,177140,243
Sloane,115645,859
Sloane,164948,71
Sloane,174317,486
Sloane,145248,999
Sloane,188594,351
Sloane,162819,969
Sloane,160477,367
Sloane,136302,369
Sloane,152255,767
Sloane,167244,363
Sloane,150929,904
Sloane,140722,126
Sloane,173428,415
Sloane,134806,797
Sloane,139006,71
Sloane,136228,161
Sloane,117330,277
Sloane,161764,142
Sloane,157337,285
Sloane,178812,836
Sloane,127680,840
Sloane,186511,45
Sloane,173812,860
Sloane,110240,92
Sloane,163816,445
Sloane,166665,893
Sloane,178914,647
Sloane,194661,450
Sloane,117024,724
Sloane,136694,665
Sloane,163684,251
Sloane,178350,933
Sloane,134248,74
Sloane,179874,83
Sloane,139041,774
Sloane,189672,897
Sloane,192078,236
Sloane,143315,522
Sloane,108581,762
Sloane,176030,592
Sloane,149431,157
Sloane,143929,735
Sloane,147617,673
Sloane,125585,127
Sloane,173294,31
Sloane,191685,654
Sloane,191787,339
Sloane,146602,717
Sloane,124450,83
Sloane,172292,349
Sloane,195571,543
Sloane,138386,589
Sloane,157611,382
Sloane,187735,523
Sloane,143197,568
Sloane,181169,795
Sloane,148485,848
Sloane,100204,965
Sloane,133409,773
Sloane,116834,776
Sloane,147562,349
Sloane,162070,477
Sloane,117144,985
Sloane,187463,146
Sloane,170105,573
Sloane,112710,221
Sloane,195628,615
Sloane,190363,324
Sloane,178094,78
Sloane,136027,79
Sloane,149601,534
Sloane,133875,233
Sloane,168268,533
Sloane,147153,660
Sloane,188049,851
Sloane,159115,439
Sloane,158632,679
Sloane,123219,591
Sloane,161296,909
Sloane,193084,787
Sloane,102093,662
Sloane,138044,143
Sloane,154432,678
Sloane,115589,544
Sloane,125934,895
Sloane,121515,174
Sloane,135337,36
Sloane,154033,730
Sloane,145302,238
Sloane,143951,115
Sloane,147112,141
Sloane,192213,427
Sloane,127977,460
Sloane,155214,996
Sloane,113751,413
Sloane,171034,415
Sloane,181923,332
Sloane,124984,691
Sloane,131138,263
Sloane,117460,755
Sloane,176982,852
Sloane,104137,176
Sloane,194339,398
Sloane,156827,969
Sloane,142150,894
Sloane,132482,692
Sloane,182225,58
Sloane,156204,1
Sloane,179929,783
Sloane,176777,359
Sloane,179180,807
Sloane,174596,879
Sloane,163669,651
Sloane,160279,317
Sloane,161937,563
Sloane,198382,998
Sloane,180699,369
Sloane,144724,945
Sloane,147613,219
Sloane,193184,115
Sloane,183120,906
Sloane,142036,193
Sloane,151043,184
Sloane,166129,434
Sloane,101962,901
Sloane,146904,509
Sloane,193804,979
Sloane,139744,357
Sloane,187616,641
Sloane,142802,86
Sloane,151809,525
Sloane,172827,257
Sloane,143588,544
Sloane,104309,199
Sloane,181696,465
Sloane,161550,887
Sloane,129815,894
Sloane,163250,268
Sloane,150770,151
Sloane,187835,933
Sloane,121897,364
Sloane,192433,196
Sloane,195303,932
Sloane,184425,774
Sloane,160890,489
Sloane,165021,128
Sloane,154320,896
Sloane,128289,496
Sloane,100780,977
Sloane,181558,623
Sloane,176070,452
Sloane,132704,407
Sloane,165991,257
Sloane,111961,321
Sloane,177528,128
Sloane,167234,167
Sloane,165866,817
Sloane,149617,175
Sloane,167243,114
Sloane,111391,717
Sloane,113922,584
Sloane,134824,466
Sloane,106744,22
Sloane,106797,402
Sloane,174514,842
Sloane,191892,418
Sloane,167000,831
Sloane,147340,678
Sloane,171217,49
Sloane,198951,325
Sloane,128252,811
Sloane,195449,966
Sloane,197564,269
Sloane,136790,356
Sloane,118578,593
Sloane,183753,17
Sloane,197211,10
Sloane,121841,222
Sloane,111375,502
Sloane,199952,191
Sloane,178807,475
Sloane,162077,932
Sloane,117860,516
Sloane,132601,254
Sloane,153433,384
Sloane,186492,902
Skyler,187248,584
Skyler,147374,615
Skyler,103972,864
Skyler,159509,263
Skyler,148821,822
Skyler,188417,359
Skyler,185108,790
Skyler,138755,254
Skyler,167522,937
Skyler,149176,879
Skyler,178977,984
Skyler,168975,710
Skyler,167160,839
Skyler,190043,874
Skyler,142774,558
Skyler,169602,521
Skyler,121222,800
Skyler,145343,228
Skyler,180713,283
Skyler,151157,920
Skyler,104697,431
Skyler,195610,440
Skyler,188563,833
Skyler,118079,890
Skyler,149678,11
Skyler,134833,180
Skyler,105434,404
Skyler,133780,379
Skyler,155683,543
Skyler,185996,479
Skyler,140862,794
Skyler,177648,365
Skyler,102842,250
Skyler,120102,262
Skyler,121308,878
Skyler,164949,359
Skyler,152330,509
Skyler,126534,619
Skyler,173938,444
Skyler,130440,568
Skyler,176442,655
Skyler,113064,665
Skyler,193864,844
Skyler,122759,559
Skyler,131194,38
Skyler,106044,54
Skyler,125309,75
Skyler,102108,5
Skyler,199280,747
Skyler,194534,899
Skyler,164510,710
Skyler,133599,394
Skyler,108481,214
Skyler,164955,361
Skyler,124040,850
Skyler,138311,146
Skyler,130054,684
Skyler,150153,92
Skyler,120788,254
Skyler,178075,890
Skyler,115399,55
Skyler,162641,705
Skyler,113909,309
Skyler,188760,374
Skyler,115658,330
Skyler,155614,883
Skyler,160837,179
Skyler,106562,598
Skyler,192652,560
Skyler,122905,410
Skyler,178494,944
Skyler,134041,204
Skyler,122915,291
Skyler,125986,597
Skyler,187477,278
Skyler,180172,762
Skyler,183472,760
Skyler,124147,495
Skyler,141575,519
Skyler,162696,846
Skyler,109284,917
Skyler,153279,306
Skyler,198242,442
Skyler,116199,796
Skyler,125711,47
Skyler,118234,366
Skyler,109832,826
Skyler,161535,712
Skyler,155887,271
Skyler,121510,580
Skyler,104102,232
Skyler,106246,966
Skyler,154721,611
Skyler,128853,301
Skyler,175888,938
Skyler,143974,6
Skyler,120235,426
Skyler,167011,17
Skyler,133489,977
Skyler,153527,731
Skyler,184569,652
Skyler,171020,367
Skyler,119578,518
Skyler,144804,0
Skyler,190485,101
Skyler,104508,492
Skyler,102725,71
Skyler,128677,710
Skyler,150083,402
Skyler,159433,462
Skyler,108539,661
Skyler,199048,953
Skyler,180256,309
Skyler,185085,802
Skyler,159523,203
Skyler,143724,142
Skyler,153023,986
Skyler,115631,340
Skyler,100771,807
Skyler,163982,629
Skyler,198131,694
Skyler,108820,809
Skyler,153329,957
Skyler,165262,49
Skyler,187526,619
Skyler,189978,248
Skyler,123543,418
Skyler,172377,159
Skyler,124898,990
Skyler,139827,451
Skyler,190137,90
Skyler,161315,579
Skyler,199254,93
Skyler,143971,285
Skyler,178553,531
Skyler,174316,367
Skyler,165753,800
Skyler,132367,213
Skyler,125919,238
Skyler,115774,37
Skyler,170049,325
Skyler,164106,514
Skyler,184335,230
Skyler,162271,822
Skyler,119902,558
Skyler,126137,225
Skyler,180760,953
Skyler,195356,448
Skyler,107378,350
Skyler,126913,839
Skyler,141470,551
Skyler,149533,83
Skyler,168180,229
Skyler,108413,448
Skyler,176898,714
Skyler,131358,905
Skyler,180174,393
Skyler,139693,350
Skyler,125969,626
Skyler,130271,219
Skyler,170781,139
Skyler,116627,703
Skyler,180220,209
Skyler,180720,271
Skyler,193551,532
Skyler,121378,605
Skyler,134332,736
Skyler,139186,112
Skyler,181674,99
Skyler,159207,842
Skyler,120373,818
Skyler,106760,56
Skyler,169781,982
Skyler,178833,19
Skyler,122267,231
Skyler,103949,176
Skyler,104495,7
Skyler,162791,7
Skyler,126292,895
Skyler,159190,367
Skyler,133096,595
Skyler,164613,845
Skyler,109530,69
Skyler,194671,951
Skyler,136321,894
Skyler,128266,44
Skyler,152191,574
Skyler,154392,990
Skyler,137568,128
Skyler,199415,490
Skyler,155677,690
Skyler,107525,822
Skyler,162150,8
Skyler,109390,663
Skyler,114138,863
Skyler,125805,135
Skyler,158777,605
Skyler,161780,457
Skyler,131748,966
Skyler,146545,762
Skyler,123442,591
Skyler,186869,642
Skyler,123050,664
Skyler,128638,994
Skyler,144373,822
Skyler,130331,23
Skyler,102393,323
Skyler,135400,299
Skyler,112107,282
Skyler,134948,407
Skyler,114895,219
Skyler,158220,514
Skyler,153934,282
Skyler,166453,948
Skyler,126690,174
Skyler,101937,134
Skyler,116421,248
Skyler,101426,599
Skyler,138867,864
Skyler,133440,40
Skyler,125409,85
Skyler,171358,29
Skyler,188435,672
Skyler,143344,141
Skyler,175103,75
Skyler,120438,76
Skyler,175621,945
Skyler,104507,920
Skyler,122783,824
Skyler,154746,737
Skyler,144678,943
Skyler,125495,644
Skyler,175355,65
Skyler,103546,777
Skyler,141652,187
Skyler,193580,103
Skyler,125326,709
Skyler,198519,30
Skyler,184892,88
Skyler,199701,351
Skyler,153794,121
Skyler,158891,292
Skyler,182759,835
Skyler,115736,73
Skyler,151438,933
Skyler,129791,981
Skyler,192394,214
Skyler,140358,739
Skyler,119535,224
Skyler,127519,178
Skyler,152300,264
Skyler,195839,42
Skyler,149697,926
Skyler,170836,94
Skyler,159732,245
Skyler,196191,861
Skyler,168355,983
Skyler,155119,128
Skyler,199810,582
Skyler,113782,500
Skyler,137005,876
Skyler,151335,177
Skyler,156891,662
Skyler,101612,943
Skyler,125699,582
Skyler,160268,658
Skyler,185205,617
Skyler,122208,560
Skyler,103798,160
Skyler,181460,665
Skyler,198575,970
Skyler,196359,678
Skyler,145415,192
Skyler,161817,202
Skyler,116373,729
Skyler,156243,552
Skyler,118380,537
Skyler,168136,126
Skyler,111200,798
Skyler,150645,306
Skyler,169348,85
Skyler,154980,676
Skyler,101213,248
Skyler,123773,642
Skyler,153327,564
Skyler,185711,588
Skyler,135174,853
Skyler,122254,932
Skyler,192562,216
Skyler,109058,449
Skyler,110362,566
Skyler,143198,698
Skyler,156958,510
Skyler,113817,80
Skyler,144347,12
Skyler,136883,701
Skyler,123698,944
Skyler,197447,768
Skyler,118277,665
Skyler,124912,372
Skyler,186761,796
Skyler,197000,626
Skyler,100192,14
Skyler,144270,405
Skyler,184966,336
Skyler,192317,973
Skyler,186229,904
Skyler,142392,914
Skyler,111184,585
Skyler,172561,167
Skyler,127255,720
Skyler,135649,612
Skyler,192902,325
Skyler,182584,437
Skyler,197550,876
Skyler,154260,648
Skyler,149260,943
Skyler,102047,416
Skyler,115555,445
Skyler,123349,743
Skyler,138508,8
Skyler,110930,244
Skyler,168314,731
Skyler,160144,573
Skyler,184049,825
Skyler,136281,400
Skyler,138445,523
Skyler,154340,395
Skyler,102687,648
Skyler,172715,123
Skyler,156145,12
Skyler,134845,681
Skyler,111343,519
Skyler,150392,435
Skyler,188653,861
Skyler,101770,311
Skyler,185331,419
Skyler,109890,876
Skyler,151373,119
Skyler,164910,1000
Skyler,105749,586
Skyler,169139,152
Skyler,114289,414
Skyler,161171,697
Skyler,124085,788
Skyler,187395,92
Skyler,140794,178
Skyler,150259,695
Skyler,181496,71
Skyler,178030,155
Skyler,103877,628
Skyler,196257,598
Skyler,138830,406
Skyler,122649,589
Skyler,122674,115
Skyler,193728,663
Skyler,178728,557
Skyler,156192,213
Skyler,134841,964
Skyler,127126,656
Skyler,152254,134
Skyler,107657,47
Skyler,175513,30
Skyler,171884,600
Skyler,158587,203
Skyler,170199,976
Skyler,126828,804
Skyler,134875,964
Skyler,119659,411
Skyler,161432,242
Skyler,172068,534
Skyler,190714,262
Skyler,191971,934
Skyler,190898,327
Skyler,172913,568
Skyler,117733,140
Skyler,122447,240
Skyler,161863,807
Skyler,184671,865
Skyler,143365,571
Skyler,176453,775
Skyler,181355,866
Skyler,121638,346
Skyler,152013,105
Skyler,154427,844
Skyler,174036,780
Skyler,148077,793
Skyler,183665,189
Skyler,119219,11
Skyler,123083,468
Skyler,137042,949
Skyler,192698,680
Skyler,181002,852
Skyler,145009,831
Skyler,105182,400
Skyler,109047,503
Skyler,144978,698
Skyler,127817,35
Skyler,176219,811
Skyler,184427,776
Skyler,173840,76
Skyler,130494,31
Skyler,101834,515
Skyler,113797,540
Skyler,191599,945
Skyler,177325,614
Skyler,169297,494
Skyler,125882,254
Skyler,169215,733
Skyler,105862,999
Skyler,175453,654
Skyler,173825,590
Skyler,158723,748
Skyler,169187,941
Skyler,145981,157
Skyler,107487,648
Skyler,143539,799
Skyler,176208,264
Skyler,116225,368
Skyler,123364,140
Skyler,156654,814
Skyler,187921,178
Skyler,149446,655
Skyler,182795,698
Skyler,143917,657
Skyler,128438,567
Skyler,117398,800
Skyler,133452,195
Skyler,184449,370
Skyler,195233,768
Skyler,175256,93
Skyler,153444,7
Skyler,158257,753
Skyler,186655,726
Skyler,111136,676
Skyler,136545,456
Skyler,125596,102
Skyler,196250,829
Skyler,134254,491
Skyler,191804,700
Skyler,198617,748
Skyler,127318,270
Skyler,195619,87
Skyler,193847,970
Skyler,194858,498
Skyler,199202,200
Skyler,119101,622
Skyler,193343,204
Skyler,198496,81
Skyler,147316,304
Skyler,153040,590
Skyler,173199,575
Skyler,112539,431
Skyler,192112,356
Skyler,108232,443
Skyler,178355,705
Skyler,177749,631
Skyler,177307,395
Skyler,137170,132
Skyler,122091,360
Skyler,105456,605
Skyler,162474,307
Skyler,128287,22
Skyler,116682,577
Skyler,172064,18
Skyler,170769,84
Skyler,155789,646
Skyler,161498,223
Skyler,137365,400
Skyler,149115,608
Skyler,173651,951
Skyler,147914,871
Skyler,139900,435
Skyler,107545,389
Skyler,108810,538
Skyler,140384,364
Skyler,171116,104
Skyler,178787,475
Skyler,153804,447
Skyler,154017,977
Skyler,130343,70
Skyler,162888,840
Skyler,125338,664
Skyler,184180,533
Skyler,106330,434
Skyler,142213,944
Skyler,178731,229
Skyler,113624,826
Skyler,171249,506
Skyler,185153,978
Skyler,168150,725
Skyler,183044,416
Skyler,183655,917
Skyler,140632,166
Skyler,114785,682
Skyler,130830,290
Skyler,140673,929
Skyler,135422,726
Skyler,110927,350
Skyler,153543,711
Skyler,161700,965
Skyler,167584,198
Skyler,166312,90
Skyler,196564,207
Skyler,146114,911
Skyler,179480,334
Skyler,189529,292
Skyler,127169,497
Skyler,141761,444
Skyler,106800,307
Skyler,187505,701
Skyler,109069,869
Skyler,143439,311
Skyler,191152,64
Skyler,117970,806
Skyler,124848,315
Skyler,140197,141
Skyler,124256,918
Skyler,185524,624
Skyler,112721,828
Skyler,142625,175
Skyler,143680,441
Skyler,137373,479
Skyler,146939,366
Skyler,143623,335
Skyler,177679,375
Skyler,159845,686
Skyler,102062,545
Skyler,153140,575
Skyler,135206,977
Skyler,173124,309
Skyler,106641,994
Skyler,125272,602
Skyler,187621,694
Skyler,134899,467
Skyler,120204,46
Skyler,183281,463
Skyler,139524,788
Skyler,197512,691
Skyler,127503,91
Skyler,116814,696
Skyler,168932,669
Skyler,132507,314
Skyler,196232,188
Skyler,162994,670
Skyler,171969,59
Skyler,112301,559
Skyler,142286,413
Skyler,197146,132
Skyler,164932,76
Skyler,196582,853
Skyler,170257,971
Skyler,110126,290
Skyler,169147,640
Skyler,119937,94
Skyler,159225,706
Skyler,141659,532
Skyler,107365,698
Skyler,152662,303
Skyler,192291,935
Skyler,199757,758
Skyler,116757,522
Skyler,109499,185
Skyler,154919,421
Skyler,142572,622
Skyler,135090,401
Skyler,138400,186
Skyler,159000,57
Skyler,135306,930
Skyler,167254,473
Skyler,107375,600
Skyler,105878,33
Skyler,144406,785
Skyler,198332,361
Skyler,155239,294
Skyler,112361,427
Skyler,111970,546
Skyler,121351,244
Skyler,170742,769
Skyler,129864,497
Skyler,106459,117
Skyler,157403,543
Skyler,181258,600
Skyler,170386,117
Skyler,140646,569
Skyler,107293,274
Skyler,172204,996
Skyler,161417,266
Skyler,125438,883
Skyler,138358,89
Skyler,162493,630
Skyler,143782,797
Skyler,113752,472
Skyler,100125,912
Skyler,132252,776
Skyler,122015,937
Skyler,137840,511
Skyler,136142,519
Skyler,181940,454
Skyler,175554,862
Skyler,197434,989
Skyler,151019,356
Skyler,131056,163
Skyler,175370,146
Skyler,174740,771
Skyler,175012,887
Skyler,153743,755
Skyler,189221,116
Skyler,129972,53
Skyler,129295,37
Skyler,133991,256
Skyler,114533,786
Skyler,166696,27
Skyler,131048,336
Skyler,156311,525
Skyler,167448,452
Skyler,114845,486
Skyler,113083,167
Skyler,136755,498
Skyler,101904,200
Skyler,131758,721
Skyler,180157,714
Skyler,192218,61
Skyler,153354,9
Skyler,102451,926
Skyler,114799,850
Skyler,165490,467
Skyler,171894,455
Skyler,136974,816
Skyler,191516,965
Skyler,139481,236
Skyler,103970,217
Skyler,197737,262
Skyler,112679,390
Skyler,121631,36
Skyler,145427,768
Skyler,101043,654
Skyler,197878,402
Skyler,129183,355
Skyler,129217,310
Skyler,121235,60
Skyler,197588,157
Skyler,143355,177
Skyler,194969,745
Skyler,100022,957
Skyler,162867,556
Skyler,175657,356
Skyler,198828,315
Skyler,170126,411
Skyler,101537,343
Skyler,138984,214
Skyler,118116,427
Skyler,157682,146
Skyler,125365,723
Skyler,141484,100
Skyler,175810,348
Skyler,187761,778
Skyler,111654,784
Skyler,158445,123
Skyler,182074,380
Skyler,153338,258
Skyler,144261,206
Skyler,174092,636
Skyler,147918,844
Skyler,154698,85
Skyler,100422,434
Skyler,135652,372
Skyler,103429,455
Skyler,187239,461
Skyler,126301,653
Skyler,124584,289
Skyler,141183,501
Skyler,179239,547
Skyler,104424,246
Skyler,172113,463
Skyler,161287,49
Skyler,133323,387
Skyler,199503,57
Skyler,117266,633
Skyler,183366,895
Skyler,104066,945
Skyler,133099,198
Skyler,174010,940
Skyler,197138,221
Skyler,181431,677
Skyler,105057,238
Skyler,182414,698
Skyler,144257,744
Skyler,130002,911
Skyler,160371,624
Skyler,137763,872
Skyler,186184,163
Skyler,101547,718
Skyler,199455,211
Skyler,193887,114
Skyler,169615,442
Skyler,165287,207
Skyler,137847,193
Skyler,131005,261
Skyler,123830,42
Skyler,169115,383
Skyler,186921,600
Skyler,132863,187
Skyler,164680,547
Skyler,166881,525
Skyler,112480,650
Skyler,121689,372
Skyler,109519,339
Skyler,178808,795
Skyler,146492,15
Skyler,176360,14
Skyler,195001,687
Skyler,107090,879
Skyler,136633,197
Skyler,107139,155
Skyler,117535,741
Skyler,193797,585
Skyler,168547,838
Skyler,195748,569
Skyler,193363,85
Skyler,135898,128
Skyler,188361,996
Skyler,191054,521
Skyler,184658,295
Skyler,142492,554
Skyler,131128,580
Skyler,128808,474
Skyler,143058,648
Skyler,128975,599
Skyler,186019,786
Skyler,167322,834
Skyler,165171,600
Skyler,179091,48
Skyler,139570,925
Skyler,106997,507
Skyler,144863,834
Skyler,103153,773
Skyler,145139,277
Skyler,103456,376
Skyler,128271,270
Skyler,145405,475
Skyler,137680,969
Skyler,178624,92
Skyler,128209,170
Skyler,179882,714
Skyler,107271,925
Skyler,192540,439
Skyler,100659,691
Skyler,145712,515
Skyler,116103,227
Skyler,107332,349
Skyler,195840,475
Skyler,120389,711
Skyler,118724,248
Skyler,116989,106
Skyler,116677,274
Skyler,194041,449
Skyler,171649,271
Skyler,131563,386
Skyler,199727,404
Skyler,110477,342
Skyler,105875,229
Skyler,118685,98
Skyler,128622,645
Skyler,126882,758
Skyler,184419,423
Skyler,122865,403
Skyler,127732,527
Skyler,150342,292
Skyler,156998,633
Skyler,158098,210
Skyler,112236,623
Skyler,106689,295
Skyler,136250,205
Skyler,114860,631
Skyler,109670,392
Skyler,180186,320
Skyler,131900,268
Skyler,191531,165
Skyler,102844,853
Skyler,137675,871
Skyler,169888,357
Skyler,160928,803
Skyler,102131,649
Skyler,108333,444
Skyler,101142,941
Skyler,172345,811
Skyler,124283,187
Skyler,131177,706
Skyler,136397,845
Skyler,137060,370
Skyler,125237,466
Skyler,154343,318
Skyler,109817,654
Skyler,149910,717
Skyler,133771,83
Skyler,188530,780
Skyler,117351,183
Skyler,123286,415
Skyler,152251,355
Skyler,187802,363
Skyler,183714,575
Skyler,112422,165
Skyler,161168,324
Skyler,156350,453
Skyler,131849,833
Skyler,134450,192
Skyler,138694,60
Skyler,143039,851
Skyler,197732,477
Skyler,139049,92
Skyler,143006,864
Skyler,142468,361
Skyler,146400,337
Skyler,168235,44
Skyler,138833,461
Skyler,133505,685
Skyler,125391,60
Skyler,106792,332
Skyler,169740,672
Skyler,175867,303
Skyler,107111,687
Skyler,158131,665
Skyler,176558,776
Skyler,193037,885
Skyler,141350,242
Skyler,137492,100
Skyler,158368,634
Skyler,171898,725
Skyler,121779,261
Skyler,178074,82
Skyler,129648,826
Skyler,123891,638
Skyler,140082,358
Skyler,145878,879
Skyler,198151,208
Skyler,126513,563
Skyler,114859,466
Skyler,146270,325
Skyler,132203,647
Skyler,106157,531
Skyler,194470,29
Skyler,142588,428
Skyler,130631,76
Skyler,185840,68
Skyler,104389,819
Skyler,110284,56
Skyler,135356,839
Skyler,188756,83
Skyler,104240,963
Skyler,197347,166
Skyler,114555,315
Skyler,194694,273
Skyler,149726,299
Skyler,119566,51
Skyler,164548,774
Skyler,167664,653
Skyler,140929,905
Skyler,186183,218
Skyler,101266,475
Skyler,118264,915
Skyler,130509,298
Skyler,183833,888
Skyler,174135,961
Skyler,174187,113
Skyler,178825,408
Skyler,137278,521
Skyler,175673,767
Skyler,155929,306
Skyler,136581,969
Skyler,154804,819
Skyler,117513,730
Skyler,115867,88
Skyler,192806,850
Skyler,164665,622
Skyler,180629,643
Skyler,171762,980
Skyler,123504,42
Skyler,152085,237
Skyler,163961,638
Skyler,106458,490
Skyler,138739,777
Skyler,101076,199
Skyler,104241,354
Skyler,107183,75
Skyler,123721,965
Skyler,144012,318
Skyler,124205,528
Skyler,189337,891
Skyler,190228,832
Skyler,151924,114
Skyler,197768,113
Skyler,168077,731
Skyler,196862,341
Skyler,170421,743
Skyler,140087,254
Skyler,146986,452
Skyler,103689,119
Skyler,196601,780
Skyler,188430,852
Skyler,171320,305
Skyler,113275,59
Skyler,135270,260
Skyler,163617,853
Skyler,128161,652
Skyler,165310,645
Skyler,130431,490
Skyler,181343,205
Skyler,152323,178
Skyler,181735,658
Skyler,162008,469
Skyler,102137,176
Skyler,111977,306
Skyler,141283,392
Skyler,188660,51
Skyler,171088,121
Skyler,166217,9
Skyler,120081,764
Skyler,106363,968
Skyler,146367,748
Skyler,162278,813
Skyler,134446,179
Skyler,143272,570
Skyler,166739,665
Skyler,103387,302
Skyler,105037,440
Skyler,112251,401
Skyler,125379,316
Skyler,174626,667
Skyler,121595,165
Skyler,105746,646
Skyler,137377,557
Skyler,189696,2
Skyler,162926,716
Skyler,147492,468
Skyler,108993,107
Skyler,148098,360
Skyler,111028,903
Skyler,157640,724
Skyler,123720,219
Skyler,123353,614
Skyler,108870,948
Skyler,171214,339
Skyler,167762,415
Skyler,106668,553
Skyler,123025,786
Skyler,108619,930
Skyler,137817,485
Skyler,159051,957
Skyler,175988,775
Skyler,124192,422
Skyler,112554,140
Skyler,143352,684
Skyler,174267,428
Skyler,189806,144
Skyler,128813,655
Skyler,139435,35
Skyler,150210,20
Skyler,114280,740
Skyler,132239,339
Skyler,127022,114
Skyler,163670,591
Skyler,161213,989
Skyler,131558,209
Skyler,181606,247
Skyler,187211,685
Skyler,129317,400
Skyler,190762,919
Skyler,140386,236
Skyler,194115,654
Skyler,113598,842
Skyler,178836,895
Skyler,189107,381
Skyler,135606,703
Skyler,100787,545
Skyler,152985,28
Skyler,103795,218
Skyler,166440,399
Skyler,102611,139
Skyler,130690,774
Skyler,176827,995
Skyler,103413,373
Skyler,169587,229
Skyler,127355,86
Skyler,100494,889
Sheila,124266,486
Sheila,189180,596
Sheila,176630,914
Sheila,128908,910
Sheila,176953,757
Sheila,141767,66
Sheila,168863,542
Sheila,144401,188
Sheila,185991,185
Sheila,189236,598
Sheila,144139,35
Sheila,181597,321
Sheila,157512,514
Sheila,105865,892
Sheila,109879,606
Sheila,170157,460
Sheila,148950,409
Sheila,156662,164
Sheila,158450,983
Sheila,131107,673
Sheila,121180,118
Sheila,120185,637
Sheila,158487,230
Sheila,185642,358
Sheila,143370,3
Sheila,168520,446
Sheila,181354,515
Sheila,143038,865
Sheila,180884,452
Sheila,160430,59
Sheila,141503,250
Sheila,160657,509
Sheila,191720,794
Sheila,157036,651
Sheila,178288,484
Sheila,198563,562
Sheila,141137,498
Sheila,105068,867
Sheila,111990,505
Sheila,168332,646
Sheila,152391,630
Sheila,147055,386
Sheila,189636,476
Sheila,124047,283
Sheila,135565,766
Sheila,189349,21
Sheila,180989,912
Sheila,137440,701
Sheila,194741,894
Sheila,136467,170
Sheila,150414,785
Sheila,171384,322
Sheila,181998,651
Sheila,187020,250
Sheila,134112,210
Sheila,159777,273
Sheila,184875,990
Sheila,148353,3
Sheila,113369,880
Sheila,194885,518
Sheila,144474,829
Sheila,199311,751
Sheila,138922,431
Sheila,129014,628
Sheila,166423,15
Sheila,198593,378
Sheila,111765,722
Sheila,156751,289
Sheila,112336,975
Sheila,137709,832
Sheila,192284,452
Sheila,186249,354
Sheila,113708,494
Sheila,142335,226
Sheila,161984,661
Sheila,198803,839
Sheila,101182,147
Sheila,185702,392
Sheila,127143,345
Sheila,117668,447
Sheila,168634,85
Sheila,161421,827
Sheila,133093,294
Sheila,119051,154
Sheila,154279,954
Sheila,158280,124
Sheila,191845,395
Sheila,121900,648
Sheila,151369,709
Sheila,111588,192
Sheila,173859,24
Sheila,138301,848
Sheila,158929,308
Sheila,134819,351
Sheila,112425,783
Sheila,128952,955
Sheila,190747,479
Sheila,193748,590
Sheila,148927,734
Sheila,135163,21
Sheila,144802,196
Sheila,166891,291
Sheila,159250,93
Sheila,132504,459
Sheila,197707,454
Sheila,142931,796
Sheila,133507,500
Sheila,125566,805
Sheila,181803,685
Sheila,159162,265
Sheila,170005,738
Sheila,149879,876
Sheila,155544,336
Sheila,168035,416
Sheila,114748,796
Sheila,103508,45
Sheila,158029,189
Sheila,152751,968
Sheila,117197,63
Sheila,132668,527
Sheila,179888,117
Sheila,112570,198
Sheila,130640,385
Sheila,184465,824
Sheila,146455,68
Sheila,131906,809
Sheila,138875,13
Sheila,170196,805
Sheila,152051,74
Sheila,107261,500
Sheila,197517,919
Sheila,182336,410
Sheila,129156,577
Sheila,138906,620
Sheila,164593,651
Sheila,163191,507
Sheila,177323,374
Sheila,192249,886
Sheila,173364,737
Sheila,185411,733
Sheila,181346,657
Sheila,190994,266
Sheila,139845,331
Sheila,160799,137
Sheila,125291,161
Sheila,170782,404
Sheila,124301,862
Sheila,179491,373
Sheila,168769,304
Sheila,194421,596
Sheila,156580,286
Sheila,121602,146
Sheila,123054,118
Sheila,195198,268
Sheila,122351,17
Sheila,170432,544
Sheila,151642,998
Sheila,181995,768
Sheila,196514,484
Sheila,193841,638
Sheila,100140,870
Sheila,124404,156
Sheila,146786,411
Sheila,100641,602
Sheila,162342,949
Sheila,143988,999
Sheila,171934,782
Sheila,167886,905
Sheila,126064,223
Sheila,183898,866
Sheila,140761,667
Sheila,194464,317
Sheila,164941,493
Sheila,186833,386
Sheila,150479,182
Sheila,167748,244
Sheila,189413,585
Sheila,128477,381
Sheila,172720,986
Sheila,151418,344
Sheila,118204,667
Sheila,130169,862
Sheila,198354,159
Sheila,162863,527
Sheila,105693,77
Sheila,101879,924
Sheila,110402,992
Sheila,194147,445
Sheila,114000,306
Sheila,182031,571
Sheila,115413,530
Sheila,112628,4
Sheila,178571,177
Sheila,129464,165
Sheila,121135,93
Sheila,154853,447
Sheila,140249,68
Sheila,161886,569
Sheila,151974,726
Sheila,146741,920
Sheila,198008,810
Sheila,186851,819
Sheila,125694,156
Sheila,111324,145
Sheila,138007,197
Sheila,145682,229
Sheila,129267,826
Sheila,147881,932
Sheila,197436,342
Sheila,148351,295
Sheila,166128,58
Sheila,183797,76
Sheila,148214,11
Sheila,185889,387
Sheila,143678,382
Sheila,173161,649
Sheila,162184,949
Sheila,111040,866
Sheila,151829,504
Sheila,127853,301
Sheila,129390,664
Sheila,148383,455
Sheila,119160,72
Sheila,172774,99
Sheila,188955,800
Sheila,191832,759
Sheila,135660,428
Sheila,126128,789
Sheila,199275,981
Sheila,136120,55
Sheila,160577,831
Sheila,153680,435
Sheila,107118,357
Sheila,195826,59
Sheila,128338,750
Sheila,197843,768
Sheila,165425,214
Sheila,149346,500
Sheila,109991,367
Sheila,138096,993
Sheila,152818,804
Sheila,191643,837
Sheila,172555,272
Sheila,167630,619
Sheila,192803,874
Sheila,108800,205
Sheila,166100,833
Sheila,144876,756
Sheila,157379,179
Sheila,188847,512
Sheila,121246,323
Sheila,170548,247
Sheila,126497,576
Sheila,128141,873
Sheila,154765,851
Sheila,118052,822
Sheila,163877,177
Sheila,148794,252
Sheila,113810,901
Sheila,101111,955
Sheila,141637,69
Sheila,111921,98
Sheila,188633,206
Sheila,125137,581
Sheila,119011,433
Sheila,174288,295
Sheila,193402,499
Sheila,159846,201
Sheila,130108,452
Sheila,193418,787
Sheila,159181,456
Sheila,162135,529
Sheila,182196,576
Sheila,172828,658
Sheila,129085,820
Sheila,146426,150
Sheila,173971,612
Sheila,180790,27
Sheila,156952,375
Sheila,102040,888
Sheila,165099,382
Sheila,162386,758
Sheila,167390,493
Sheila,189246,801
Sheila,145233,257
Sheila,126198,300
Sheila,123555,358
Sheila,106169,322
Sheila,160010,813
Sheila,121215,819
Sheila,196320,448
Sheila,178582,695
Sheila,174607,539
Sheila,165402,604
Sheila,118213,165
Sheila,165881,612
Sheila,197459,686
Sheila,145117,90
Sheila,132217,505
Sheila,158244,741
Sheila,182479,434
Sheila,166591,49
Sheila,103572,826
Sheila,167043,263
Sheila,110871,484
Sheila,191332,389
Sheila,115429,578
Sheila,127809,989
Sheila,183974,519
Sheila,134813,801
Sheila,169948,32
Sheila,120414,547
Sheila,104179,430
Sheila,139576,154
Sheila,138750,181
Sheila,118187,587
Sheila,188945,423
Sheila,172571,235
Sheila,101769,742
Sheila,183493,192
Sheila,175549,167
Sheila,133610,291
Sheila,136488,709
Sheila,151363,706
Sheila,104919,258
Sheila,111487,561
Sheila,104968,76
Sheila,124411,208
Sheila,185753,505
Sheila,181198,998
Sheila,185771,537
Sheila,195214,197
Sheila,197087,712
Sheila,187983,451
Sheila,132997,507
Sheila,144231,135
Sheila,191923,356
Sheila,106305,159
Sheila,106988,301
Sheila,159875,855
Sheila,187376,414
Sheila,174585,55
Sheila,188271,250
Sheila,164454,952
Sheila,117370,193
Sheila,135980,655
Sheila,169837,94
Sheila,164935,220
Sheila,199229,718
Sheila,105079,18
Sheila,164610,397
Sheila,158502,181
Sheila,135935,154
Sheila,175485,164
Sheila,186979,22
Sheila,186477,728
Sheila,100842,518
Sheila,123427,389
Sheila,190931,496
Sheila,178942,507
Sheila,143276,130
Sheila,118823,388
Sheila,141163,257
Sheila,162239,101
Sheila,196649,903
Sheila,181493,377
Sheila,198022,519
Sheila,152471,361
Sheila,173607,434
Sheila,156245,240
Sheila,113257,372
Sheila,135913,227
Sheila,191042,164
Sheila,120582,263
Sheila,197856,216
Sheila,115460,238
Sheila,180623,620
Sheila,154716,935
Sheila,122958,538
Sheila,111210,721
Sheila,122063,449
Sheila,150552,767
Sheila,115923,40
Sheila,108617,659
Sheila,166036,328
Sheila,142620,282
Sheila,162424,135
Sheila,111815,116
Sheila,149335,501
Sheila,112574,875
Sheila,126610,941
Sheila,108566,436
Sheila,170208,129
Sheila,189732,957
Sheila,148025,731
Sheila,103993,268
Sheila,101012,996
Sheila,172950,971
Sheila,176400,125
Sheila,147541,164
Sheila,158699,775
Sheila,157137,596
Sheila,184774,575
Sheila,113450,140
Sheila,147761,17
Sheila,173501,980
Sheila,143722,191
Sheila,189917,660
Sheila,158316,844
Sheila,161794,526
Sheila,104366,317
Sheila,169619,417
Sheila,132702,255
Sheila,157201,575
Sheila,123375,730
Sheila,149773,543
Sheila,129627,137
Sheila,173575,766
Sheila,108767,846
Sheila,153434,606
Sheila,166948,880
Sheila,130996,744
Sheila,199058,716
Sheila,129226,578
Sheila,149254,965
Sheila,142191,395
Sheila,115115,177
Sheila,177989,27
Sheila,171877,500
Sheila,136159,212
Sheila,113908,62
Sheila,185078,853
Sheila,177666,334
Sheila,102693,284
Sheila,122263,706
Sheila,102321,288
Sheila,159167,194
Sheila,108530,519
Sheila,125404,624
Sheila,130107,302
Sheila,127530,591
Sheila,149053,879
Sheila,134923,842
Sheila,105449,891
Sheila,105470,344
Sheila,125757,138
Sheila,128551,819
Sheila,159513,677
Sheila,183020,527
Sheila,104705,708
Sheila,191508,705
Sheila,149009,258
Sheila,101048,215
Sheila,103366,326
Sheila,172599,310
Sheila,158808,95
Sheila,123910,575
Sheila,147319,974
Sheila,138559,167
Sheila,195681,593
Sheila,152975,866
Sheila,151378,233
Sheila,101102,109
Sheila,190365,867
Sheila,134457,393
Sheila,122990,510
Sheila,136861,539
Sheila,149276,114
Sheila,110226,97
Sheila,175589,74
Sheila,146533,12
Sheila,195053,749
Sheila,105692,475
Sheila,197817,948
Sheila,121166,234
Sheila,197513,782
Sheila,165708,480
Sheila,138186,418
Sheila,171165,856
Sheila,194314,458
Sheila,171039,793
Sheila,188857,768
Sheila,190629,883
Sheila,135977,694
Sheila,198490,466
Sheila,178469,412
Sheila,120190,46
Sheila,125906,619
Sheila,194709,726
Sheila,111564,659
Sheila,117346,152
Sheila,108907,187
Sheila,124673,55
Sheila,189998,335
Sheila,179094,746
Sheila,164097,786
Sheila,119430,168
Sheila,151500,227
Sheila,149165,465
Sheila,152302,527
Sheila,130615,531
Sheila,153176,877
Sheila,196327,396
Sheila,120361,683
Sheila,194385,78
Sheila,166433,993
Sheila,131944,208
Sheila,152837,596
Sheila,141766,253
Sheila,167998,213
Sheila,155532,997
Sheila,169314,468
Sheila,194701,218
Sheila,150332,761
Sheila,172624,324
Sheila,138362,581
Sheila,141476,851
Sheila,184829,594
Sheila,117583,976
Sheila,116584,830
Sheila,197520,597
Sheila,108551,109
Sheila,132257,253
Sheila,189600,648
Sheila,112800,676
Sheila,177722,300
Sheila,173873,614
Sheila,159896,560
Sheila,131148,381
Sheila,148575,404
Sheila,104283,384
Sheila,184866,359
Sheila,119765,218
Sheila,163804,357
Sheila,193961,642
Sheila,150848,346
Sheila,151129,214
Sheila,139903,961
Sheila,147429,758
Sheila,193842,158
Sheila,184628,149
Sheila,132484,264
Sheila,184553,133
Sheila,127758,615
Sheila,197137,708
Sheila,172763,389
Sheila,176640,906
Sheila,104638,681
Sheila,162356,909
Sheila,155137,806
Sheila,163492,521
Sheila,144977,313
Sheila,196063,618
Sheila,187859,599
Sheila,128178,241
Sheila,111852,469
Sheila,177732,513
Sheila,102967,947
Sheila,106685,340
Sheila,164696,726
Sheila,187569,165
Sheila,155567,565
Sheila,104452,679
Sheila,161958,652
Sheila,146980,846
Sheila,187004,47
Sheila,140173,420
Sheila,122304,54
Sheila,143175,923
Sheila,117287,707
Sheila,159272,569
Sheila,103724,706
Sheila,108089,419
Sheila,186006,86
Sheila,154364,404
Sheila,126864,987
Sheila,133355,944
Sheila,131817,869
Sheila,152994,906
Sheila,101943,727
Sheila,132400,689
Sheila,152709,851
Sheila,111251,74
Sheila,137870,338
Sheila,154850,261
Sheila,116990,702
Sheila,151664,178
Sheila,198503,339
Sheila,164087,101
Sheila,129572,522
Sheila,164917,722
Sheila,141719,753
Sheila,174695,443
Sheila,123539,63
Sheila,151473,672
Sheila,106640,909
Sheila,138560,868
Sheila,173011,843
Sheila,161945,804
Sheila,101749,912
Sheila,142720,990
Sheila,157418,844
Sheila,146724,515
Sheila,117529,872
Sheila,144920,960
Sheila,108131,887
Sheila,178533,945
Sheila,158734,667
Sheila,111587,686
Sheila,188420,613
Sheila,175815,290
Sheila,134980,677
Sheila,144939,917
Sheila,112792,134
Sheila,191029,87
Sheila,112493,25
Sheila,189363,425
Sheila,167781,439
Sheila,110603,269
Sheila,178072,593
Sheila,126308,28
Sheila,154967,641
Sheila,107659,322
Sheila,188358,240
Sheila,198359,28
Sheila,119601,450
Sheila,139027,741
Sheila,117416,585
Sheila,157451,72
Sheila,150745,832
Sheila,113615,663
Sheila,159813,814
Sheila,110303,693
Sheila,118658,308
Sheila,199811,231
Sheila,142729,821
Sheila,143578,69
Sheila,142189,705
Sheila,149616,903
Sheila,126208,151
Sheila,117921,85
Sheila,155595,29
Sheila,133277,502
Sheila,104520,969
Sheila,135291,311
Sheila,191419,423
Sheila,198136,912
Sheila,128534,717
Sheila,132319,725
Sheila,186113,621
Sheila,130115,330
Sheila,169512,222
Sheila,193276,240
Sheila,100572,384
Sheila,165027,43
Sheila,104010,145
Sheila,181131,672
Sheila,142281,378
Sheila,110120,309
Sheila,161148,292
Sheila,105441,388
Sheila,167637,195
Sheila,172583,455
Sheila,105373,44
Sheila,117187,40
Sheila,171597,131
Sheila,103237,174
Sheila,118244,513
Sheila,110827,39
Sheila,117435,568
Sheila,130272,760
Sheila,118175,841
Sheila,141601,720
Sheila,138902,931
Sheila,163781,540
Sheila,104142,470
Sheila,155296,157
Sheila,187002,354
Sheila,148507,255
Sheila,110890,217
Sheila,198048,349
Sheila,188939,263
Sheila,136726,589
Sheila,193758,97
Sheila,134987,809
Sheila,159330,372
Sheila,101052,817
Sheila,182876,393
Sheila,128646,601
Sheila,149596,366
Sheila,167768,534
Sheila,182359,533
Sheila,130180,144
Sheila,159081,49
Sheila,156764,308
Sheila,107343,208
Sheila,147895,236
Sheila,185444,435
Sheila,148616,231
Sheila,148961,267
Sheila,117128,406
Sheila,138543,722
Sheila,147535,402
Sheila,146352,743
Sheila,171057,675
Sheila,113314,336
Sheila,184879,925
Sheila,145010,110
Sheila,181894,875
Sheila,198685,734
Sheila,159857,384
Sheila,146499,48
Sheila,191380,856
Sheila,131901,388
Sheila,130294,828
Sheila,168830,117
Sheila,125701,37
Sheila,108224,8
Sheila,150871,613
Sheila,144493,220
Sheila,138736,505
Sheila,154437,839
Sheila,161481,625
Sheila,158837,227
Sheila,198638,60
Sheila,155634,548
Sheila,148175,558
Sheila,101833,124
Sheila,139754,827
Sheila,136528,810
Sheila,102467,796
Sheila,145916,828
Sheila,129172,920
Sheila,118118,416
Sheila,168542,483
Sheila,149314,694
Sheila,157797,821
Sheila,191461,442
Sheila,171168,702
Sheila,176071,716
Sheila,178601,314
Sheila,139311,943
Sheila,110526,707
Sheila,185009,853
Sheila,165325,495
Sheila,199091,695
Sheila,147552,289
Sheila,121044,168
Sheila,150315,902
Sheila,194322,412
Sheila,174853,484
Sheila,166724,583
Sheila,179798,783
Sheila,143759,53
Sheila,107475,143
Sheila,188577,987
Sheila,130628,106
Sheila,194292,427
Sheila,164467,22
Sheila,188780,146
Sheila,131022,789
Sheila,101342,423
Sheila,126179,626
Sheila,194278,565
Sheila,159324,262
Sheila,126702,881
Sheila,150616,207
Sheila,110143,970
Sheila,145168,672
Sheila,193119,311
Sheila,147814,32
Sheila,146908,288
Sheila,142020,128
Sheila,183640,278
Sheila,148059,74
Sheila,192314,88
Sheila,136401,303
Sheila,138792,563
Sheila,137864,982
Sheila,131550,61
Sheila,104131,133
Sheila,182956,57
Sheila,168673,932
Sheila,198980,30
Sheila,106536,276
Sheila,185964,44
Sheila,144914,177
Sheila,183459,98
Sheila,164866,25
Sheila,112956,831
Sheila,173687,964
Sheila,161411,817
Sheila,179869,434
Sheila,142258,455
Sheila,117820,67
Sheila,182786,224
Sheila,157285,246
Sheila,180008,307
Sheila,196332,881
Sheila,153437,568
Sheila,118807,204
Sheila,199496,968
Sheila,101847,32
Sheila,125932,542
Sheila,146036,767
Sheila,199332,495
Sheila,194018,900
Sheila,191747,758
Sheila,191838,20
Sheila,102339,877
Sheila,178318,4
Sheila,144706,482
Sheila,131176,345
Sheila,140510,83
Sheila,120873,595
Sheila,121653,665
Sheila,143118,820
Sheila,189657,854
Sheila,180730,556
Sheila,164896,454
Sheila,183715,341
Sheila,168660,274
Sheila,169481,835
Sheila,196342,975
Sheila,101849,142
Sheila,146800,670
Sheila,131406,517
Sheila,131854,688
Sheila,193362,383
Sheila,153244,394
Sheila,171280,779
Sheila,101716,835
Sheila,122408,287
Sheila,140786,245
Sheila,114351,409
Sheila,130046,919
Sheila,148370,622
Sheila,103596,916
Sheila,138614,162
Sheila,174499,193
Sheila,184126,397
Sheila,138426,67
Sheila,101690,471
Sheila,104393,152
Sheila,148872,29
Sheila,155643,107
Sheila,174196,140
Sheila,179068,300
Sheila,179175,943
Sheila,167860,528
Sheila,162125,946
Sheila,173905,377
Sheila,118426,199
Sheila,128769,627
Sheila,178500,418
Sheila,109050,130
Sheila,174527,477
Sheila,186599,376
Sheila,143005,86
Sheila,162746,413
Sheila,149787,274
Sheila,186039,452
Sheila,156841,38
Sheila,174278,665
Sheila,102748,121
Sheila,106233,865
Sheila,179082,614
Sheila,121354,43
Sheila,109159,140
Sheila,147860,446
Sheila,194634,606
Sheila,100716,761
Sheila,175315,147
Sheila,131814,999
Sheila,134607,207
Sheila,115587,588
Sheila,199990,25
Sheila,134370,696
Sheila,187917,670
Sheila,170876,31
Sheila,171904,234
Sheila,125429,905
Sheila,106429,543
Sheila,157728,190
Sheila,161624,32
Sheila,173952,820
Sheila,118210,811
Sheila,144087,839
Sheila,186879,517
Sheila,128691,471
Sheila,146704,82
Sheila,148563,445
Sheila,105377,228
Sheila,118127,827
Sheila,182811,720
Sheila,144722,128
Sheila,115915,836
Sheila,100893,524
Sheila,183917,290
Sheila,113125,278
Sheila,139638,748
Sheila,131753,990
Sheila,195499,481
Sheila,165692,779
Sheila,181870,293
Sheila,184897,220
Sheila,138378,850
Sheila,187196,165
Sheila,120420,679
Sheila,143179,65
Sheila,196206,66
Sheila,125870,940
Sheila,162514,401
Sheila,143670,362
Sheila,131607,806
Sheila,136956,442
Sheila,125300,275
Sheila,189838,363
Sheila,159134,669
Sheila,183274,946
Sheila,131270,362
Sheila,138535,877
Sheila,173510,888
Sheila,160555,347
Sheila,121825,184
Sheila,100274,228
Sheila,147320,595
Sheila,171708,571
Sheila,197327,35
Sheila,195299,601
Sheila,164443,407
Sheila,170896,442
Sheila,131947,510
Sheila,192768,58
Sheila,121265,596
Sheila,189347,108
Sheila,110792,536
Sheila,174487,708
Sheila,171920,278
Sheila,190709,994
Sheila,152978,49
Sheila,148636,80
Sheila,154836,555
Sheila,188803,887
Sheila,146298,665
Sheila,164173,361
Sheila,167424,324
Sheila,183937,150
Sheila,176349,27
Sheila,160596,357
Sheila,129199,594
Sheila,172520,526
Sheila,188442,949
Sheila,173131,265
Sheila,145273,438
Sheila,113934,157
Sheila,187522,569
Sheila,143495,426
Sheila,190556,150
Sheila,186705,957
Sheila,102776,153
Sheila,105339,750
Sheila,129738,500
Sheila,151989,979
Sheila,178719,241
Sheila,191283,833
Sheila,197121,96
Sheila,146833,229
Sheila,191945,282
Sheila,137380,19
Sheila,128430,503
Sheila,171999,275
Sheila,189647,865
Sheila,110611,724
Sheila,197766,946
Sheila,161131,56
Sheila,128668,121
Sheila,106755,7
Sheila,149456,759
Sheila,128283,270
Sheila,170839,816
Sheila,135612,667
Sheila,168013,121
Samantha,150478,171
Samantha,117095,820
Samantha,149478,992
Samantha,128756,947
Samantha,178382,343
Samantha,153262,443
Samantha,192521,429
Samantha,139927,748
Samantha,167692,452
Samantha,107395,172
Samantha,110999,563
Samantha,109420,51
Samantha,176914,43
Samantha,181669,243
Samantha,126093,702
Samantha,117589,683
Samantha,184255,733
Samantha,175661,654
Samantha,179243,671
Samantha,158779,218
Samantha,164569,497
Samantha,161824,917
Samantha,152515,836
Samantha,190530,850
Samantha,170206,596
Samantha,193848,923
Samantha,197115,207
Samantha,176732,190
Samantha,193070,621
Samantha,188296,732
Samantha,197494,563
Samantha,123827,429
Samantha,136792,569
Samantha,143322,664
Samantha,186475,31
Samantha,113626,192
Samantha,118551,806
Samantha,146846,565
Samantha,170950,264
Samantha,120478,723
Samantha,165750,852
Samantha,156538,306
Samantha,161880,924
Samantha,132692,446
Samantha,123522,999
Samantha,107164,18
Samantha,155179,582
Samantha,108637,583
Samantha,107451,80
Samantha,127671,541
Samantha,127150,996
Samantha,133959,702
Samantha,181598,234
Samantha,177158,504
Samantha,131839,342
Samantha,196113,26
Samantha,191266,193
Samantha,189192,760
Samantha,137300,300
Samantha,192486,836
Samantha,102030,499
Samantha,125729,121
Samantha,175216,143
Samantha,108698,207
Samantha,152487,666
Samantha,164756,880
Samantha,146074,760
Samantha,113398,959
Samantha,188410,491
Samantha,106994,473
Samantha,133600,223
Samantha,111170,859
Samantha,142133,795
Samantha,176068,565
Samantha,121036,170
Samantha,119592,624
Samantha,135783,812
Samantha,171613,339
Samantha,121395,289
Samantha,156924,810
Samantha,145982,323
Samantha,146458,230
Samantha,106333,57
Samantha,148006,275
Samantha,136606,838
Samantha,111781,87
Samantha,163448,134
Samantha,120826,795
Samantha,107718,77
Samantha,159645,900
Samantha,102628,109
Samantha,159562,513
Samantha,130175,63
Samantha,140344,23
Samantha,176016,726
Samantha,183578,829
Samantha,127113,152
Samantha,181659,166
Samantha,109513,961
Samantha,114597,741
Samantha,153126,133
Samantha,197486,966
Samantha,180514,152
Samantha,128529,477
Samantha,194391,685
Samantha,132107,569
Samantha,167093,362
Samantha,137312,966
Samantha,166996,606
Samantha,128632,826
Samantha,196586,396
Samantha,156013,418
Samantha,165446,203
Samantha,187417,353
Samantha,150337,789
Samantha,166294,247
Samantha,187611,382
Samantha,125286,27
Samantha,136166,490
Samantha,152988,597
Samantha,134526,238
Samantha,152707,605
Samantha,165705,24
Samantha,195789,738
Samantha,155661,460
Samantha,191731,146
Samantha,130319,813
Samantha,147215,955
Samantha,104468,668
Samantha,176577,153
Samantha,108336,998
Samantha,191883,346
Samantha,111025,590
Samantha,101324,937
Samantha,126166,713
Samantha,170808,78
Samantha,145692,712
Samantha,186959,298
Samantha,120572,774
Samantha,182338,982
Samantha,188012,797
Samantha,169489,856
Samantha,111633,95
Samantha,134230,26
Samantha,132392,760
Samantha,198425,410
Samantha,145853,81
Samantha,112147,728
Samantha,154339,248
Samantha,101794,792
Samantha,138974,90
Samantha,154561,485
Samantha,126722,725
Samantha,125271,220
Samantha,151467,660
Samantha,174643,497
Samantha,156205,657
Samantha,165399,687
Samantha,199320,888
Samantha,195059,215
Samantha,109009,290
Samantha,181259,201
Samantha,122285,16
Samantha,127628,158
Samantha,150525,429
Samantha,122253,485
Samantha,103460,225
Samantha,187540,8
Samantha,151851,522
Samantha,153421,403
Samantha,167221,744
Samantha,110003,581
Samantha,173162,614
Samantha,145538,690
Samantha,172242,463
Samantha,143174,983
Samantha,151890,624
Samantha,140864,504
Samantha,177465,1000
Samantha,109229,113
Samantha,177041,288
Samantha,127192,599
Samantha,134218,660
Samantha,105385,715
Samantha,143531,990
Samantha,181238,901
Samantha,195517,390
Samantha,139292,447
Samantha,152669,481
Samantha,133941,853
Samantha,149867,545
Samantha,190362,326
Samantha,111929,432
Samantha,115879,207
Samantha,172745,900
Samantha,195442,408
Samantha,194751,375
Samantha,193823,743
Samantha,164439,153
Samantha,129223,498
Samantha,131988,230
Samantha,119503,116
Samantha,158435,14
Samantha,199568,227
Samantha,145900,386
Samantha,163914,878
Samantha,101124,410
Samantha,196618,232
Samantha,102892,167
Samantha,111361,535
Samantha,143909,326
Samantha,178370,481
Samantha,140335,974
Samantha,198169,170
Samantha,154636,84
Samantha,145812,831
Samantha,121196,605
Samantha,179831,626
Samantha,101583,380
Samantha,134767,486
Samantha,196017,69
Samantha,111338,689
Samantha,140468,517
Samantha,145100,113
Samantha,133223,202
Samantha,175880,738
Samantha,154534,203
Samantha,193237,931
Samantha,165185,975
Samantha,158486,696
Samantha,160497,953
Samantha,179417,659
Samantha,131760,433
Samantha,189303,942
Samantha,141687,21
Samantha,196634,141
Samantha,169021,213
Samantha,171864,926
Samantha,129637,496
Samantha,125305,964
Samantha,172464,444
Samantha,168989,48
Samantha,137396,32
Samantha,178115,207
Samantha,134017,468
Samantha,157471,950
Samantha,167385,526
Samantha,176980,841
Samantha,167440,993
Samantha,185105,329
Samantha,119796,951
Samantha,175977,114
Samantha,130425,1
Samantha,141142,176
Samantha,133497,921
Samantha,121039,239
Samantha,155420,847
Samantha,163094,568
Samantha,196377,594
Samantha,140730,841
Samantha,198226,110
Samantha,167487,925
Samantha,120958,79
Samantha,126850,166
Samantha,110415,51
Samantha,195546,34
Samantha,124792,602
Samantha,159905,709
Samantha,178393,468
Samantha,100121,305
Samantha,115273,145
Samantha,152480,496
Samantha,153428,89
Samantha,182102,486
Samantha,159401,546
Samantha,187129,38
Samantha,166616,388
Samantha,192541,816
Samantha,163032,59
Samantha,193354,208
Samantha,118912,500
Samantha,188133,835
Samantha,146353,120
Samantha,149681,130
Samantha,128221,510
Samantha,190216,57
Samantha,150241,859
Samantha,165373,818
Samantha,184321,969
Samantha,136850,492
Samantha,163856,979
Samantha,181284,432
Samantha,162481,826
Samantha,180524,137
Samantha,170751,377
Samantha,169609,802
Samantha,148430,418
Samantha,119784,271
Samantha,109264,146
Samantha,110128,849
Samantha,138332,118
Samantha,118680,321
Samantha,174840,16
Samantha,149014,73
Samantha,114729,478
Samantha,115643,198
Samantha,121573,417
Samantha,114257,531
Samantha,194994,757
Samantha,114996,568
Samantha,131850,204
Samantha,191106,161
Samantha,147784,986
Samantha,103971,934
Samantha,154148,445
Samantha,142743,943
Samantha,162310,256
Samantha,159036,655
Samantha,164274,442
Samantha,137783,603
Samantha,133545,668
Samantha,113974,930
Samantha,126099,64
Samantha,147720,540
Samantha,145799,88
Samantha,101762,925
Samantha,193350,384
Samantha,102002,461
Samantha,141985,655
Samantha,116475,791
Samantha,138596,964
Samantha,186923,549
Samantha,197440,423
Samantha,124507,902
Samantha,145240,728
Samantha,181122,145
Samantha,156939,831
Samantha,106513,127
Samantha,183067,591
Samantha,160509,950
Samantha,196160,787
Samantha,103093,132
Samantha,117307,243
Samantha,160420,53
Samantha,108765,586
Samantha,193761,181
Samantha,171159,844
Samantha,185896,449
Samantha,150497,732
Samantha,182322,485
Samantha,182083,566
Samantha,113459,798
Samantha,140166,325
Samantha,114668,898
Samantha,116658,344
Samantha,194068,558
Samantha,152070,229
Samantha,185670,981
Samantha,126930,970
Samantha,150383,964
Samantha,109195,38
Samantha,173999,831
Samantha,190048,92
Samantha,114581,660
Samantha,169859,53
Samantha,154670,597
Samantha,116607,28
Samantha,141187,676
Samantha,113306,701
Samantha,134049,619
Samantha,164180,482
Samantha,149107,814
Samantha,117102,430
Samantha,160334,470
Samantha,184432,6
Samantha,164463,321
Samantha,140261,593
Samantha,109154,686
Samantha,136909,63
Samantha,162303,266
Samantha,151720,465
Samantha,127550,694
Samantha,172907,160
Samantha,115611,98
Samantha,152768,664
Samantha,126441,76
Samantha,144170,177
Samantha,154322,50
Samantha,158570,377
Samantha,145814,333
Samantha,118526,19
Samantha,172018,835
Samantha,113047,651
Samantha,113854,80
Samantha,119702,601
Samantha,128776,326
Samantha,127513,179
Samantha,110717,158
Samantha,169765,563
Samantha,151650,649
Samantha,131825,803
Samantha,144751,399
Samantha,169195,237
Samantha,128489,828
Samantha,154377,541
Samantha,160506,950
Samantha,107968,204
Samantha,171347,157
Samantha,108510,487
Samantha,197711,911
Samantha,106210,775
Samantha,188299,934
Samantha,146254,959
Samantha,155264,480
Samantha,110828,601
Samantha,176327,178
Samantha,163218,36
Samantha,119609,900
Samantha,100604,128
Samantha,174184,649
Samantha,180540,676
Samantha,102797,677
Samantha,129916,647
Samantha,193246,919
Samantha,164280,391
Samantha,194178,748
Samantha,127558,313
Samantha,132971,570
Samantha,134564,695
Samantha,153462,255
Samantha,154409,969
Samantha,182267,334
Samantha,123744,284
Samantha,117016,744
Samantha,180536,789
Samantha,171778,438
Samantha,120387,916
Samantha,114114,309
Samantha,108243,615
Samantha,107929,839
Samantha,181851,663
Samantha,175666,171
Samantha,172115,907
Samantha,133425,170
Samantha,105800,112
Samantha,191109,445
Samantha,198737,411
Samantha,183830,942
Samantha,105517,780
Samantha,114660,498
Samantha,158455,586
Samantha,196287,736
Samantha,169839,38
Samantha,180620,119
Samantha,196268,575
Samantha,106212,409
Samantha,114960,639
Samantha,165722,521
Samantha,118708,213
Samantha,167864,534
Samantha,168061,908
Samantha,194980,524
Samantha,188528,411
Samantha,191074,700
Samantha,119076,178
Samantha,189603,99
Samantha,164899,543
Samantha,192590,218
Samantha,146088,929
Samantha,147048,358
Samantha,178827,317
Samantha,136096,484
Samantha,183445,811
Samantha,162484,392
Samantha,157841,327
Samantha,180381,584
Samantha,174379,876
Samantha,183850,987
Samantha,135786,61
Samantha,191037,29
Samantha,125337,444
Samantha,194356,132
Samantha,105118,896
Samantha,118019,353
Samantha,197681,887
Samantha,175955,169
Samantha,161949,57
Samantha,139395,604
Samantha,139720,378
Samantha,132996,698
Samantha,149595,608
Samantha,100062,925
Samantha,130733,791
Samantha,183555,265
Samantha,160722,416
Samantha,155151,867
Samantha,173027,950
Samantha,172035,54
Samantha,161981,736
Samantha,144195,442
Samantha,195190,755
Samantha,130438,468
Samantha,184730,23
Samantha,130285,573
Samantha,168266,227
Samantha,197351,692
Samantha,194492,7
Samantha,152460,229
Samantha,151365,828
Samantha,125035,586
Samantha,143717,262
Samantha,103515,299
Samantha,131608,68
Samantha,130696,587
Samantha,179322,296
Samantha,101229,728
Samantha,101723,689
Samantha,152577,373
Samantha,199756,650
Samantha,130714,293
Samantha,140762,77
Samantha,162868,824
Samantha,116860,384
Samantha,191686,326
Samantha,114681,456
Samantha,134650,848
Samantha,116957,443
Samantha,146692,462
Samantha,142733,630
Samantha,117696,46
Samantha,111758,410
Samantha,149639,787
Samantha,145274,763
Samantha,112990,410
Samantha,182326,48
Samantha,152159,582
Samantha,126623,324
Samantha,167209,968
Samantha,107816,161
Samantha,111940,257
Samantha,104819,805
Samantha,133208,211
Samantha,166866,144
Samantha,128778,786
Samantha,186777,732
Samantha,113982,297
Samantha,124152,277
Samantha,129565,141
Samantha,106271,5
Samantha,132015,892
Samantha,180827,64
Samantha,161324,769
Samantha,146148,578
Samantha,191150,691
Samantha,127210,868
Samantha,178088,803
Samantha,133428,767
Samantha,113783,756
Samantha,167715,859
Samantha,185148,405
Samantha,102104,236
Samantha,189728,798
Samantha,109004,119
Samantha,128334,677
Samantha,124208,760
Samantha,138826,387
Samantha,144558,774
Samantha,136825,551
Samantha,105855,331
Samantha,156269,738
Samantha,130527,127
Samantha,141311,979
Samantha,119483,983
Samantha,144396,686
Samantha,158129,31
Samantha,123848,199
Samantha,132683,146
Samantha,116154,745
Samantha,104691,497
Samantha,102644,723
Samantha,104854,505
Samantha,115823,198
Samantha,145146,320
Samantha,131927,694
Samantha,130536,322
Samantha,130654,527
Samantha,157786,455
Samantha,184270,156
Samantha,112840,759
Samantha,155903,923
Samantha,147329,296
Samantha,143810,258
Samantha,177303,546
Samantha,144516,546
Samantha,107119,82
Samantha,127059,721
Samantha,179903,923
Samantha,100163,887
Samantha,179421,394
Samantha,187142,354
Samantha,123681,137
Samantha,143391,671
Samantha,188157,425
Samantha,113791,497
Samantha,160591,216
Samantha,167834,643
Samantha,185734,249
Samantha,194079,96
Samantha,193825,334
Samantha,142963,977
Samantha,178253,875
Samantha,113455,828
Samantha,102735,916
Samantha,111292,491
Samantha,107844,154
Samantha,103741,3
Samantha,162672,276
Samantha,140297,160
Samantha,120211,580
Samantha,149485,611
Samantha,173352,408
Samantha,150176,444
Samantha,128025,77
Samantha,136839,451
Samantha,129715,364
Samantha,169182,315
Samantha,150964,82
Samantha,112224,626
Samantha,107822,285
Samantha,135127,150
Samantha,183683,377
Samantha,133324,431
Samantha,179204,874
Samantha,176562,579
Samantha,138264,26
Samantha,100142,93
Samantha,194108,205
Samantha,146253,1
Samantha,148324,502
Samantha,122074,104
Samantha,188486,790
Samantha,100925,473
Samantha,143474,402
Samantha,156536,884
Samantha,127488,767
Samantha,199697,442
Samantha,174860,219
Samantha,156857,709
Samantha,102410,253
Samantha,121121,299
Samantha,141252,821
Samantha,176057,940
Samantha,109472,912
Samantha,133692,590
Samantha,172707,848
Samantha,114718,569
Samantha,166322,712
Samantha,109863,503
Samantha,137058,822
Samantha,191385,649
Samantha,103116,269
Samantha,191847,834
Samantha,159268,864
Samantha,142105,282
Samantha,189936,617
Samantha,174733,692
Samantha,198611,561
Samantha,136698,222
Samantha,170817,896
Samantha,191285,968
Samantha,145809,925
Samantha,165852,336
Samantha,172314,841
Samantha,167367,559
Samantha,162548,925
Samantha,179984,853
Samantha,136433,682
Samantha,137851,671
Samantha,199219,831
Samantha,190837,802
Samantha,103634,561
Samantha,155578,824
Samantha,103290,829
Samantha,107909,578
Samantha,138617,809
Samantha,114272,923
Samantha,180004,644
Samantha,139411,449
Samantha,138008,624
Samantha,151785,594
Samantha,147416,658
Samantha,120524,888
Samantha,131065,933
Samantha,183646,26
Samantha,192554,579
Samantha,105641,780
Samantha,122732,224
Samantha,144339,292
Samantha,117912,9
Samantha,128170,241
Samantha,113144,294
Samantha,130057,735
Samantha,101384,726
Samantha,128213,900
Samantha,142495,133
Samantha,137907,921
Samantha,150718,32
Samantha,185258,636
Samantha,183096,920
Samantha,124486,504
Samantha,143296,971
Samantha,144310,999
Samantha,187484,270
Samantha,156672,542
Samantha,117724,815
Samantha,153702,689
Samantha,103564,671
Samantha,134014,289
Samantha,166206,216
Samantha,112774,725
Samantha,119861,307
Samantha,136570,167
Samantha,151554,543
Samantha,135153,816
Samantha,155331,304
Samantha,175305,624
Samantha,107997,640
Samantha,183521,149
Samantha,164376,598
Samantha,166534,781
Samantha,120888,119
Samantha,120716,774
Samantha,145342,349
Samantha,137497,746
Samantha,121949,102
Samantha,192658,522
Samantha,141344,324
Samantha,151197,822
Samantha,107971,193
Samantha,120137,201
Samantha,140204,997
Samantha,119487,83
Samantha,142459,960
Samantha,137227,352
Samantha,149885,590
Samantha,161293,290
Samantha,163045,571
Samantha,196263,180
Samantha,187997,640
Samantha,145530,903
Samantha,127469,42
Samantha,197988,645
Samantha,130964,303
Samantha,151058,974
Samantha,144436,730
Samantha,193608,502
Samantha,165527,182
Samantha,141740,162
Samantha,109433,846
Samantha,108372,32
Samantha,142858,770
Samantha,145676,236
Samantha,100694,965
Samantha,141084,792
Samantha,136339,440
Samantha,119551,934
Samantha,183549,484
Samantha,169140,283
Samantha,173348,848
Samantha,160217,226
Samantha,185683,149
Samantha,192553,197
Samantha,158933,378
Samantha,137877,637
Samantha,139162,25
Samantha,186106,647
Samantha,152812,561
Samantha,138484,732
Samantha,149243,301
Samantha,169840,888
Samantha,109483,241
Samantha,125449,529
Samantha,110498,420
Samantha,169834,686
Samantha,110754,847
Samantha,111171,274
Samantha,137286,205
Samantha,156357,647
Samantha,157371,292
Samantha,124484,288
Samantha,168841,692
Samantha,130037,690
Samantha,113050,589
Samantha,129844,228
Samantha,174763,92
Samantha,117986,951
Samantha,166496,366
Samantha,150614,929
Samantha,157174,833
Samantha,171572,32
Samantha,126360,633
Samantha,128488,543
Samantha,103975,221
Samantha,183754,842
Samantha,192703,294
Samantha,180834,388
Samantha,158668,364
Samantha,168119,99
Samantha,172942,643
Samantha,146766,629
Samantha,199925,770
Samantha,177017,610
Samantha,113358,168
Samantha,164033,11
Samantha,137769,789
Samantha,144444,106
Samantha,195612,32
Samantha,129679,367
Samantha,153392,527
Samantha,155563,343
Samantha,199129,102
Samantha,178412,539
Samantha,103483,297
Samantha,116995,330
Samantha,117615,925
Samantha,105462,872
Samantha,104826,345
Samantha,158730,99
Samantha,149944,137
Samantha,140985,44
Samantha,107305,64
Samantha,109946,257
Samantha,108699,863
Samantha,109121,902
Samantha,164736,506
Samantha,179771,394
Samantha,123894,80
Samantha,125635,160
Samantha,185985,623
Samantha,137251,691
Samantha,189014,416
Samantha,118484,554
Samantha,143859,950
Samantha,135324,623
Samantha,170207,640
Samantha,165034,855
Samantha,174042,848
Samantha,140101,64
Samantha,164018,386
Samantha,118689,185
Samantha,115221,53
Samantha,172438,136
Samantha,199554,803
Samantha,106709,213
Samantha,135351,33
Samantha,131429,140
Samantha,138521,998
Samantha,166861,528
Samantha,133660,59
Samantha,103995,2
Samantha,132226,232
Samantha,191567,436
Samantha,125642,668
Samantha,100838,120
Samantha,162882,805
Samantha,137728,177
Samantha,167464,459
Samantha,122768,200
Samantha,141640,432
Samantha,125767,545
Samantha,134743,195
Samantha,130768,372
Samantha,192933,27
Samantha,110972,562
Samantha,109881,57
Samantha,108173,455
Samantha,143152,98
Samantha,167103,776
Samantha,106594,331
Samantha,172145,922
Samantha,160424,822
Samantha,195319,465
Samantha,172626,393
Samantha,123444,212
Samantha,103551,579
Samantha,103641,695
Samantha,126010,216
Samantha,185571,429
Samantha,103958,419
Samantha,162701,323
Samantha,133166,838
Samantha,178386,270
Samantha,150253,330
Samantha,106553,723
Samantha,194248,492
Samantha,160111,487
Samantha,111376,846
Samantha,137076,36
Samantha,134964,610
Samantha,188251,653
Samantha,118991,955
Samantha,171506,735
Samantha,132600,905
Samantha,119849,529
Samantha,162761,738
Samantha,178429,590
Samantha,185583,390
Samantha,180196,887
Samantha,108997,337
Samantha,183063,991
Samantha,199569,328
Samantha,183125,745
Samantha,150303,548
Samantha,191584,127
Samantha,103794,319
Samantha,158637,759
Samantha,133783,817
Samantha,173861,455
Samantha,121195,445
Samantha,165348,651
Samantha,187925,297
Samantha,105439,604
Samantha,157487,968
Samantha,112820,529
Samantha,195975,162
Samantha,143300,438
Samantha,107806,255
Samantha,141066,746
Samantha,154830,940
Samantha,125341,251
Samantha,150704,99
Samantha,104686,183
Samantha,191895,604
Samantha,170387,265
Samantha,157551,231
Samantha,116208,239
Samantha,125649,959
Samantha,157867,708
Samantha,185363,596
Samantha,153440,398
Samantha,192694,81
Samantha,173284,592
Samantha,112029,570
Samantha,125895,827
Samantha,135382,224
Samantha,110983,258
Samantha,180148,805
Samantha,157131,919
Samantha,193156,581
Samantha,184181,690
Samantha,127516,897
Samantha,154965,457
Samantha,160564,504
Samantha,139722,647
Samantha,120801,936
Samantha,180051,506
Samantha,121604,396
Samantha,138410,311
Samantha,167225,382
Samantha,170129,936
Samantha,113322,212
Samantha,123388,763
Samantha,194932,221
Samantha,189126,205
Samantha,192600,580
Samantha,139420,518
Samantha,179360,397
Samantha,198270,401
Samantha,111833,560
Samantha,173335,512
Samantha,130840,205
Samantha,175874,428
Samantha,164320,669
Samantha,111891,678
Samantha,187554,100
Samantha,177024,882
Samantha,158145,292
Samantha,108069,204
Samantha,140752,614
Samantha,133890,775
Samantha,160756,52
Samantha,171378,118
Samantha,132323,605
Samantha,155651,64
Samantha,127494,143
Samantha,100295,8
Samantha,126195,99
Samantha,146836,751
Samantha,102921,338
Samantha,110834,778
Samantha,137844,199
Samantha,107741,419
Samantha,147301,703
Samantha,192697,310
Samantha,121591,100
Samantha,185705,694
Samantha,181363,244
Samantha,104751,435
Samantha,185944,913
Samantha,117221,942
Samantha,169946,132
Samantha,135273,576
Samantha,144010,460
Samantha,195926,548
Samantha,140327,349
Samantha,173585,173
Samantha,103992,55
Samantha,190826,401
Samantha,195175,442
Samantha,152307,605
Samantha,106063,300
Samantha,141046,852
Samantha,109237,174
Samantha,103753,347
Samantha,124990,364
Samantha,160563,917
Samantha,132756,439
Samantha,117431,633
Samantha,194479,146
Samantha,142917,196
Samantha,133843,88
Samantha,119211,89
Samantha,148706,550
Samantha,105432,818
Samantha,166357,159
Samantha,148253,400
Samantha,132931,737
Samantha,146608,652
Samantha,118397,112
Samantha,160466,301
Samantha,160909,574
Samantha,110624,19
Samantha,198075,961
Samantha,151512,753
Samantha,115379,619
Samantha,103629,997
Samantha,113131,162
Salvador,140125,158
Salvador,188224,676
Salvador,184294,760
Salvador,160293,713
Salvador,111552,901
Salvador,168631,485
Salvador,136628,59
Salvador,107248,609
Salvador,133784,909
Salvador,158828,21
Salvador,184283,797
Salvador,111000,977
Salvador,135342,775
Salvador,147291,799
Salvador,171172,849
Salvador,142337,674
Salvador,151422,504
Salvador,154505,966
Salvador,184023,241
Salvador,102648,247
Salvador,118051,894
Salvador,151040,814
Salvador,147978,358
Salvador,112634,734
Salvador,105785,946
Salvador,173266,176
Salvador,116243,168
Salvador,133932,88
Salvador,158585,37
Salvador,100603,489
Salvador,177000,378
Salvador,169284,67
Salvador,181710,263
Salvador,135226,955
Salvador,144395,868
Salvador,125436,230
Salvador,193311,34
Salvador,161510,607
Salvador,141338,505
Salvador,119650,6
Salvador,172050,704
Salvador,159370,758
Salvador,169214,988
Salvador,146374,814
Salvador,156308,542
Salvador,154701,392
Salvador,149544,74
Salvador,170374,215
Salvador,197008,904
Salvador,109780,634
Salvador,188914,958
Salvador,144716,84
Salvador,117880,969
Salvador,125768,796
Salvador,177087,903
Salvador,125638,783
Salvador,140319,40
Salvador,198639,282
Salvador,150407,154
Salvador,152620,232
Salvador,144194,365
Salvador,145821,955
Salvador,105491,162
Salvador,132778,116
Salvador,148755,226
Salvador,172407,670
Salvador,155646,852
Salvador,101568,211
Salvador,105905,908
Salvador,128767,147
Salvador,144319,461
Salvador,173589,343
Salvador,113965,257
Salvador,131123,287
Salvador,186096,910
Salvador,108934,880
Salvador,157274,143
Salvador,119433,362
Salvador,174700,662
Salvador,159741,425
Salvador,196857,440
Salvador,182747,77
Salvador,134405,36
Salvador,115908,910
Salvador,106649,961
Salvador,159283,662
Salvador,152466,798
Salvador,145781,771
Salvador,136941,503
Salvador,183232,838
Salvador,168649,454
Salvador,103945,615
Salvador,164321,785
Salvador,108011,683
Salvador,101331,787
Salvador,147573,647
Salvador,120780,771
Salvador,163897,929
Salvador,128549,516
Salvador,130482,595
Salvador,139774,465
Salvador,110958,85
Salvador,190919,789
Salvador,180344,223
Salvador,180421,826
Salvador,183562,638
Salvador,197839,838
Salvador,166792,957
Salvador,163613,105
Salvador,160766,471
Salvador,131982,658
Salvador,128667,762
Salvador,127755,792
Salvador,175924,794
Salvador,141976,161
Salvador,145215,326
Salvador,195731,167
Salvador,174413,670
Salvador,106889,256
Salvador,113354,886
Salvador,164982,883
Salvador,180665,422
Salvador,159921,529
Salvador,157308,226
Salvador,122985,752
Salvador,177331,648
Salvador,121588,93
Salvador,114632,650
Salvador,113397,977
Salvador,189765,367
Salvador,141524,867
Salvador,135701,406
Salvador,148738,294
Salvador,153071,88
Salvador,109885,676
Salvador,134994,481
Salvador,192727,534
Salvador,172112,882
Salvador,186712,923
Salvador,134145,673
Salvador,176112,956
Salvador,120009,840
Salvador,125200,874
Salvador,119537,315
Salvador,146943,300
Salvador,140612,312
Salvador,160271,654
Salvador,169567,656
Salvador,145172,894
Salvador,193896,868
Salvador,141715,885
Salvador,127330,613
Salvador,108086,569
Salvador,161407,507
Salvador,169443,677
Salvador,133573,457
Salvador,149223,601
Salvador,121400,292
Salvador,157864,579
Salvador,132032,345
Salvador,174871,657
Salvador,172568,13
Salvador,169621,906
Salvador,136475,111
Salvador,167217,93
Salvador,113341,720
Salvador,118078,985
Salvador,164718,304
Salvador,104756,846
Salvador,179658,334
Salvador,105676,981
Salvador,160678,870
Salvador,105774,255
Salvador,113535,732
Salvador,137374,441
Salvador,197619,832
Salvador,135678,970
Salvador,121447,517
Salvador,129674,158
Salvador,160157,658
Salvador,174913,707
Salvador,174364,69
Salvador,147032,912
Salvador,160042,824
Salvador,191736,300
Salvador,119245,399
Salvador,197086,504
Salvador,173356,55
Salvador,134398,64
Salvador,112665,167
Salvador,135541,240
Salvador,188142,352
Salvador,175645,208
Salvador,116275,285
Salvador,164919,267
Salvador,120830,151
Salvador,117067,89
Salvador,198807,942
Salvador,173723,335
Salvador,112477,35
Salvador,195220,161
Salvador,158774,309
Salvador,126779,384
Salvador,173261,674
Salvador,173674,766
Salvador,162879,273
Salvador,156448,83
Salvador,178900,295
Salvador,169697,10
Salvador,157588,784
Salvador,193781,303
Salvador,135748,960
Salvador,171483,20
Salvador,134422,295
Salvador,180968,791
Salvador,165060,695
Salvador,155221,531
Salvador,154232,846
Salvador,180501,771
Salvador,161731,381
Salvador,140602,121
Salvador,164944,40
Salvador,135555,733
Salvador,187336,150
Salvador,119813,32
Salvador,115790,923
Salvador,168836,819
Salvador,116601,681
Salvador,169303,494
Salvador,159757,318
Salvador,171387,605
Salvador,111175,592
Salvador,191448,719
Salvador,175157,881
Salvador,128475,809
Salvador,118059,285
Salvador,142381,554
Salvador,103082,636
Salvador,175913,854
Salvador,181359,120
Salvador,170382,548
Salvador,146857,542
Salvador,104084,48
Salvador,160027,309
Salvador,133863,999
Salvador,196860,687
Salvador,155515,937
Salvador,113059,659
Salvador,128396,710
Salvador,102878,459
Salvador,193634,718
Salvador,195302,36
Salvador,106819,322
Salvador,199284,331
Salvador,114684,314
Salvador,166693,786
Salvador,136278,451
Salvador,139036,970
Salvador,139366,564
Salvador,153714,664
Salvador,179515,814
Salvador,113719,702
Salvador,160469,652
Salvador,124348,976
Salvador,169940,160
Salvador,162770,486
Salvador,142980,987
Salvador,180185,911
Salvador,123143,956
Salvador,162022,56
Salvador,160508,852
Salvador,173596,103
Salvador,136276,265
Salvador,185287,800
Salvador,165873,304
Salvador,146592,290
Salvador,102300,95
Salvador,146416,484
Salvador,109716,949
Salvador,128342,463
Salvador,194512,248
Salvador,158810,636
Salvador,109368,959
Salvador,105271,955
Salvador,177523,316
Salvador,100672,672
Salvador,149170,516
Salvador,193656,772
Salvador,117925,864
Salvador,111358,192
Salvador,168523,570
Salvador,182901,1
Salvador,191208,63
Salvador,147977,987
Salvador,131983,433
Salvador,122296,147
Salvador,113317,577
Salvador,183247,158
Salvador,182972,896
Salvador,198586,511
Salvador,182445,337
Salvador,131015,745
Salvador,166331,721
Salvador,136441,886
Salvador,107797,207
Salvador,180978,832
Salvador,100237,879
Salvador,146306,649
Salvador,110676,36
Salvador,146258,471
Salvador,109683,412
Salvador,119857,107
Salvador,123245,84
Salvador,128750,558
Salvador,148128,532
Salvador,118620,885
Salvador,106510,178
Salvador,132407,172
Salvador,151510,582
Salvador,174205,434
Salvador,186804,241
Salvador,125424,911
Salvador,186668,195
Salvador,151932,70
Salvador,132772,376
Salvador,132612,781
Salvador,165568,929
Salvador,159072,254
Salvador,183396,429
Salvador,102246,563
Salvador,198201,821
Salvador,185688,197
Salvador,140006,399
Salvador,117543,269
Salvador,151757,554
Salvador,139317,681
Salvador,159596,570
Salvador,122791,304
Salvador,148408,145
Salvador,198029,798
Salvador,139426,729
Salvador,117953,943
Salvador,186958,982
Salvador,105133,195
Salvador,100812,682
Salvador,130766,756
Salvador,131216,874
Salvador,158141,881
Salvador,106460,273
Salvador,109148,914
Salvador,178723,759
Salvador,191988,389
Salvador,104548,761
Salvador,191879,448
Salvador,159572,547
Salvador,107837,843
Salvador,117034,305
Salvador,173531,709
Salvador,130896,900
Salvador,142841,559
Salvador,177956,324
Salvador,166332,677
Salvador,173941,37
Salvador,125040,387
Salvador,136857,167
Salvador,109889,803
Salvador,138611,677
Salvador,187875,205
Salvador,181959,370
Salvador,122334,650
Salvador,196044,477
Salvador,156036,651
Salvador,145328,98
Salvador,168659,272
Salvador,150755,114
Salvador,150362,227
Salvador,158631,988
Salvador,193588,223
Salvador,141201,871
Salvador,120813,171
Salvador,143900,317
Salvador,148799,697
Salvador,139440,807
Salvador,194625,602
Salvador,142386,624
Salvador,190068,327
Salvador,176544,31
Salvador,184650,734
Salvador,157491,433
Salvador,177471,66
Salvador,160857,341
Salvador,101815,24
Salvador,153226,478
Salvador,101747,407
Salvador,184893,66
Salvador,161959,334
Salvador,150434,908
Salvador,187263,689
Salvador,176929,24
Salvador,185971,165
Salvador,163731,932
Salvador,140628,445
Salvador,111355,226
Salvador,182364,109
Salvador,154649,733
Salvador,171741,236
Salvador,173490,713
Salvador,194890,610
Salvador,195739,404
Salvador,105668,727
Salvador,137559,246
Salvador,159171,834
Salvador,124894,983
Salvador,128372,855
Salvador,148293,884
Salvador,192388,406
Salvador,127434,59
Salvador,168768,948
Salvador,188822,408
Salvador,180553,72
Salvador,185328,692
Salvador,124130,359
Salvador,132471,918
Salvador,178536,231
Salvador,156336,946
Salvador,192613,21
Salvador,156876,163
Salvador,123381,709
Salvador,115484,640
Salvador,110618,263
Salvador,149855,923
Salvador,190770,554
Salvador,177282,786
Salvador,157459,289
Salvador,142093,802
Salvador,188364,506
Salvador,161698,993
Salvador,185255,426
Salvador,198696,561
Salvador,136456,892
Salvador,168640,991
Salvador,131881,900
Salvador,121834,673
Salvador,174266,304
Salvador,168108,375
Salvador,132456,209
Salvador,155732,818
Salvador,199726,207
Salvador,119152,9
Salvador,137731,584
Salvador,151479,893
Salvador,171854,353
Salvador,156863,555
Salvador,192525,358
Salvador,167153,224
Salvador,115060,532
Salvador,180373,998
Salvador,198747,998
Salvador,125134,748
Salvador,129408,212
Salvador,137398,367
Salvador,110499,769
Salvador,135164,383
Salvador,143168,490
Salvador,125045,244
Salvador,131115,626
Salvador,174981,863
Salvador,187112,916
Salvador,176508,767
Salvador,135943,902
Salvador,182839,466
Salvador,189339,899
Salvador,152739,735
Salvador,184952,482
Salvador,190906,315
Salvador,107990,289
Salvador,162537,79
Salvador,144645,792
Salvador,199684,968
Salvador,135552,742
Salvador,158963,406
Salvador,162685,638
Salvador,160229,555
Salvador,121127,867
Salvador,181103,683
Salvador,120306,50
Salvador,122361,884
Salvador,145207,214
Salvador,176976,986
Salvador,127826,435
Salvador,175540,310
Salvador,164043,416
Salvador,180952,244
Salvador,192911,571
Salvador,133916,48
Salvador,156607,796
Salvador,163054,740
Salvador,141277,353
Salvador,108250,886
Salvador,138800,473
Salvador,108632,669
Salvador,112370,72
Salvador,140047,592
Salvador,129598,968
Salvador,135024,975
Salvador,120408,891
Salvador,194362,550
Salvador,195381,901
Salvador,158359,114
Salvador,122431,492
Salvador,196351,833
Salvador,193136,268
Salvador,100222,298
Salvador,130273,81
Salvador,149736,991
Salvador,165764,576
Salvador,175584,749
Salvador,167114,266
Salvador,170260,908
Salvador,140517,766
Salvador,113152,883
Salvador,166274,52
Salvador,156527,557
Salvador,191996,202
Salvador,166127,617
Salvador,123429,983
Salvador,154548,894
Salvador,161675,921
Salvador,165242,138
Salvador,196420,964
Salvador,137931,76
Salvador,116933,677
Salvador,127506,619
Salvador,125146,364
Salvador,144471,21
Salvador,116340,582
Salvador,130264,710
Salvador,159531,79
Salvador,195270,981
Salvador,185859,395
Salvador,141905,288
Salvador,165220,821
Salvador,110182,579
Salvador,136369,15
Salvador,170063,678
Salvador,169296,367
Salvador,133969,552
Salvador,165355,141
Salvador,126368,661
Salvador,185699,746
Salvador,146293,668
Salvador,191058,845
Salvador,134106,565
Salvador,150312,848
Salvador,104444,906
Salvador,160524,842
Salvador,145073,174
Salvador,150913,563
Salvador,149440,998
Salvador,175468,213
Salvador,126720,220
Salvador,183301,399
Salvador,142638,239
Salvador,130328,177
Salvador,123849,614
Salvador,130938,142
Salvador,109773,872
Salvador,199287,136
Salvador,187270,290
Salvador,134897,874
Salvador,172499,565
Salvador,193073,123
Salvador,151505,713
Salvador,118319,483
Salvador,157381,893
Salvador,194028,128
Salvador,155924,251
Salvador,109479,512
Salvador,199426,734
Salvador,195821,962
Salvador,121170,979
Salvador,190195,517
Salvador,110235,835
Salvador,181106,486
Salvador,119733,359
Salvador,180839,969
Salvador,126644,957
Salvador,169309,536
Salvador,167274,881
Salvador,149812,595
Salvador,158939,821
Salvador,139642,209
Salvador,194758,525
Salvador,197562,357
Salvador,175267,457
Salvador,106608,538
Salvador,153750,444
Salvador,153410,334
Salvador,139039,688
Salvador,166821,914
Salvador,112105,168
Salvador,168159,300
Salvador,134494,239
Salvador,150183,866
Salvador,146085,16
Salvador,170176,770
Salvador,142704,107
Salvador,188817,160
Salvador,111037,169
Salvador,165742,252
Salvador,194091,908
Salvador,104522,881
Salvador,143853,883
Salvador,189722,457
Salvador,176384,233
Salvador,166928,728
Salvador,113503,962
Salvador,180149,204
Salvador,151183,947
Salvador,196794,86
Salvador,172549,876
Salvador,131031,741
Salvador,135409,17
Salvador,141912,242
Salvador,125024,918
Salvador,189164,165
Salvador,189279,189
Salvador,145567,436
Salvador,129747,272
Salvador,184967,886
Salvador,156103,444
Salvador,139864,418
Salvador,186796,988
Salvador,192527,332
Salvador,156021,267
Salvador,139164,5
Salvador,120298,178
Salvador,155232,761
Salvador,181897,208
Salvador,185507,692
Salvador,113697,245
Salvador,140271,236
Salvador,160672,437
Salvador,196285,586
Salvador,194785,361
Salvador,165987,367
Salvador,133728,587
Salvador,184036,573
Salvador,170465,728
Salvador,171003,610
Salvador,195861,538
Salvador,190046,825
Salvador,118006,218
Salvador,132041,666
Salvador,117440,827
Salvador,105395,325
Salvador,182422,207
Salvador,151235,774
Salvador,157074,553
Salvador,100157,22
Salvador,120655,718
Salvador,121437,784
Salvador,107505,187
Salvador,175308,583
Salvador,110635,314
Salvador,180333,796
Salvador,160691,886
Salvador,164362,506
Salvador,104535,563
Salvador,197948,729
Salvador,154938,919
Salvador,119806,769
Salvador,114313,399
Salvador,182683,662
Salvador,194530,641
Salvador,181084,610
Salvador,153153,648
Salvador,193812,200
Salvador,189959,644
Salvador,151174,52
Salvador,174434,154
Salvador,129933,368
Salvador,163101,838
Salvador,110794,153
Salvador,132185,123
Salvador,172525,286
Salvador,186350,749
Salvador,198964,439
Salvador,138962,524
Salvador,161482,280
Salvador,153675,424
Salvador,169936,250
Salvador,164622,660
Salvador,191869,70
Salvador,140847,859
Salvador,180752,651
Salvador,111259,910
Salvador,170957,519
Salvador,181501,419
Salvador,123829,215
Salvador,113776,958
Salvador,106105,361
Salvador,195769,491
Salvador,154272,501
Salvador,127527,470
Salvador,169956,664
Salvador,138418,493
Salvador,103622,941
Salvador,171757,518
Salvador,195424,79
Salvador,181506,655
Salvador,142825,113
Salvador,127381,534
Salvador,193743,388
Salvador,186367,393
Salvador,100399,286
Salvador,108809,226
Salvador,175643,706
Salvador,190063,883
Salvador,152747,949
Salvador,163435,880
Salvador,153720,165
Salvador,197334,325
Salvador,188023,605
Salvador,167149,134
Salvador,194714,275
Salvador,129063,742
Salvador,149995,493
Salvador,164861,512
Salvador,129575,279
Salvador,179794,894
Salvador,193540,371
Salvador,117720,560
Salvador,134057,260
Salvador,177804,306
Salvador,185892,771
Salvador,125064,799
Salvador,173102,905
Salvador,117676,569
Salvador,145536,871
Salvador,112963,311
Salvador,126998,379
Salvador,179761,182
Salvador,198054,634
Salvador,166727,165
Salvador,165230,265
Salvador,106360,561
Salvador,127055,245
Salvador,121803,446
Salvador,145994,105
Salvador,195869,573
Salvador,151744,187
Salvador,139789,783
Salvador,139804,840
Salvador,185426,254
Salvador,135195,517
Salvador,115207,686
Salvador,198295,892
Salvador,154660,404
Salvador,159649,501
Salvador,178161,847
Salvador,145921,639
Salvador,158208,572
Salvador,147004,435
Salvador,183187,944
Salvador,178319,557
Salvador,170540,481
Salvador,144663,306
Salvador,145208,258
Salvador,197692,869
Salvador,127329,747
Salvador,107033,715
Salvador,160697,536
Salvador,160084,110
Salvador,120980,9
Salvador,173096,955
Salvador,168796,568
Salvador,180750,22
Salvador,154707,242
Salvador,158241,446
Salvador,130518,845
Salvador,112802,676
Salvador,167360,506
Salvador,133350,994
Salvador,160931,805
Salvador,139699,182
Salvador,121640,388
Salvador,106785,498
Salvador,169286,214
Salvador,196939,779
Salvador,180845,156
Salvador,111792,131
Salvador,148541,919
Salvador,159039,295
Salvador,129466,88
Salvador,165314,10
Salvador,186088,648
Salvador,197582,190
Salvador,174810,381
Salvador,190934,663
Salvador,171373,75
Salvador,162047,792
Salvador,122648,760
Salvador,174567,967
Salvador,158628,647
Salvador,116443,725
Salvador,122563,724
Salvador,174580,570
Salvador,106474,631
Salvador,177051,73
Salvador,113851,107
Salvador,102314,2
Salvador,152235,311
Salvador,112658,554
Salvador,185357,305
Salvador,114523,205
Salvador,119811,224
Salvador,142104,373
Salvador,162896,177
Salvador,127991,335
Salvador,167428,671
Salvador,126401,484
Salvador,154185,349
Salvador,149674,418
Salvador,127325,136
Salvador,100826,203
Salvador,188341,653
Salvador,190384,139
Salvador,113303,737
Salvador,191091,722
Salvador,104171,551
Salvador,103186,623
Salvador,155185,883
Salvador,133130,252
Salvador,187321,624
Salvador,183561,446
Salvador,152477,465
Salvador,105723,671
Salvador,187172,459
Salvador,182152,792
Salvador,134249,258
Salvador,106488,301
Salvador,164264,962
Salvador,147634,231
Salvador,118067,368
Salvador,117157,782
Salvador,187586,569
Salvador,146362,105
Salvador,160961,709
Salvador,103537,373
Salvador,135056,595
Salvador,124115,783
Salvador,151515,357
Salvador,144476,268
Salvador,182896,149
Salvador,130129,750
Salvador,117101,547
Salvador,190696,662
Salvador,164110,231
Salvador,197320,908
Salvador,140146,489
Salvador,132901,906
Salvador,112313,391
Salvador,101785,385
Salvador,105737,435
Salvador,120112,290
Salvador,179236,680
Salvador,157000,641
Salvador,152822,280
Salvador,192904,352
Salvador,170145,117
Salvador,154436,347
Salvador,171077,564
Salvador,154166,381
Salvador,180964,491
Salvador,152135,746
Salvador,128941,965
Salvador,191862,652
Salvador,184386,4
Salvador,118542,19
Salvador,188584,373
Salvador,189571,532
Salvador,149186,134
Salvador,198612,816
Salvador,162189,201
Salvador,174880,318
Salvador,100630,189
Salvador,142831,34
Salvador,174473,603
Salvador,108065,612
Salvador,179017,700
Salvador,195709,857
Salvador,146709,639
Salvador,141388,155
Salvador,197719,569
Salvador,187839,702
Salvador,125060,819
Salvador,174098,106
Salvador,184928,928
Salvador,165955,885
Salvador,158690,20
Salvador,135029,366
Salvador,108054,347
Salvador,132686,670
Salvador,107870,266
Salvador,152015,228
Salvador,185044,938
Salvador,164636,620
Salvador,181829,725
Salvador,159755,331
Salvador,170292,296
Salvador,119107,694
Salvador,158434,995
Salvador,112678,537
Salvador,136215,423
Salvador,184823,721
Salvador,190867,965
Salvador,162966,856
Salvador,147407,250
Salvador,198800,565
Salvador,170467,190
Salvador,197626,467
Salvador,196960,221
Salvador,161497,759
Salvador,110633,960
Salvador,194722,268
Salvador,189331,215
Salvador,129825,632
Salvador,167850,586
Salvador,193739,837
Salvador,173327,459
Salvador,136248,509
Salvador,160781,607
Salvador,145624,426
Salvador,129347,492
Salvador,197296,433
Salvador,100974,435
Salvador,199457,159
Salvador,117293,52
Salvador,146746,729
Salvador,128768,994
Salvador,123086,978
Salvador,152306,834
Salvador,126408,939
Salvador,135005,721
Salvador,197563,449
Salvador,110862,474
Salvador,192208,203
Salvador,167785,194
Salvador,137474,894
Salvador,185598,518
Salvador,114020,81
Salvador,164156,247
Salvador,139941,660
Salvador,109277,531
Salvador,197862,65
Salvador,161183,197
Salvador,114969,984
Salvador,116686,961
Salvador,152176,942
Salvador,103778,319
Salvador,144692,889
Salvador,155495,169
Salvador,117607,85
Salvador,163936,642
Salvador,177611,21
Salvador,119567,821
Salvador,113329,352
Salvador,167494,19
Salvador,128862,42
Salvador,147561,203
Salvador,108931,765
Salvador,180812,89
Salvador,124501,410
Salvador,177792,416
Salvador,132853,796
Salvador,169520,361
Salvador,141426,134
Salvador,113443,499
Salvador,147284,573
Salvador,159328,26
Salvador,141482,262
Salvador,175413,986
Salvador,109973,328
Salvador,192275,811
Salvador,163069,15
Salvador,171720,941
Salvador,137770,545
Salvador,188339,306
Salvador,182014,126
Salvador,140316,341
Salvador,150272,791
Salvador,140631,872
Salvador,165640,389
Salvador,172987,82
Salvador,109364,185
Salvador,141032,204
Salvador,113775,916
Salvador,152376,884
Salvador,149961,208
Salvador,117453,394
Salvador,127451,523
Salvador,191649,246
Salvador,199672,226
Salvador,191493,892
Salvador,152091,807
Salvador,105816,276
Salvador,176580,812
Salvador,131843,447
Salvador,197055,881
Salvador,139135,323
Salvador,157208,914
Salvador,186612,659
Salvador,139263,93
Salvador,130570,918
Wynter,124690,372
Wynter,148882,282
Wynter,134307,739
Wynter,109682,800
Wynter,129387,724
Wynter,125859,448
Wynter,108066,770
Wynter,108901,759
Wynter,144197,486
Wynter,167495,491
Wynter,155060,916
Wynter,147877,682
Wynter,191670,52
Wynter,174045,178
Wynter,161203,950
Wynter,134885,931
Wynter,155845,488
Wynter,167413,134
Wynter,145980,849
Wynter,192758,538
Wynter,100251,965
Wynter,159083,344
Wynter,156432,734
Wynter,125387,438
Wynter,172519,621
Wynter,171798,691
Wynter,142750,680
Wynter,101129,177
Wynter,103591,138
Wynter,112962,308
Wynter,148303,36
Wynter,197966,513
Wynter,130064,40
Wynter,137123,633
Wynter,157271,108
Wynter,194787,913
Wynter,177547,850
Wynter,152177,6
Wynter,112472,596
Wynter,123994,760
Wynter,114710,635
Wynter,104432,12
Wynter,126822,879
Wynter,195244,251
Wynter,109006,293
Wynter,181879,740
Wynter,161295,26
Wynter,187933,247
Wynter,152279,722
Wynter,108884,409
Wynter,127360,692
Wynter,195129,756
Wynter,141211,100
Wynter,115487,262
Wynter,192881,952
Wynter,134707,68
Wynter,147912,767
Wynter,174523,948
Wynter,155288,670
Wynter,183099,708
Wynter,123747,527
Wynter,188134,9
Wynter,163175,175
Wynter,120486,258
Wynter,131278,96
Wynter,138135,46
Wynter,175502,862
Wynter,169890,537
Wynter,178669,236
Wynter,198986,468
Wynter,168387,839
Wynter,171945,981
Wynter,177250,965
Wynter,177817,980
Wynter,133510,148
Wynter,178141,457
Wynter,103803,577
Wynter,170346,132
Wynter,143838,48
Wynter,133471,742
Wynter,127167,316
Wynter,115833,843
Wynter,192807,100
Wynter,175496,965
Wynter,199704,572
Wynter,130837,817
Wynter,138173,540
Wynter,199123,842
Wynter,122005,797
Wynter,197963,648
Wynter,118547,997
Wynter,168882,861
Wynter,115607,668
Wynter,120184,957
Wynter,137054,277
Wynter,192750,828
Wynter,127752,506
Wynter,147741,298
Wynter,112540,319
Wynter,161449,730
Wynter,118150,572
Wynter,151259,672
Wynter,167879,733
Wynter,120159,117
Wynter,131990,212
Wynter,187243,416
Wynter,145594,473
Wynter,144357,82
Wynter,192891,326
Wynter,142768,90
Wynter,139671,334
Wynter,110819,367
Wynter,196982,662
Wynter,136447,6
Wynter,174630,18
Wynter,175508,532
Wynter,118421,501
Wynter,139634,538
Wynter,140618,950
Wynter,156650,885
Wynter,161440,730
Wynter,166865,714
Wynter,176224,454
Wynter,182291,79
Wynter,136101,780
Wynter,197605,824
Wynter,149951,334
Wynter,120439,717
Wynter,133081,690
Wynter,178304,821
Wynter,199102,172
Wynter,163990,440
Wynter,174068,597
Wynter,147717,71
Wynter,153978,806
Wynter,174774,296
Wynter,112866,467
Wynter,160836,871
Wynter,175465,528
Wynter,111484,933
Wynter,193076,433
Wynter,180257,821
Wynter,178803,58
Wynter,110554,791
Wynter,101708,789
Wynter,136391,805
Wynter,157059,791
Wynter,129396,134
Wynter,195699,135
Wynter,166308,453
Wynter,173059,262
Wynter,199827,228
Wynter,113813,342
Wynter,144189,485
Wynter,178893,666
Wynter,114329,233
Wynter,119734,476
Wynter,169097,445
Wynter,124386,340
Wynter,182148,486
Wynter,171206,407
Wynter,117292,171
Wynter,164129,652
Wynter,131378,691
Wynter,179853,250
Wynter,192013,879
Wynter,106285,662
Wynter,143337,712
Wynter,119168,982
Wynter,178497,632
Wynter,184830,913
Wynter,192470,193
Wynter,125852,695
Wynter,117721,405
Wynter,182475,989
Wynter,164557,489
Wynter,191487,948
Wynter,129471,725
Wynter,144800,353
Wynter,149530,987
Wynter,113084,853
Wynter,109293,280
Wynter,168369,906
Wynter,177783,468
Wynter,133339,128
Wynter,146266,356
Wynter,182891,367
Wynter,181040,824
Wynter,197062,850
Wynter,166482,683
Wynter,143772,621
Wynter,179843,436
Wynter,105866,846
Wynter,121752,150
Wynter,110581,648
Wynter,133186,669
Wynter,168732,674
Wynter,173032,183
Wynter,155523,301
Wynter,154808,846
Wynter,103806,867
Wynter,149980,175
Wynter,183594,8
Wynter,111801,334
Wynter,130875,76
Wynter,144819,71
Wynter,176271,215
Wynter,180739,115
Wynter,177646,163
Wynter,100327,988
Wynter,131980,182
Wynter,106868,614
Wynter,180526,430
Wynter,160693,306
Wynter,131708,836
Wynter,179900,658
Wynter,159608,163
Wynter,143290,407
Wynter,152855,308
Wynter,152396,945
Wynter,102968,141
Wynter,191673,619
Wynter,161335,964
Wynter,144687,154
Wynter,116049,501
Wynter,116327,761
Wynter,162469,258
Wynter,197363,636
Wynter,122451,824
Wynter,142857,251
Wynter,104550,568
Wynter,122758,261
Wynter,115938,636
Wynter,186456,957
Wynter,147943,19
Wynter,122097,582
Wynter,102580,410
Wynter,146738,217
Wynter,154003,140
Wynter,111159,550
Wynter,136773,779
Wynter,105244,426
Wynter,128841,931
Wynter,140413,874
Wynter,199024,758
Wynter,148003,557
Wynter,151331,223
Wynter,152611,55
Wynter,107970,812
Wynter,124249,577
Wynter,199244,801
Wynter,119923,603
Wynter,131191,855
Wynter,169397,982
Wynter,102368,927
Wynter,144639,334
Wynter,100683,803
Wynter,196916,283
Wynter,190782,244
Wynter,197875,608
Wynter,141233,414
Wynter,156940,650
Wynter,185029,381
Wynter,194908,814
Wynter,121554,744
Wynter,129765,357
Wynter,116675,522
Wynter,102286,653
Wynter,148418,742
Wynter,168525,882
Wynter,194842,725
Wynter,155444,976
Wynter,152217,230
Wynter,180131,183
Wynter,153948,20
Wynter,110752,149
Wynter,147221,2
Wynter,173658,478
Wynter,127160,759
Wynter,126270,972
Wynter,157277,118
Wynter,100298,958
Wynter,126337,571
Wynter,113007,803
Wynter,134965,626
Wynter,196690,129
Wynter,185609,572
Wynter,186045,614
Wynter,174656,851
Wynter,156363,776
Wynter,170152,537
Wynter,181380,397
Wynter,154706,726
Wynter,144363,831
Wynter,153554,585
Wynter,184771,557
Wynter,157413,159
Wynter,177993,416
Wynter,149772,407
Wynter,131981,48
Wynter,146697,563
Wynter,169509,375
Wynter,149294,588
Wynter,116261,391
Wynter,193127,782
Wynter,175191,352
Wynter,168920,534
Wynter,175753,698
Wynter,173738,310
Wynter,111274,730
Wynter,110184,93
Wynter,167291,186
Wynter,185504,404
Wynter,178196,111
Wynter,199753,187
Wynter,100012,752
Wynter,144417,38
Wynter,119944,593
Wynter,128806,878
Wynter,162328,982
Wynter,165574,307
Wynter,199656,511
Wynter,161516,12
Wynter,184277,582
Wynter,104689,576
Wynter,197572,131
Wynter,167662,217
Wynter,182239,298
Wynter,114798,399
Wynter,155323,262
Wynter,100167,406
Wynter,133883,819
Wynter,146610,996
Wynter,106757,934
Wynter,199400,577
Wynter,133765,569
Wynter,168129,938
Wynter,159805,723
Wynter,136577,978
Wynter,100911,604
Wynter,166050,288
Wynter,130694,409
Wynter,198360,518
Wynter,131542,647
Wynter,186395,730
Wynter,119342,524
Wynter,183628,113
Wynter,128351,786
Wynter,169796,985
Wynter,116093,275
Wynter,186904,998
Wynter,139032,192
Wynter,102342,922
Wynter,184542,275
Wynter,165982,78
Wynter,152065,554
Wynter,109939,215
Wynter,185159,298
Wynter,127964,753
Wynter,157765,79
Wynter,158869,724
Wynter,153259,175
Wynter,126858,883
Wynter,108049,508
Wynter,119405,549
Wynter,194023,38
Wynter,156206,56
Wynter,185893,957
Wynter,156972,883
Wynter,106942,492
Wynter,106484,354
Wynter,178958,829
Wynter,154465,962
Wynter,108462,558
Wynter,100785,694
Wynter,159593,606
Wynter,184568,891
Wynter,128896,224
Wynter,134315,292
Wynter,159587,651
Wynter,134239,311
Wynter,155918,471
Wynter,153411,974
Wynter,103869,379
Wynter,116850,848
Wynter,126891,577
Wynter,165615,379
Wynter,105032,727
Wynter,195884,524
Wynter,164437,970
Wynter,190451,620
Wynter,164460,54
Wynter,184632,610
Wynter,103637,272
Wynter,148815,529
Wynter,177146,210
Wynter,188922,80
Wynter,135237,40
Wynter,126540,924
Wynter,142712,903
Wynter,179949,332
Wynter,112833,657
Wynter,101855,704
Wynter,104861,358
Wynter,130238,478
Wynter,143303,195
Wynter,126612,273
Wynter,125513,433
Wynter,114758,745
Wynter,150869,581
Wynter,179108,984
Wynter,179392,223
Wynter,118947,589
Wynter,176955,438
Wynter,136574,190
Wynter,169745,706
Wynter,101095,392
Wynter,199653,617
Wynter,114616,860
Wynter,142123,128
Wynter,106651,160
Wynter,189975,320
Wynter,151449,965
Wynter,163403,744
Wynter,178562,52
Wynter,156689,325
Wynter,157998,880
Wynter,165436,560
Wynter,100371,786
Wynter,139740,802
Wynter,117963,412
Wynter,143248,589
Wynter,139350,956
Wynter,190301,755
Wynter,179202,869
Wynter,120745,140
Wynter,154596,277
Wynter,184107,334
Wynter,168931,286
Wynter,175952,759
Wynter,107769,907
Wynter,163255,748
Wynter,141679,198
Wynter,166136,397
Wynter,151381,677
Wynter,120662,675
Wynter,186444,705
Wynter,116270,169
Wynter,106295,127
Wynter,109738,524
Wynter,129384,240
Wynter,113414,113
Wynter,102035,146
Wynter,112975,49
Wynter,189714,495
Wynter,155897,788
Wynter,148754,272
Wynter,110097,577
Wynter,151870,277
Wynter,154308,444
Wynter,142397,264
Wynter,179644,628
Wynter,119766,904
Wynter,149313,412
Wynter,195898,873
Wynter,149450,714
Wynter,149316,736
Wynter,135700,312
Wynter,103788,771
Wynter,127851,928
Wynter,110288,171
Wynter,147539,229
Wynter,127393,624
Wynter,189987,45
Wynter,160155,891
Wynter,152256,428
Wynter,172903,84
Wynter,151745,487
Wynter,129270,889
Wynter,173889,468
Wynter,142388,33
Wynter,107391,758
Wynter,143063,531
Wynter,165697,224
Wynter,146903,563
Wynter,142904,540
Wynter,155476,444
Wynter,145071,442
Wynter,195589,340
Wynter,177028,882
Wynter,184171,762
Wynter,142689,786
Wynter,100330,936
Wynter,114663,435
Wynter,151114,824
Wynter,147927,19
Wynter,152909,461
Wynter,148837,945
Wynter,164714,92
Wynter,157743,950
Wynter,134930,551
Wynter,118237,937
Wynter,163870,966
Wynter,122426,833
Wynter,132993,645
Wynter,150366,271
Wynter,138549,732
Wynter,150961,60
Wynter,121928,474
Wynter,186037,496
Wynter,106603,123
Wynter,128175,214
Wynter,109754,923
Wynter,135191,919
Wynter,111386,803
Wynter,132122,903
Wynter,161980,289
Wynter,132801,214
Wynter,135616,706
Wynter,185234,609
Wynter,197473,177
Wynter,156351,354
Wynter,120481,593
Wynter,114585,835
Wynter,173778,197
Wynter,128174,654
Wynter,174477,461
Wynter,130900,109
Wynter,105285,880
Wynter,132326,814
Wynter,123765,937
Wynter,184371,170
Wynter,122838,808
Wynter,123717,576
Wynter,194843,833
Wynter,193275,84
Wynter,180274,471
Wynter,136375,659
Wynter,180671,263
Wynter,115978,818
Wynter,163125,469
Wynter,119753,894
Wynter,157654,476
Wynter,104009,180
Wynter,174200,150
Wynter,174997,311
Wynter,127883,156
Wynter,183326,699
Wynter,196005,996
Wynter,163772,352
Wynter,154438,713
Wynter,193795,588
Wynter,137203,954
Wynter,126369,966
Wynter,153472,924
Wynter,144218,938
Wynter,110931,190
Wynter,144902,164
Wynter,195192,823
Wynter,176932,44
Wynter,163140,702
Wynter,123633,128
Wynter,195211,547
Wynter,155065,983
Wynter,104743,427
Wynter,109601,365
Wynter,171669,427
Wynter,195066,578
Wynter,199625,272
Wynter,115641,446
Wynter,185130,827
Wynter,169795,179
Wynter,192736,934
Wynter,185584,687
Wynter,185871,52
Wynter,158374,817
Wynter,117376,47
Wynter,168242,434
Wynter,124136,959
Wynter,198804,537
Wynter,130296,369
Wynter,190786,225
Wynter,106761,428
Wynter,177559,589
Wynter,171078,424
Wynter,100332,227
Wynter,114347,244
Wynter,131724,756
Wynter,166009,637
Wynter,146777,619
Wynter,140825,718
Wynter,181433,230
Wynter,162805,810
Wynter,100628,146
Wynter,149605,36
Wynter,174832,352
Wynter,100320,828
Wynter,174975,892
Wynter,142568,133
Wynter,163810,154
Wynter,119164,719
Wynter,120755,319
Wynter,182503,801
Wynter,153225,820
Wynter,164508,799
Wynter,115464,191
Wynter,188777,76
Wynter,189322,474
Wynter,139063,406
Wynter,105729,67
Wynter,184228,29
Wynter,141986,240
Wynter,111918,451
Wynter,194489,294
Wynter,187967,720
Wynter,186141,309
Wynter,107542,966
Wynter,187026,969
Wynter,191352,197
Wynter,190326,260
Wynter,113230,161
Wynter,179986,188
Wynter,137175,261
Wynter,177644,133
Wynter,189604,798
Wynter,106617,395
Wynter,160997,211
Wynter,108466,722
Wynter,145560,515
Wynter,130225,790
Wynter,197060,189
Wynter,155688,499
Wynter,155369,73
Wynter,101907,220
Wynter,166380,240
Wynter,144781,360
Wynter,105987,399
Wynter,112288,494
Wynter,182729,72
Wynter,190025,473
Wynter,114550,374
Wynter,195817,193
Wynter,133872,394
Wynter,110018,712
Wynter,143914,47
Wynter,152993,839
Wynter,159186,932
Wynter,166975,562
Wynter,131939,19
Wynter,177829,643
Wynter,133760,668
Wynter,121137,4
Wynter,134064,640
Wynter,169658,828
Wynter,150369,459
Wynter,180250,84
Wynter,169901,899
Wynter,161703,746
Wynter,151343,983
Wynter,171749,294
Wynter,106938,653
Wynter,130479,201
Wynter,104559,214
Wynter,110341,413
Wynter,197508,296
Wynter,178129,567
Wynter,142435,993
Wynter,125752,56
Wynter,188276,979
Wynter,159489,239
Wynter,192647,249
Wynter,121389,933
Wynter,194177,541
Wynter,198260,688
Wynter,175531,773
Wynter,175769,544
Wynter,172268,478
Wynter,172195,166
Wynter,193780,223
Wynter,126127,724
Wynter,171829,681
Wynter,167770,937
Wynter,191148,727
Wynter,106695,697
Wynter,165226,47
Wynter,140648,982
Wynter,186267,905
Wynter,186592,121
Wynter,148576,406
Wynter,184956,844
Wynter,164237,764
Wynter,129328,757
Wynter,130335,794
Wynter,166563,586
Wynter,178652,462
Wynter,182636,733
Wynter,166334,580
Wynter,134282,721
Wynter,104199,455
Wynter,198710,965
Wynter,125520,769
Wynter,130452,11
Wynter,194216,529
Wynter,108355,302
Wynter,114840,20
Wynter,124645,492
Wynter,146950,363
Wynter,120182,191
Wynter,179148,651
Wynter,181925,206
Wynter,151219,377
Wynter,177459,186
Wynter,181686,977
Wynter,180126,300
Wynter,143031,856
Wynter,123249,23
Wynter,130432,263
Wynter,192575,288
Wynter,170763,605
Wynter,155910,259
Wynter,115891,913
Wynter,152594,447
Wynter,156375,278
Wynter,179039,786
Wynter,184663,926
Wynter,178894,204
Wynter,106533,771
Wynter,175553,502
Wynter,113757,415
Wynter,198977,657
Wynter,162379,725
Wynter,198657,800
Wynter,192570,125
Wynter,125067,622
Wynter,192855,469
Wynter,196695,924
Wynter,190969,413
Wynter,166933,973
Wynter,145434,276
Wynter,124109,238
Wynter,182522,649
Wynter,198706,288
Wynter,146490,273
Wynter,143849,848
Wynter,180380,447
Wynter,177813,681
Wynter,172960,710
Wynter,126754,330
Wynter,133794,381
Wynter,127610,842
Wynter,180646,712
Wynter,160744,628
Wynter,101539,466
Wynter,187133,892
Wynter,121085,117
Wynter,188216,504
Wynter,159598,207
Wynter,125504,349
Wynter,168777,958
Wynter,113093,198
Wynter,180142,427
Wynter,158812,534
Wynter,124400,102
Wynter,164893,535
Wynter,187652,541
Wynter,122370,709
Wynter,154645,734
Wynter,170071,224
Wynter,121620,84
Wynter,196361,228
Wynter,140812,688
Wynter,176499,225
Wynter,115381,603
Wynter,189843,129
Wynter,118501,321
Wynter,129775,344
Wynter,184532,574
Wynter,140543,794
Wynter,115857,956
Wynter,142956,642
Wynter,145433,413
Wynter,127759,767
Wynter,101553,770
Wynter,199618,685
Wynter,193301,927
Wynter,180564,562
Wynter,176493,534
Wynter,166317,285
Wynter,123410,213
Wynter,101406,246
Wynter,191831,118
Wynter,161856,830
Wynter,167574,727
Wynter,116026,41
Wynter,148078,749
Wynter,109132,796
Wynter,149689,829
Wynter,166970,628
Wynter,139616,983
Wynter,198082,273
Wynter,159865,827
Wynter,113627,448
Wynter,150290,430
Wynter,100234,685
Wynter,126973,198
Wynter,176285,653
Wynter,125535,108
Wynter,107932,248
Wynter,182170,271
Wynter,159266,142
Wynter,147606,8
Wynter,127509,199
Wynter,147242,25
Wynter,191450,619
Wynter,156823,182
Wynter,141642,927
Wynter,162217,337
Wynter,109412,11
Wynter,119416,307
Wynter,152496,766
Wynter,169638,554
Wynter,151656,22
Wynter,105770,946
Wynter,197015,572
Wynter,181318,804
Wynter,178454,524
Wynter,192901,247
Wynter,120615,991
Wynter,102070,685
Wynter,139617,469
Wynter,153681,106
Wynter,115145,174
Wynter,197426,912
Wynter,194513,397
Wynter,191795,884
Wynter,107162,553
Wynter,164355,746
Wynter,171964,600
Wynter,168580,838
Wynter,114990,228
Wynter,121089,832
Wynter,135798,919
Wynter,192474,907
Wynter,105650,101
Wynter,129524,551
Wynter,106160,529
Wynter,160275,602
Wynter,145875,400
Wynter,109318,795
Wynter,182718,999
Wynter,136429,464
Wynter,184954,747
Wynter,125448,620
Wynter,165305,638
Wynter,123452,576
Wynter,166699,395
Wynter,164088,754
Wynter,170393,12
Wynter,161606,276
Wynter,180679,719
Wynter,119102,67
Wynter,169060,584
Wynter,189437,46
Wynter,190890,255
Wynter,195659,661
Wynter,167974,908
Wynter,109081,882
Wynter,101328,340
Wynter,102986,56
Wynter,182188,283
Wynter,147867,199
Wynter,114647,719
Wynter,173212,419
Wynter,197995,791
Wynter,118288,172
Wynter,189240,635
Wynter,142087,602
Wynter,116560,883
Wynter,126026,416
Wynter,101065,93
Wynter,124816,567
Wynter,199841,324
Wynter,154677,11
Wynter,123820,512
Wynter,197448,751
Wynter,103782,166
Wynter,178020,690
Wynter,149888,645
Wynter,150352,651
Wynter,138217,192
Wynter,177394,198
Wynter,145999,631
Wynter,176355,50
Wynter,123468,984
Wynter,128703,202
Wynter,168760,443
Wynter,178245,431
Wynter,161242,554
Wynter,111437,148
Wynter,102517,235
Wynter,175696,539
Wynter,156293,606
Wynter,195095,860
Wynter,162861,642
Wynter,169575,550
Wynter,184780,46
Wynter,116485,586
Wynter,137597,738
Wynter,134206,36
Wynter,187275,171
Wynter,196614,988
Wynter,178366,25
Wynter,150111,101
Wynter,150897,918
Wynter,164246,7
Wynter,184152,677
Wynter,100638,167
Wynter,114874,416
Wynter,126382,309
Wynter,100676,250
Wynter,177326,260
Wynter,123202,328
Wynter,156284,580
Wynter,118433,333
Wynter,198081,309
Wynter,194042,119
Wynter,173518,534
Wynter,147799,373
Wynter,141230,195
Wynter,145097,48
Wynter,109023,556
Wynter,128915,185
Wynter,167129,173
Wynter,187100,885
Wynter,160552,957
Wynter,187853,970
Wynter,139393,382
Wynter,179275,313
Wynter,142446,122
Wynter,177860,50
Wynter,176214,856
Wynter,144835,304
Wynter,127890,647
Wynter,109094,409
Wynter,138993,425
Wynter,121713,312
Wynter,191915,7
Wynter,186340,330
Wynter,114235,617
Wynter,192556,814
Wynter,128308,901
Wynter,190636,738
Wynter,156480,970
Wynter,149983,114
Wynter,136332,457
Wynter,159740,429
Wynter,186399,144
Wynter,173222,923
Wynter,172474,115
Wynter,102653,183
Wynter,157783,42
Wynter,124235,204
Wynter,184253,39
Wynter,185629,472
Wynter,115335,442
Wynter,165765,83
Wynter,149677,318
Wynter,107141,385
Wynter,126227,395
Wynter,175668,620
Wynter,101270,205
Wynter,199658,916
Wynter,129250,270
Wynter,189505,527
Wynter,157913,168
Wynter,113319,160
Wynter,139496,304
Wynter,161323,39
Wynter,157516,550
Wynter,173703,382
Wynter,123365,215
Wynter,133809,167
Wynter,150588,868
Wynter,146291,529
Wynter,172093,286
Wynter,129865,707
Wynter,196980,606
Wynter,161718,526
Wynter,127821,820
Wynter,123479,219
Wynter,150121,847
Wynter,188996,584
Wynter,171715,368
Wynter,104877,813
Wynter,169879,534
Wynter,168508,187
Wynter,117196,435
Wynter,156593,39
Wynter,189602,989
Wynter,179598,713
Wynter,152886,754
Wynter,158065,897
Wynter,115535,564
Wynter,112743,785
Wynter,189638,42
Wynter,166541,741
Wynter,154896,775
Wynter,143887,738
Wynter,175299,906
Wynter,188837,859
Wynter,112120,303
Wynter,168749,476
Wynter,122236,639
Wynter,120730,456
Wynter,170734,884
Wyatt,133808,288
Wyatt,146530,317
Wyatt,127363,854
Wyatt,192251,923
Wyatt,133317,219
Wyatt,114623,422
Wyatt,112604,731
Wyatt,125314,231
Wyatt,115347,205
Wyatt,140001,844
Wyatt,174615,894
Wyatt,165521,368
Wyatt,126077,406
Wyatt,175469,995
Wyatt,186440,475
Wyatt,198397,11
Wyatt,120681,404
Wyatt,127069,809
Wyatt,149926,498
Wyatt,145101,183
Wyatt,141255,976
Wyatt,162431,238
Wyatt,152048,627
Wyatt,108944,275
Wyatt,195200,332
Wyatt,136674,817
Wyatt,174181,340
Wyatt,115310,536
Wyatt,182306,499
Wyatt,142217,75
Wyatt,128326,363
Wyatt,143888,769
Wyatt,138116,174
Wyatt,158147,147
Wyatt,123342,116
Wyatt,114379,329
Wyatt,147023,140
Wyatt,161386,842
Wyatt,150937,615
Wyatt,157322,744
Wyatt,169723,243
Wyatt,177888,677
Wyatt,174411,217
Wyatt,198316,778
Wyatt,161268,722
Wyatt,166648,42
Wyatt,137460,518
Wyatt,167680,437
Wyatt,195245,597
Wyatt,109405,419
Wyatt,171367,134
Wyatt,174992,668
Wyatt,148394,628
Wyatt,143133,269
Wyatt,145928,117
Wyatt,160551,538
Wyatt,107587,432
Wyatt,191928,658
Wyatt,179813,533
Wyatt,104466,381
Wyatt,160642,56
Wyatt,148716,434
Wyatt,108421,649
Wyatt,170919,750
Wyatt,111922,234
Wyatt,166704,556
Wyatt,139905,568
Wyatt,141458,720
Wyatt,122763,83
Wyatt,151240,919
Wyatt,160187,497
Wyatt,180412,421
Wyatt,125543,478
Wyatt,127865,178
Wyatt,119398,505
Wyatt,153728,214
Wyatt,120080,644
Wyatt,177763,436
Wyatt,125213,437
Wyatt,142359,708
Wyatt,164573,543
Wyatt,158604,146
Wyatt,192916,619
Wyatt,199174,773
Wyatt,153926,997
Wyatt,144271,926
Wyatt,161232,407
Wyatt,190223,299
Wyatt,171996,632
Wyatt,138557,576
Wyatt,142240,77
Wyatt,172009,668
Wyatt,125564,661
Wyatt,128349,236
Wyatt,149304,642
Wyatt,137979,121
Wyatt,127424,951
Wyatt,195787,420
Wyatt,185485,593
Wyatt,174025,670
Wyatt,168928,128
Wyatt,184732,281
Wyatt,191159,389
Wyatt,145108,380
Wyatt,143907,839
Wyatt,124813,972
Wyatt,188391,450
Wyatt,113855,719
Wyatt,128126,416
Wyatt,126182,725
Wyatt,191009,486
Wyatt,149727,96
Wyatt,190518,140
Wyatt,173779,47
Wyatt,109370,786
Wyatt,142898,809
Wyatt,117725,76
Wyatt,102926,13
Wyatt,179530,912
Wyatt,173403,149
Wyatt,153249,517
Wyatt,141094,685
Wyatt,106178,476
Wyatt,157005,943
Wyatt,169024,123
Wyatt,190674,874
Wyatt,185212,429
Wyatt,124639,586
Wyatt,100534,203
Wyatt,193674,160
Wyatt,191396,301
Wyatt,155617,55
Wyatt,133979,808
Wyatt,161828,97
Wyatt,191668,318
Wyatt,161189,458
Wyatt,163933,998
Wyatt,110996,808
Wyatt,176436,608
Wyatt,137103,134
Wyatt,193789,557
Wyatt,175723,893
Wyatt,154667,976
Wyatt,107388,931
Wyatt,103964,453
Wyatt,145912,824
Wyatt,141593,277
Wyatt,169782,54
Wyatt,156780,544
Wyatt,182570,855
Wyatt,197557,331
Wyatt,125276,223
Wyatt,105959,663
Wyatt,198541,299
Wyatt,169404,465
Wyatt,121391,269
Wyatt,177945,290
Wyatt,183321,646
Wyatt,102685,362
Wyatt,166375,936
Wyatt,117476,320
Wyatt,152386,673
Wyatt,155909,945
Wyatt,179756,73
Wyatt,192868,659
Wyatt,196262,278
Wyatt,178824,945
Wyatt,174373,388
Wyatt,139480,981
Wyatt,138813,759
Wyatt,188505,284
Wyatt,165420,575
Wyatt,146892,94
Wyatt,107471,777
Wyatt,183062,407
Wyatt,174526,257
Wyatt,153671,490
Wyatt,139025,798
Wyatt,106416,870
Wyatt,115434,757
Wyatt,163344,606
Wyatt,170466,5
Wyatt,157937,972
Wyatt,106799,715
Wyatt,192719,799
Wyatt,112304,228
Wyatt,141773,446
Wyatt,137613,898
Wyatt,114547,98
Wyatt,174564,938
Wyatt,180880,688
Wyatt,112777,705
Wyatt,182762,651
Wyatt,176419,112
Wyatt,121462,490
Wyatt,159193,717
Wyatt,116870,752
Wyatt,185852,316
Wyatt,106905,371
Wyatt,132840,261
Wyatt,150019,799
Wyatt,146654,181
Wyatt,131693,517
Wyatt,156294,889
Wyatt,145640,388
Wyatt,188985,51
Wyatt,149120,812
Wyatt,105820,148
Wyatt,132150,147
Wyatt,160705,853
Wyatt,108591,774
Wyatt,101109,936
Wyatt,137575,538
Wyatt,149318,344
Wyatt,141747,985
Wyatt,126658,711
Wyatt,157891,608
Wyatt,100994,311
Wyatt,119966,454
Wyatt,150936,179
Wyatt,161235,768
Wyatt,150297,692
Wyatt,117800,478
Wyatt,166279,426
Wyatt,161312,393
Wyatt,159432,474
Wyatt,112499,415
Wyatt,187860,534
Wyatt,153727,950
Wyatt,148483,530
Wyatt,114174,892
Wyatt,138254,951
Wyatt,198329,922
Wyatt,104745,433
Wyatt,172493,457
Wyatt,181798,952
Wyatt,149203,798
Wyatt,130018,129
Wyatt,115898,522
Wyatt,109418,493
Wyatt,142140,801
Wyatt,122773,980
Wyatt,177790,189
Wyatt,128839,93
Wyatt,163092,257
Wyatt,143529,316
Wyatt,112569,677
Wyatt,185202,359
Wyatt,144567,957
Wyatt,124046,704
Wyatt,137162,218
Wyatt,153997,599
Wyatt,115079,707
Wyatt,160379,948
Wyatt,144682,928
Wyatt,143737,142
Wyatt,137392,958
Wyatt,167002,744
Wyatt,169894,457
Wyatt,124757,494
Wyatt,101593,468
Wyatt,166256,1
Wyatt,161025,765
Wyatt,190016,334
Wyatt,198576,263
Wyatt,199584,884
Wyatt,119817,694
Wyatt,115612,711
Wyatt,132834,763
Wyatt,119822,805
Wyatt,111580,378
Wyatt,154602,868
Wyatt,133797,829
Wyatt,107991,16
Wyatt,179022,8
Wyatt,175587,568
Wyatt,149912,622
Wyatt,155546,595
Wyatt,121995,296
Wyatt,167527,211
Wyatt,126197,805
Wyatt,159581,445
Wyatt,132003,28
Wyatt,148020,740
Wyatt,145608,913
Wyatt,166335,411
Wyatt,101150,378
Wyatt,172230,897
Wyatt,107106,556
Wyatt,122278,733
Wyatt,149929,165
Wyatt,143569,347
Wyatt,128785,51
Wyatt,120395,66
Wyatt,132776,54
Wyatt,183998,240
Wyatt,191799,622
Wyatt,108457,986
Wyatt,196197,67
Wyatt,164425,842
Wyatt,172451,17
Wyatt,167598,33
Wyatt,152193,839
Wyatt,104202,991
Wyatt,138546,730
Wyatt,112852,10
Wyatt,190489,539
Wyatt,148388,695
Wyatt,181889,29
Wyatt,158803,101
Wyatt,170349,78
Wyatt,114041,295
Wyatt,107927,174
Wyatt,179373,927
Wyatt,137849,18
Wyatt,110789,145
Wyatt,194344,237
Wyatt,133199,616
Wyatt,167167,894
Wyatt,118846,538
Wyatt,139766,535
Wyatt,171843,942
Wyatt,141241,651
Wyatt,160969,71
Wyatt,128452,357
Wyatt,136980,70
Wyatt,161720,655
Wyatt,130712,359
Wyatt,147543,584
Wyatt,182588,668
Wyatt,160695,508
Wyatt,112643,584
Wyatt,135621,278
Wyatt,153771,939
Wyatt,124547,55
Wyatt,145102,70
Wyatt,160772,924
Wyatt,129286,270
Wyatt,134410,684
Wyatt,195217,335
Wyatt,162327,836
Wyatt,117996,609
Wyatt,127100,586
Wyatt,130842,980
Wyatt,105856,442
Wyatt,146696,273
Wyatt,148745,756
Wyatt,167408,251
Wyatt,191356,342
Wyatt,121682,878
Wyatt,113405,616
Wyatt,152570,931
Wyatt,193893,111
Wyatt,125370,762
Wyatt,109617,319
Wyatt,110881,384
Wyatt,132409,102
Wyatt,164650,642
Wyatt,174096,813
Wyatt,177162,543
Wyatt,175099,766
Wyatt,161113,70
Wyatt,184339,815
Wyatt,164705,557
Wyatt,169595,223
Wyatt,138806,612
Wyatt,175138,223
Wyatt,147311,675
Wyatt,125560,773
Wyatt,170340,135
Wyatt,113224,86
Wyatt,158833,507
Wyatt,112290,359
Wyatt,112711,30
Wyatt,162100,777
Wyatt,188846,742
Wyatt,139942,609
Wyatt,199167,445
Wyatt,167560,668
Wyatt,144694,731
Wyatt,112204,144
Wyatt,170980,890
Wyatt,192165,665
Wyatt,144877,359
Wyatt,159398,957
Wyatt,186785,888
Wyatt,101570,909
Wyatt,132026,516
Wyatt,186536,711
Wyatt,188827,611
Wyatt,143819,612
Wyatt,118485,543
Wyatt,134256,174
Wyatt,132603,986
Wyatt,194763,61
Wyatt,121592,634
Wyatt,153255,231
Wyatt,120719,804
Wyatt,109346,800
Wyatt,181799,825
Wyatt,115281,742
Wyatt,195588,471
Wyatt,101814,719
Wyatt,189049,496
Wyatt,135807,564
Wyatt,146392,118
Wyatt,108139,51
Wyatt,176028,158
Wyatt,124169,419
Wyatt,166660,94
Wyatt,129965,320
Wyatt,126152,180
Wyatt,182688,631
Wyatt,142305,68
Wyatt,170132,272
Wyatt,182275,561
Wyatt,155782,202
Wyatt,138345,29
Wyatt,173381,667
Wyatt,157725,245
Wyatt,174864,454
Wyatt,123911,804
Wyatt,193027,897
Wyatt,121605,526
Wyatt,191463,130
Wyatt,190601,32
Wyatt,139598,521
Wyatt,190256,678
Wyatt,109170,623
Wyatt,180796,583
Wyatt,135041,383
Wyatt,149675,608
Wyatt,132620,20
Wyatt,103603,971
Wyatt,164141,513
Wyatt,142997,827
Wyatt,166889,494
Wyatt,101655,41
Wyatt,183233,489
Wyatt,136075,346
Wyatt,128599,639
Wyatt,152730,738
Wyatt,129131,865
Wyatt,145603,50
Wyatt,177399,281
Wyatt,114898,114
Wyatt,143876,758
Wyatt,125087,709
Wyatt,123749,802
Wyatt,106582,422
Wyatt,107117,57
Wyatt,134522,113
Wyatt,156281,689
Wyatt,155666,758
Wyatt,172246,661
Wyatt,178064,437
Wyatt,109326,849
Wyatt,199065,59
Wyatt,127239,239
Wyatt,159621,896
Wyatt,103530,612
Wyatt,128368,831
Wyatt,121293,149
Wyatt,143417,522
Wyatt,178175,629
Wyatt,111441,736
Wyatt,151312,575
Wyatt,191179,370
Wyatt,152710,496
Wyatt,123076,976
Wyatt,199270,399
Wyatt,184045,427
Wyatt,149422,714
Wyatt,165942,1000
Wyatt,136650,118
Wyatt,156331,423
Wyatt,196109,732
Wyatt,173218,325
Wyatt,109228,364
Wyatt,137775,474
Wyatt,117848,74
Wyatt,171675,120
Wyatt,190593,181
Wyatt,179424,370
Wyatt,149325,274
Wyatt,134554,813
Wyatt,126786,152
Wyatt,144690,508
Wyatt,169763,129
Wyatt,178031,873
Wyatt,142546,586
Wyatt,190156,840
Wyatt,166114,477
Wyatt,156596,964
Wyatt,165056,540
Wyatt,101045,335
Wyatt,138601,14
Wyatt,164797,704
Wyatt,117249,803
Wyatt,186084,138
Wyatt,128124,385
Wyatt,114810,544
Wyatt,190671,87
Wyatt,190082,564
Wyatt,180277,888
Wyatt,162574,663
Wyatt,102173,342
Wyatt,121835,950
Wyatt,174496,665
Wyatt,198850,994
Wyatt,180737,790
Wyatt,177235,749
Wyatt,147099,323
Wyatt,170004,908
Wyatt,113052,468
Wyatt,121585,508
Wyatt,116210,943
Wyatt,171971,465
Wyatt,133011,838
Wyatt,187300,862
Wyatt,193956,32
Wyatt,111476,107
Wyatt,199300,803
Wyatt,151131,327
Wyatt,198967,352
Wyatt,140531,747
Wyatt,160846,21
Wyatt,106257,292
Wyatt,140884,517
Wyatt,131472,611
Wyatt,185127,761
Wyatt,176294,29
Wyatt,146161,876
Wyatt,109935,950
Wyatt,147295,40
Wyatt,132231,237
Wyatt,197168,973
Wyatt,137797,597
Wyatt,169558,801
Wyatt,183475,878
Wyatt,179266,837
Wyatt,178453,249
Wyatt,151400,709
Wyatt,140477,63
Wyatt,122290,296
Wyatt,119595,631
Wyatt,131686,89
Wyatt,116025,78
Wyatt,156617,260
Wyatt,170405,131
Wyatt,125019,164
Wyatt,140046,973
Wyatt,123845,558
Wyatt,160603,626
Wyatt,148062,282
Wyatt,186312,856
Wyatt,171579,481
Wyatt,183398,325
Wyatt,130317,421
Wyatt,106852,592
Wyatt,131407,109
Wyatt,150569,364
Wyatt,140934,313
Wyatt,111058,3
Wyatt,178842,6
Wyatt,128139,517
Wyatt,182608,708
Wyatt,197487,567
Wyatt,131336,768
Wyatt,156352,622
Wyatt,107418,802
Wyatt,162455,847
Wyatt,141845,781
Wyatt,191022,165
Wyatt,149149,764
Wyatt,191075,49
Wyatt,124004,162
Wyatt,122132,585
Wyatt,129165,904
Wyatt,181573,664
Wyatt,167386,642
Wyatt,194869,936
Wyatt,125292,624
Wyatt,116706,88
Wyatt,107893,749
Wyatt,189814,999
Wyatt,101007,32
Wyatt,141546,910
Wyatt,140587,741
Wyatt,153173,576
Wyatt,133335,272
Wyatt,165431,961
Wyatt,197569,592
Wyatt,184815,782
Wyatt,152968,349
Wyatt,139276,244
Wyatt,150647,345
Wyatt,159512,84
Wyatt,115270,646
Wyatt,195147,783
Wyatt,152062,919
Wyatt,159479,259
Wyatt,166884,540
Wyatt,151839,637
Wyatt,127575,737
Wyatt,162722,248
Wyatt,169007,435
Wyatt,166939,347
Wyatt,106811,378
Wyatt,160532,664
Wyatt,165480,949
Wyatt,186089,180
Wyatt,162010,188
Wyatt,104807,244
Wyatt,198458,90
Wyatt,149728,906
Wyatt,176771,780
Wyatt,130170,807
Wyatt,101258,657
Wyatt,191818,695
Wyatt,142187,579
Wyatt,101113,822
Wyatt,196021,636
Wyatt,145298,678
Wyatt,199411,802
Wyatt,166251,447
Wyatt,167318,339
Wyatt,166965,772
Wyatt,107280,313
Wyatt,173293,233
Wyatt,105499,376
Wyatt,199258,257
Wyatt,183242,369
Wyatt,162171,23
Wyatt,100895,876
Wyatt,121861,378
Wyatt,182730,384
Wyatt,105280,899
Wyatt,168986,819
Wyatt,135104,865
Wyatt,155852,920
Wyatt,105401,220
Wyatt,118923,448
Wyatt,145104,762
Wyatt,180691,832
Wyatt,155731,501
Wyatt,172506,677
Wyatt,113021,282
Wyatt,102657,875
Wyatt,115507,208
Wyatt,121485,7
Wyatt,125559,622
Wyatt,125575,169
Wyatt,166652,439
Wyatt,122937,283
Wyatt,115419,987
Wyatt,101529,70
Wyatt,174736,554
Wyatt,184788,742
Wyatt,164851,748
Wyatt,124669,164
Wyatt,109126,420
Wyatt,132329,5
Wyatt,137777,581
Wyatt,170515,218
Wyatt,143701,628
Wyatt,141257,672
Wyatt,107709,65
Wyatt,135850,953
Wyatt,101288,795
Wyatt,104992,487
Wyatt,154087,244
Wyatt,178102,525
Wyatt,134963,995
Wyatt,112698,948
Wyatt,125422,297
Wyatt,171605,986
Wyatt,133931,165
Wyatt,110038,909
Wyatt,141638,766
Wyatt,121747,343
Wyatt,110543,472
Wyatt,155740,84
Wyatt,129507,925
Wyatt,166268,246
Wyatt,154430,584
Wyatt,119036,439
Wyatt,191453,775
Wyatt,182179,920
Wyatt,181145,256
Wyatt,165776,807
Wyatt,175137,654
Wyatt,154829,79
Wyatt,104607,643
Wyatt,150922,825
Wyatt,120417,745
Wyatt,183981,243
Wyatt,175944,187
Wyatt,106519,199
Wyatt,107828,251
Wyatt,138328,793
Wyatt,102794,877
Wyatt,111094,225
Wyatt,127343,24
Wyatt,153807,112
Wyatt,191743,480
Wyatt,102159,614
Wyatt,196806,99
Wyatt,178895,781
Wyatt,189883,238
Wyatt,145125,306
Wyatt,130562,780
Wyatt,177586,667
Wyatt,165458,193
Wyatt,139713,734
Wyatt,146105,933
Wyatt,119695,403
Wyatt,157089,991
Wyatt,124548,784
Wyatt,163660,261
Wyatt,176655,48
Wyatt,128053,857
Wyatt,183751,898
Wyatt,117586,825
Wyatt,133076,431
Wyatt,171792,768
Wyatt,108872,299
Wyatt,162249,549
Wyatt,194693,1000
Wyatt,197411,691
Wyatt,185135,937
Wyatt,193768,104
Wyatt,186345,621
Wyatt,186966,603
Wyatt,128405,157
Wyatt,162886,444
Wyatt,157160,705
Wyatt,159434,65
Wyatt,130890,524
Wyatt,145106,239
Wyatt,119237,17
Wyatt,150509,730
Wyatt,129707,987
Wyatt,167468,160
Wyatt,191252,536
Wyatt,127745,384
Wyatt,134581,247
Wyatt,170158,692
Wyatt,153321,582
Wyatt,110568,12
Wyatt,107934,994
Wyatt,168578,20
Wyatt,196345,599
Wyatt,161952,490
Wyatt,155438,955
Wyatt,162891,623
Wyatt,154386,96
Wyatt,159538,949
Wyatt,122028,784
Wyatt,128028,795
Wyatt,167818,877
Wyatt,150678,123
Wyatt,143581,410
Wyatt,119571,145
Wyatt,115835,59
Wyatt,103016,927
Wyatt,195307,779
Wyatt,192000,283
Wyatt,198847,356
Wyatt,134632,693
Wyatt,132826,634
Wyatt,114804,397
Wyatt,113099,45
Wyatt,166108,741
Wyatt,148992,817
Wyatt,104017,502
Wyatt,143036,994
Wyatt,189178,803
Wyatt,182551,483
Wyatt,109027,505
Wyatt,163854,928
Wyatt,126288,999
Wyatt,154668,305
Wyatt,140193,732
Wyatt,174142,563
Wyatt,155061,583
Wyatt,100196,557
Wyatt,147008,913
Wyatt,178201,799
Wyatt,166726,702
Wyatt,143479,439
Wyatt,185807,186
Wyatt,138940,951
Wyatt,188489,649
Wyatt,149547,994
Wyatt,105263,738
Wyatt,134794,111
Wyatt,194135,951
Wyatt,137916,797
Wyatt,178112,382
Wyatt,125420,398
Wyatt,143553,159
Wyatt,171047,713
Wyatt,172582,654
Wyatt,175832,183
Wyatt,168376,305
Wyatt,198542,184
Wyatt,174417,596
Wyatt,190799,203
Wyatt,107061,423
Wyatt,114160,891
Wyatt,122967,991
Wyatt,148446,13
Wyatt,105701,477
Wyatt,140390,910
Wyatt,167013,413
Wyatt,180125,488
Wyatt,161507,754
Wyatt,185557,52
Wyatt,112719,158
Wyatt,125917,116
Wyatt,109518,504
Wyatt,149419,21
Wyatt,111054,489
Wyatt,168288,573
Wyatt,186075,238
Wyatt,125874,167
Wyatt,180755,119
Wyatt,156902,157
Wyatt,112724,897
Wyatt,191764,666
Wyatt,153955,319
Wyatt,147129,864
Wyatt,119461,588
Wyatt,136254,752
Wyatt,128739,939
Wyatt,103205,744
Wyatt,176954,333
Wyatt,118330,114
Wyatt,151256,206
Wyatt,101798,734
Wyatt,168146,711
Wyatt,161973,410
Wyatt,176557,702
Wyatt,182450,539
Wyatt,155435,395
Wyatt,108445,389
Wyatt,158403,409
Wyatt,120585,885
Wyatt,189492,797
Wyatt,176051,270
Wyatt,134508,291
Wyatt,100692,276
Wyatt,129824,595
Wyatt,174118,432
Wyatt,187274,9
Wyatt,186328,657
Wyatt,108500,619
Wyatt,187173,301
Wyatt,106180,234
Wyatt,196192,481
Wyatt,181268,607
Wyatt,185438,860
Wyatt,136493,147
Wyatt,180351,802
Wyatt,117541,420
Wyatt,198798,534
Wyatt,106743,831
Wyatt,152849,318
Wyatt,167971,362
Wyatt,124032,559
Wyatt,157961,136
Wyatt,132494,253
Wyatt,135403,143
Wyatt,153709,263
Wyatt,125925,174
Wyatt,167784,793
Wyatt,134535,189
Wyatt,149362,899
Wyatt,150089,90
Wyatt,106861,885
Wyatt,172253,821
Wyatt,164826,878
Wyatt,151867,13
Wyatt,177526,902
Wyatt,159438,135
Wyatt,133214,575
Wyatt,112614,316
Wyatt,161951,830
Wyatt,162323,17
Wyatt,142373,927
Wyatt,109607,401
Wyatt,124924,321
Wyatt,111837,223
Wyatt,105963,988
Wyatt,113283,398
Wyatt,183579,9
Wyatt,167258,15
Wyatt,187103,198
Wyatt,125877,954
Wyatt,105667,102
Wyatt,109219,627
Wyatt,132274,378
Wyatt,173978,668
Wyatt,134241,467
Wyatt,122262,240
Wyatt,164036,606
Wyatt,140182,602
Wyatt,172265,260
Wyatt,123104,544
Wyatt,134442,552
Wyatt,117494,462
Wyatt,181164,653
Wyatt,100689,366
Wyatt,117093,248
Wyatt,146907,974
Wyatt,180448,898
Wyatt,138744,27
Wyatt,186792,207
Wyatt,113563,149
Wyatt,118347,365
Wyatt,176992,186
Wyatt,130222,191
Wyatt,130610,766
Wyatt,121392,929
Wyatt,178645,333
Wyatt,140320,476
Wyatt,101899,718
Wyatt,110967,961
Wyatt,191305,480
Wyatt,107845,449
Wyatt,144736,381
Wyatt,122897,110
Wyatt,134817,877
Wyatt,152989,477
Wyatt,193319,129
Wyatt,142656,657
Wyatt,177507,229
Wyatt,179915,583
Wyatt,144538,625
Wyatt,184631,127
Wyatt,190102,174
Wyatt,163033,954
Wyatt,189545,424
Wyatt,145501,211
Wyatt,146665,633
Wyatt,172697,232
Wyatt,155458,692
Wyatt,101090,798
Wyatt,184831,824
Wyatt,196691,138
Wyatt,177803,770
Wyatt,149234,627
Wyatt,126236,49
Wyatt,176818,965
Wyatt,119307,74
Wyatt,150004,397
Wyatt,129570,605
Wyatt,144588,771
Wyatt,148420,517
Wyatt,108229,608
Wyatt,177696,5
Wyatt,136301,193
Wyatt,165743,438
Wyatt,118400,527
Wyatt,152169,395
Wyatt,167570,879
Wyatt,160893,164
Wyatt,124885,443
Wyatt,155636,477
Wyatt,158032,924
Wyatt,116085,132
Wyatt,136614,519
Wyatt,153633,145
Wyatt,175760,681
Wyatt,188331,569
Wyatt,130179,331
Wyatt,167421,7
Wyatt,121534,108
Wyatt,173914,964
Wyatt,149548,546
Wyatt,104530,895
Wyatt,128328,947
Wyatt,133912,190
Wyatt,178339,563
Wyatt,122410,700
Wyatt,184398,520
Wyatt,160960,11
Wyatt,195195,255
Wyatt,186041,462
Wyatt,147468,86
Wyatt,161601,99
Wyatt,191004,961
Wyatt,169131,396
Wyatt,144711,744
Wyatt,176566,264
Wyatt,190576,626
Wyatt,158022,731
Wyatt,188304,362
Wyatt,189847,74
Wyatt,144866,729
Wyatt,180007,537
Wyatt,132514,610
Wyatt,125977,46
Wyatt,182101,643
Wyatt,143749,818
Wyatt,180904,444
Wyatt,134628,875
Wyatt,175626,943
Wyatt,140588,739
Vincent,112661,725
Vincent,133893,558
Vincent,161495,528
Vincent,164084,199
Vincent,171496,310
Vincent,123764,378
Vincent,161683,877
Vincent,152322,503
Vincent,123755,100
Vincent,131841,611
Vincent,105981,513
Vincent,189564,823
Vincent,139243,141
Vincent,101289,924
Vincent,165135,497
Vincent,145949,196
Vincent,171444,42
Vincent,174472,5
Vincent,141118,650
Vincent,142322,634
Vincent,112856,161
Vincent,139193,550
Vincent,170033,645
Vincent,116371,468
Vincent,148772,435
Vincent,112865,753
Vincent,169005,458
Vincent,124141,158
Vincent,116613,701
Vincent,120591,975
Vincent,103300,769
Vincent,172777,821
Vincent,152628,301
Vincent,199635,183
Vincent,114505,444
Vincent,127297,56
Vincent,137044,270
Vincent,178210,741
Vincent,184811,730
Vincent,143170,460
Vincent,113971,532
Vincent,135147,213
Vincent,163702,318
Vincent,127400,192
Vincent,178123,194
Vincent,103158,245
Vincent,198718,503
Vincent,120860,452
Vincent,186157,486
Vincent,184792,556
Vincent,180119,146
Vincent,190758,907
Vincent,190312,997
Vincent,127141,353
Vincent,147437,301
Vincent,153839,865
Vincent,175426,847
Vincent,162667,0
Vincent,174128,422
Vincent,125602,66
Vincent,173874,937
Vincent,158438,768
Vincent,145370,204
Vincent,189826,278
Vincent,100182,430
Vincent,145110,135
Vincent,182409,970
Vincent,187186,386
Vincent,107749,966
Vincent,164997,21
Vincent,167822,9
Vincent,166874,582
Vincent,159369,831
Vincent,127408,926
Vincent,184478,889
Vincent,140238,460
Vincent,191426,21
Vincent,146395,264
Vincent,130767,930
Vincent,153894,780
Vincent,198420,584
Vincent,128965,771
Vincent,140947,424
Vincent,156159,935
Vincent,109221,60
Vincent,172397,913
Vincent,100594,462
Vincent,194098,399
Vincent,154034,922
Vincent,180999,414
Vincent,184985,967
Vincent,130196,215
Vincent,160089,40
Vincent,122485,510
Vincent,130508,735
Vincent,149210,273
Vincent,136036,368
Vincent,131061,65
Vincent,156298,885
Vincent,113989,799
Vincent,128397,27
Vincent,173299,45
Vincent,146159,877
Vincent,115465,90
Vincent,147471,136
Vincent,161502,725
Vincent,106977,176
Vincent,177975,273
Vincent,198932,389
Vincent,107109,918
Vincent,119097,636
Vincent,168614,477
Vincent,106350,411
Vincent,186364,144
Vincent,150841,905
Vincent,174688,552
Vincent,197822,806
Vincent,123549,105
Vincent,192987,731
Vincent,118585,695
Vincent,166580,922
Vincent,114063,568
Vincent,160710,1000
Vincent,145366,585
Vincent,166276,649
Vincent,179628,228
Vincent,114292,641
Vincent,115622,764
Vincent,136982,140
Vincent,173800,754
Vincent,120947,909
Vincent,155549,334
Vincent,151239,471
Vincent,161149,410
Vincent,160798,812
Vincent,110907,485
Vincent,147694,293
Vincent,184264,696
Vincent,165633,274
Vincent,149954,492
Vincent,146651,788
Vincent,155569,539
Vincent,164555,471
Vincent,178831,510
Vincent,104383,290
Vincent,180140,618
Vincent,168884,36
Vincent,179176,11
Vincent,199060,58
Vincent,168238,317
Vincent,102367,175
Vincent,124831,873
Vincent,135884,129
Vincent,190241,798
Vincent,182550,683
Vincent,158874,140
Vincent,133754,606
Vincent,139879,999
Vincent,173788,372
Vincent,193267,603
Vincent,189710,540
Vincent,114673,126
Vincent,146000,696
Vincent,174355,612
Vincent,146046,411
Vincent,105151,486
Vincent,123914,642
Vincent,116115,177
Vincent,184917,462
Vincent,156039,273
Vincent,106424,154
Vincent,106626,819
Vincent,125765,929
Vincent,175937,102
Vincent,118413,958
Vincent,183508,760
Vincent,140438,82
Vincent,175851,504
Vincent,157842,947
Vincent,196110,943
Vincent,128210,108
Vincent,177055,819
Vincent,181884,260
Vincent,198043,437
Vincent,165826,330
Vincent,144578,511
Vincent,159241,978
Vincent,175655,742
Vincent,169655,405
Vincent,182844,682
Vincent,125427,573
Vincent,193855,483
Vincent,170150,594
Vincent,106791,213
Vincent,152418,118
Vincent,118275,24
Vincent,168728,196
Vincent,105853,936
Vincent,144531,1000
Vincent,133344,529
Vincent,147403,666
Vincent,150693,819
Vincent,132740,739
Vincent,194531,319
Vincent,154825,450
Vincent,149664,945
Vincent,170072,394
Vincent,191012,598
Vincent,153062,17
Vincent,103231,484
Vincent,113591,958
Vincent,135997,76
Vincent,168791,900
Vincent,151707,164
Vincent,167215,583
Vincent,145702,626
Vincent,137889,178
Vincent,101724,202
Vincent,199014,532
Vincent,179001,988
Vincent,178485,623
Vincent,113821,464
Vincent,160761,123
Vincent,107201,68
Vincent,107702,570
Vincent,171369,205
Vincent,164531,662
Vincent,158695,961
Vincent,156319,59
Vincent,173562,347
Vincent,194141,663
Vincent,187068,304
Vincent,139319,165
Vincent,191478,659
Vincent,130916,160
Vincent,140216,807
Vincent,166512,185
Vincent,138391,628
Vincent,115609,549
Vincent,147603,440
Vincent,183362,372
Vincent,180584,897
Vincent,166893,337
Vincent,163550,824
Vincent,133645,939
Vincent,149075,574
Vincent,120012,575
Vincent,115946,124
Vincent,191477,115
Vincent,181051,661
Vincent,106846,245
Vincent,159291,49
Vincent,147695,716
Vincent,121247,631
Vincent,167625,124
Vincent,121706,790
Vincent,159367,341
Vincent,179294,319
Vincent,138486,54
Vincent,189819,653
Vincent,118549,929
Vincent,141242,278
Vincent,101438,790
Vincent,158949,449
Vincent,104676,456
Vincent,170537,278
Vincent,110257,405
Vincent,139812,6
Vincent,186196,989
Vincent,142450,87
Vincent,163783,286
Vincent,176342,331
Vincent,189610,930
Vincent,149146,120
Vincent,180182,106
Vincent,150242,210
Vincent,154929,341
Vincent,117474,668
Vincent,198782,220
Vincent,100059,906
Vincent,147140,493
Vincent,157873,478
Vincent,185907,298
Vincent,147254,349
Vincent,190599,85
Vincent,116579,801
Vincent,113023,767
Vincent,115141,464
Vincent,160578,580
Vincent,179790,852
Vincent,191136,517
Vincent,140269,686
Vincent,150313,116
Vincent,187115,801
Vincent,118519,159
Vincent,150482,179
Vincent,169522,985
Vincent,179487,4
Vincent,150275,327
Vincent,143694,184
Vincent,118845,508
Vincent,195655,634
Vincent,146166,740
Vincent,182085,141
Vincent,137086,681
Vincent,190506,116
Vincent,182255,845
Vincent,100077,205
Vincent,164581,413
Vincent,111613,40
Vincent,165988,439
Vincent,138318,240
Vincent,183899,427
Vincent,166255,483
Vincent,156359,995
Vincent,108342,80
Vincent,188683,187
Vincent,162837,805
Vincent,191172,556
Vincent,193480,984
Vincent,135414,881
Vincent,139581,159
Vincent,145224,772
Vincent,129138,390
Vincent,163264,6
Vincent,115635,142
Vincent,168081,481
Vincent,162122,165
Vincent,110751,786
Vincent,141412,539
Vincent,180723,297
Vincent,192409,395
Vincent,153661,280
Vincent,182094,795
Vincent,102869,413
Vincent,197972,132
Vincent,132639,14
Vincent,102195,400
Vincent,129079,308
Vincent,128695,957
Vincent,187284,392
Vincent,105083,678
Vincent,115550,787
Vincent,117977,640
Vincent,181785,966
Vincent,109190,613
Vincent,104463,137
Vincent,118337,152
Vincent,145209,788
Vincent,153703,264
Vincent,176092,721
Vincent,174341,630
Vincent,146942,288
Vincent,161584,185
Vincent,190469,121
Vincent,195318,345
Vincent,148072,790
Vincent,107790,249
Vincent,107501,646
Vincent,119067,494
Vincent,104942,342
Vincent,147029,652
Vincent,190951,95
Vincent,101443,135
Vincent,143176,141
Vincent,129301,333
Vincent,180316,440
Vincent,191803,698
Vincent,198842,809
Vincent,100161,625
Vincent,128044,2
Vincent,102840,114
Vincent,121299,530
Vincent,184572,626
Vincent,148866,340
Vincent,175858,454
Vincent,110724,894
Vincent,162697,433
Vincent,173346,259
Vincent,165370,631
Vincent,125319,601
Vincent,151779,95
Vincent,143715,640
Vincent,160970,25
Vincent,196000,847
Vincent,155717,902
Vincent,146563,345
Vincent,140928,168
Vincent,116168,534
Vincent,175875,375
Vincent,173152,36
Vincent,188107,737
Vincent,170745,274
Vincent,144686,230
Vincent,193717,521
Vincent,170979,723
Vincent,148569,454
Vincent,116185,269
Vincent,121011,907
Vincent,194441,398
Vincent,121426,130
Vincent,193820,62
Vincent,175929,334
Vincent,192025,587
Vincent,195890,369
Vincent,121790,552
Vincent,134825,507
Vincent,181755,852
Vincent,162081,165
Vincent,174851,501
Vincent,130867,177
Vincent,126680,638
Vincent,165519,140
Vincent,133746,283
Vincent,158308,849
Vincent,191387,174
Vincent,130838,619
Vincent,169995,838
Vincent,124251,203
Vincent,174350,463
Vincent,117008,860
Vincent,174282,108
Vincent,187585,376
Vincent,129280,658
Vincent,128700,943
Vincent,137180,419
Vincent,147018,427
Vincent,110357,156
Vincent,196286,375
Vincent,171417,401
Vincent,109799,527
Vincent,146823,682
Vincent,174773,852
Vincent,187887,279
Vincent,183414,539
Vincent,155766,559
Vincent,154405,228
Vincent,176045,427
Vincent,109959,538
Vincent,154164,408
Vincent,158865,538
Vincent,122738,820
Vincent,160627,978
Vincent,179248,905
Vincent,182000,827
Vincent,135797,681
Vincent,116247,85
Vincent,138620,964
Vincent,150194,411
Vincent,189128,715
Vincent,100976,50
Vincent,103322,115
Vincent,142508,21
Vincent,149720,996
Vincent,169648,382
Vincent,199399,936
Vincent,181948,886
Vincent,138188,880
Vincent,187062,924
Vincent,190835,622
Vincent,136252,228
Vincent,131095,331
Vincent,152567,872
Vincent,135915,35
Vincent,194851,485
Vincent,172901,183
Vincent,135404,14
Vincent,153679,214
Vincent,137236,636
Vincent,109241,540
Vincent,126139,525
Vincent,133283,436
Vincent,137614,861
Vincent,172673,795
Vincent,133522,812
Vincent,153644,648
Vincent,131999,721
Vincent,196144,280
Vincent,105844,552
Vincent,109415,638
Vincent,194116,458
Vincent,114961,165
Vincent,186119,257
Vincent,110292,661
Vincent,184118,180
Vincent,171164,728
Vincent,185133,139
Vincent,189378,832
Vincent,161986,238
Vincent,136260,386
Vincent,151041,268
Vincent,158790,328
Vincent,171005,970
Vincent,179288,779
Vincent,112276,597
Vincent,145991,217
Vincent,138026,442
Vincent,106771,251
Vincent,117638,55
Vincent,170171,415
Vincent,164375,726
Vincent,180225,654
Vincent,100862,988
Vincent,176882,293
Vincent,103063,148
Vincent,166751,197
Vincent,153143,761
Vincent,140393,972
Vincent,133937,165
Vincent,169570,274
Vincent,150932,905
Vincent,127828,522
Vincent,125576,930
Vincent,114079,18
Vincent,150458,5
Vincent,193525,375
Vincent,106197,451
Vincent,138047,737
Vincent,125820,624
Vincent,103529,440
Vincent,139683,883
Vincent,180077,511
Vincent,184135,831
Vincent,118617,145
Vincent,149162,397
Vincent,170541,983
Vincent,185333,477
Vincent,147693,651
Vincent,174395,578
Vincent,112199,873
Vincent,188104,985
Vincent,105444,762
Vincent,153851,33
Vincent,199344,822
Vincent,108312,248
Vincent,115059,398
Vincent,161788,897
Vincent,157578,434
Vincent,115071,143
Vincent,160362,947
Vincent,139065,849
Vincent,114841,463
Vincent,199100,439
Vincent,168873,454
Vincent,116827,406
Vincent,104191,409
Vincent,136908,383
Vincent,175389,445
Vincent,169220,640
Vincent,178221,300
Vincent,188689,161
Vincent,162196,334
Vincent,179758,938
Vincent,172491,157
Vincent,165051,765
Vincent,183292,855
Vincent,184410,325
Vincent,110295,65
Vincent,100224,305
Vincent,139409,447
Vincent,143090,283
Vincent,149063,277
Vincent,176673,472
Vincent,119899,823
Vincent,181417,237
Vincent,199871,930
Vincent,102626,825
Vincent,163658,643
Vincent,168704,44
Vincent,135657,27
Vincent,118679,422
Vincent,193661,319
Vincent,119739,379
Vincent,101971,737
Vincent,108998,788
Vincent,143865,435
Vincent,173836,861
Vincent,156652,870
Vincent,142321,260
Vincent,107443,586
Vincent,146682,696
Vincent,130804,590
Vincent,138882,637
Vincent,149103,61
Vincent,124591,930
Vincent,119031,251
Vincent,133215,99
Vincent,188322,514
Vincent,119511,894
Vincent,164682,879
Vincent,124758,551
Vincent,182586,781
Vincent,163011,742
Vincent,112283,91
Vincent,112908,661
Vincent,196598,208
Vincent,179428,62
Vincent,190119,6
Vincent,152735,46
Vincent,180281,394
Vincent,154625,199
Vincent,152832,432
Vincent,191610,316
Vincent,171779,313
Vincent,181467,669
Vincent,128737,767
Vincent,174750,461
Vincent,109672,380
Vincent,171130,211
Vincent,105639,261
Vincent,164421,29
Vincent,182495,846
Vincent,154818,245
Vincent,193625,992
Vincent,151206,430
Vincent,120219,138
Vincent,122415,352
Vincent,122731,330
Vincent,141591,253
Vincent,107170,181
Vincent,194006,508
Vincent,132363,220
Vincent,140232,821
Vincent,138387,366
Vincent,135061,286
Vincent,177542,269
Vincent,152706,783
Vincent,199227,919
Vincent,179584,591
Vincent,162670,473
Vincent,172053,960
Vincent,197992,280
Vincent,128980,555
Vincent,197515,811
Vincent,199825,624
Vincent,135790,757
Vincent,144790,217
Vincent,100857,561
Vincent,107603,465
Vincent,185886,980
Vincent,170060,376
Vincent,159315,817
Vincent,193499,933
Vincent,119544,954
Vincent,174707,997
Vincent,115586,710
Vincent,120810,815
Vincent,187366,135
Vincent,136206,192
Vincent,117517,202
Vincent,184192,342
Vincent,113660,742
Vincent,128614,259
Vincent,142294,809
Vincent,147676,896
Vincent,142494,110
Vincent,147189,964
Vincent,148002,947
Vincent,198294,99
Vincent,156110,74
Vincent,167024,793
Vincent,138605,98
Vincent,196897,328
Vincent,134620,293
Vincent,128907,959
Vincent,138720,269
Vincent,186062,898
Vincent,110198,165
Vincent,185007,150
Vincent,167009,311
Vincent,198343,745
Vincent,148223,891
Vincent,166766,258
Vincent,110749,618
Vincent,183043,695
Vincent,147216,699
Vincent,157158,843
Vincent,177160,81
Vincent,132202,725
Vincent,152206,922
Vincent,128804,463
Vincent,113875,299
Vincent,104543,51
Vincent,138009,777
Vincent,125706,668
Vincent,129438,675
Vincent,137539,920
Vincent,177300,310
Vincent,153454,812
Vincent,135639,912
Vincent,196159,758
Vincent,147526,920
Vincent,135727,750
Vincent,139431,854
Vincent,118340,565
Vincent,113938,211
Vincent,113966,963
Vincent,133904,888
Vincent,122148,663
Vincent,176523,755
Vincent,179226,780
Vincent,181261,751
Vincent,106699,664
Vincent,104711,90
Vincent,103275,544
Vincent,180018,332
Vincent,105447,232
Vincent,124364,348
Vincent,151729,272
Vincent,172695,851
Vincent,122917,842
Vincent,104156,608
Vincent,182875,113
Vincent,106092,437
Vincent,130079,988
Vincent,190948,792
Vincent,111522,602
Vincent,180050,353
Vincent,174162,113
Vincent,129785,846
Vincent,113046,430
Vincent,135551,81
Vincent,105648,83
Vincent,184498,415
Vincent,159077,976
Vincent,175152,261
Vincent,186375,336
Vincent,131961,891
Vincent,134983,802
Vincent,145851,425
Vincent,101028,693
Vincent,141044,891
Vincent,113542,411
Vincent,106312,406
Vincent,123320,613
Vincent,138003,881
Vincent,184111,189
Vincent,141047,654
Vincent,169274,759
Vincent,170067,48
Vincent,185473,899
Vincent,158000,282
Vincent,156595,818
Vincent,134276,759
Vincent,168401,692
Vincent,197292,738
Vincent,185124,596
Vincent,126915,200
Vincent,142394,869
Vincent,119181,625
Vincent,174974,933
Vincent,147549,717
Vincent,170511,78
Vincent,106380,94
Vincent,199467,367
Vincent,161834,317
Vincent,181817,994
Vincent,136411,108
Vincent,188765,460
Vincent,195398,697
Vincent,174121,820
Vincent,198998,711
Vincent,101263,709
Vincent,162974,79
Vincent,141145,168
Vincent,175360,374
Vincent,149679,590
Vincent,121582,571
Vincent,128821,380
Vincent,197343,214
Vincent,116525,333
Vincent,170595,643
Vincent,166788,361
Vincent,158644,669
Vincent,192316,607
Vincent,193216,837
Vincent,110910,250
Vincent,144451,727
Vincent,134992,627
Vincent,120566,173
Vincent,167287,258
Vincent,161035,125
Vincent,148972,28
Vincent,191360,839
Vincent,193223,931
Vincent,120695,887
Vincent,103332,476
Vincent,100840,48
Vincent,102594,315
Vincent,171297,542
Vincent,164728,399
Vincent,107825,791
Vincent,188586,990
Vincent,181608,624
Vincent,127410,337
Vincent,143473,781
Vincent,180808,48
Vincent,150973,616
Vincent,189501,304
Vincent,126574,6
Vincent,171906,238
Vincent,122555,536
Vincent,158174,103
Vincent,141497,104
Vincent,160614,166
Vincent,189591,592
Vincent,173755,344
Vincent,159626,902
Vincent,180111,337
Vincent,162550,805
Vincent,101158,929
Vincent,135760,639
Vincent,194719,981
Vincent,141445,685
Vincent,139610,630
Vincent,140914,584
Vincent,190247,975
Vincent,106592,204
Vincent,175845,348
Vincent,135108,11
Vincent,182617,624
Vincent,188017,149
Vincent,122492,173
Vincent,122502,88
Vincent,192372,662
Vincent,183408,678
Vincent,146546,491
Vincent,176083,417
Vincent,126812,128
Vincent,158073,181
Vincent,175776,821
Vincent,163013,168
Vincent,102502,738
Vincent,198038,985
Vincent,196605,811
Vincent,189699,698
Vincent,199308,608
Vincent,103441,474
Vincent,166715,950
Vincent,163117,928
Vincent,168786,835
Vincent,165843,981
Vincent,162290,399
Vincent,132765,763
Vincent,162168,333
Vincent,123212,402
Vincent,118389,483
Vincent,197538,210
Vincent,115755,104
Vincent,108388,490
Vincent,167137,455
Vincent,127418,57
Vincent,179517,872
Vincent,190539,252
Vincent,102533,642
Vincent,158481,901
Vincent,177444,458
Vincent,106113,932
Vincent,182826,916
Vincent,130541,431
Vincent,157829,656
Vincent,151252,262
Vincent,136667,557
Vincent,191443,216
Vincent,118818,708
Vincent,105834,426
Vincent,155006,455
Vincent,141114,542
Vincent,151841,271
Vincent,132938,182
Vincent,157971,57
Vincent,170775,599
Vincent,166481,432
Vincent,115591,161
Vincent,160329,557
Vincent,157386,204
Vincent,164869,206
Vincent,128849,942
Vincent,114302,89
Vincent,194669,567
Vincent,130596,598
Vincent,165339,822
Vincent,140153,3
Vincent,161931,485
Vincent,196769,697
Vincent,154346,32
Vincent,114756,401
Vincent,161823,761
Vincent,192003,83
Vincent,138260,34
Vincent,119873,760
Vincent,105291,741
Vincent,114760,362
Vincent,181398,232
Vincent,117419,70
Vincent,171318,483
Vincent,120028,740
Vincent,127029,784
Vincent,145277,647
Vincent,107928,646
Vincent,134493,497
Vincent,193101,622
Vincent,175207,746
Vincent,112915,453
Vincent,193545,316
Vincent,113448,921
Vincent,148833,370
Vincent,118291,91
Vincent,157563,7
Vincent,124838,204
Vincent,151590,183
Vincent,175812,427
Vincent,184187,515
Vincent,176895,964
Vincent,158193,650
Vincent,115527,732
Vincent,114095,99
Vincent,177332,610
Vincent,193078,483
Vincent,150600,401
Vincent,144212,25
Vincent,147509,397
Vincent,119763,143
Vincent,197389,962
Vincent,101922,504
Vincent,107799,81
Vincent,167372,89
Vincent,100244,981
Vincent,172015,460
Vincent,184293,559
Vincent,132817,114
Vincent,199645,248
Vincent,155315,918
Vincent,148667,269
Vincent,145880,339
Vincent,108710,236
Vincent,196422,276
Vincent,187192,350
Vincent,149155,421
Vincent,109671,999
Vincent,182113,160
Vincent,189468,288
Vincent,182369,996
Vincent,105174,814
Vincent,106704,102
Vincent,114043,164
Vincent,117274,949
Vincent,180479,825
Vincent,122707,810
Vincent,172794,501
Ulric,198852,872
Ulric,139550,932
Ulric,184179,811
Ulric,146733,316
Ulric,115380,81
Ulric,183826,956
Ulric,140616,184
Ulric,164427,888
Ulric,157087,815
Ulric,172007,353
Ulric,121612,787
Ulric,179400,139
Ulric,122857,108
Ulric,110073,285
Ulric,105198,59
Ulric,177902,976
Ulric,194940,627
Ulric,143761,719
Ulric,112932,565
Ulric,177968,415
Ulric,111215,140
Ulric,178192,53
Ulric,189706,773
Ulric,192102,396
Ulric,183872,308
Ulric,153522,892
Ulric,164890,458
Ulric,168705,851
Ulric,115928,948
Ulric,115495,609
Ulric,124448,598
Ulric,114336,795
Ulric,139084,62
Ulric,120616,924
Ulric,124522,158
Ulric,186223,869
Ulric,194143,324
Ulric,193772,71
Ulric,181479,473
Ulric,172894,905
Ulric,120602,183
Ulric,145826,306
Ulric,171680,107
Ulric,198462,552
Ulric,174982,946
Ulric,179097,111
Ulric,100776,159
Ulric,108645,873
Ulric,170410,526
Ulric,132615,986
Ulric,175627,709
Ulric,151899,371
Ulric,136125,312
Ulric,155610,197
Ulric,183979,746
Ulric,145445,418
Ulric,120901,22
Ulric,186049,806
Ulric,142440,951
Ulric,161437,560
Ulric,149000,156
Ulric,177337,683
Ulric,179328,617
Ulric,123652,559
Ulric,115964,160
Ulric,137673,120
Ulric,178568,378
Ulric,196338,934
Ulric,160069,99
Ulric,137617,715
Ulric,157886,862
Ulric,122317,790
Ulric,185312,931
Ulric,185551,177
Ulric,161299,408
Ulric,138638,976
Ulric,135709,797
Ulric,114484,744
Ulric,142018,657
Ulric,135203,709
Ulric,164832,485
Ulric,176754,111
Ulric,198307,105
Ulric,174742,547
Ulric,186882,164
Ulric,185285,100
Ulric,191240,241
Ulric,179889,733
Ulric,190285,739
Ulric,139212,375
Ulric,186384,993
Ulric,140916,229
Ulric,130016,539
Ulric,158506,939
Ulric,159852,685
Ulric,172381,946
Ulric,114153,417
Ulric,159125,60
Ulric,176676,580
Ulric,117980,430
Ulric,115301,541
Ulric,174454,499
Ulric,114456,251
Ulric,104515,384
Ulric,116803,128
Ulric,144144,132
Ulric,178782,820
Ulric,142966,861
Ulric,168613,141
Ulric,114893,438
Ulric,136637,108
Ulric,183340,825
Ulric,154223,185
Ulric,110271,126
Ulric,157890,115
Ulric,134414,349
Ulric,159173,340
Ulric,190295,978
Ulric,160106,168
Ulric,173640,385
Ulric,186802,235
Ulric,127341,467
Ulric,181840,303
Ulric,167280,375
Ulric,180476,356
Ulric,134061,269
Ulric,134609,639
Ulric,170976,850
Ulric,128772,403
Ulric,118364,922
Ulric,195544,631
Ulric,100046,306
Ulric,125225,563
Ulric,148520,442
Ulric,168204,73
Ulric,130911,443
Ulric,149043,887
Ulric,172991,291
Ulric,114612,523
Ulric,103516,930
Ulric,150081,974
Ulric,183775,606
Ulric,126192,660
Ulric,104123,657
Ulric,156458,493
Ulric,182909,635
Ulric,145529,535
Ulric,178150,911
Ulric,173410,937
Ulric,139741,816
Ulric,102949,941
Ulric,194484,102
Ulric,102204,923
Ulric,160787,458
Ulric,191389,521
Ulric,147827,389
Ulric,171026,208
Ulric,150436,596
Ulric,187316,790
Ulric,107269,68
Ulric,180741,912
Ulric,140755,178
Ulric,172216,533
Ulric,167670,820
Ulric,197429,33
Ulric,198573,124
Ulric,104789,742
Ulric,160643,648
Ulric,151288,950
Ulric,104079,821
Ulric,169941,403
Ulric,107178,669
Ulric,104304,384
Ulric,123191,478
Ulric,170943,207
Ulric,137213,3
Ulric,179443,315
Ulric,132789,624
Ulric,163059,539
Ulric,115102,150
Ulric,123592,390
Ulric,124289,662
Ulric,113963,380
Ulric,165870,216
Ulric,163672,324
Ulric,170134,980
Ulric,155099,661
Ulric,156489,528
Ulric,198280,240
Ulric,148358,918
Ulric,190450,107
Ulric,102193,104
Ulric,185320,309
Ulric,179838,418
Ulric,150314,683
Ulric,188963,211
Ulric,101290,615
Ulric,191094,164
Ulric,150416,63
Ulric,138073,601
Ulric,134088,575
Ulric,105948,623
Ulric,159783,5
Ulric,119201,102
Ulric,188316,467
Ulric,134791,758
Ulric,195444,892
Ulric,192857,36
Ulric,100019,601
Ulric,172467,362
Ulric,182340,245
Ulric,190307,200
Ulric,134872,425
Ulric,192971,232
Ulric,116023,555
Ulric,126474,749
Ulric,147514,60
Ulric,129576,999
Ulric,121324,577
Ulric,179686,96
Ulric,148161,957
Ulric,116474,918
Ulric,170604,369
Ulric,170554,36
Ulric,122924,414
Ulric,129087,181
Ulric,148633,228
Ulric,100851,491
Ulric,156643,112
Ulric,162969,359
Ulric,156550,422
Ulric,190443,876
Ulric,100637,155
Ulric,101919,586
Ulric,101016,223
Ulric,171400,188
Ulric,192588,870
Ulric,118705,707
Ulric,159443,796
Ulric,131644,786
Ulric,178997,139
Ulric,170104,357
Ulric,116727,943
Ulric,120984,103
Ulric,190702,874
Ulric,199723,254
Ulric,170214,982
Ulric,198438,334
Ulric,195368,666
Ulric,152462,840
Ulric,190607,843
Ulric,163090,506
Ulric,133841,741
Ulric,194229,204
Ulric,173545,861
Ulric,124442,14
Ulric,126844,674
Ulric,129630,545
Ulric,188119,53
Ulric,133256,675
Ulric,173128,477
Ulric,169132,125
Ulric,194896,919
Ulric,198723,229
Ulric,189736,552
Ulric,132839,694
Ulric,108863,355
Ulric,115927,470
Ulric,100501,807
Ulric,147388,806
Ulric,122017,744
Ulric,110841,651
Ulric,153113,261
Ulric,162533,846
Ulric,199193,449
Ulric,113642,419
Ulric,179143,966
Ulric,159654,278
Ulric,172844,197
Ulric,129143,336
Ulric,195017,971
Ulric,152278,832
Ulric,170304,720
Ulric,102298,157
Ulric,133566,105
Ulric,143679,119
Ulric,180216,309
Ulric,192114,926
Ulric,163307,151
Ulric,157839,528
Ulric,100555,800
Ulric,167678,903
Ulric,187084,147
Ulric,136284,229
Ulric,177686,953
Ulric,126614,493
Ulric,105376,114
Ulric,188042,452
Ulric,136272,157
Ulric,131853,235
Ulric,107157,130
Ulric,191528,334
Ulric,107783,438
Ulric,189047,835
Ulric,198218,705
Ulric,156101,424
Ulric,193642,571
Ulric,125311,731
Ulric,196546,745
Ulric,103997,703
Ulric,183473,685
Ulric,131021,272
Ulric,195160,151
Ulric,191369,763
Ulric,111897,902
Ulric,147356,100
Ulric,131303,9
Ulric,115333,646
Ulric,184947,61
Ulric,165134,703
Ulric,167451,107
Ulric,173074,871
Ulric,182842,96
Ulric,141415,452
Ulric,117819,888
Ulric,146351,399
Ulric,186193,395
Ulric,123982,528
Ulric,133415,346
Ulric,104608,570
Ulric,144109,558
Ulric,151417,90
Ulric,132383,589
Ulric,154110,778
Ulric,117592,998
Ulric,163301,92
Ulric,128976,216
Ulric,158778,948
Ulric,153540,351
Ulric,188739,421
Ulric,153474,265
Ulric,106175,802
Ulric,128008,434
Ulric,185510,989
Ulric,183886,226
Ulric,130070,71
Ulric,187200,374
Ulric,139298,911
Ulric,179592,92
Ulric,123347,188
Ulric,144766,971
Ulric,178306,926
Ulric,136705,508
Ulric,190425,417
Ulric,155457,808
Ulric,126105,26
Ulric,145549,177
Ulric,168412,27
Ulric,154488,425
Ulric,175318,791
Ulric,100068,21
Ulric,120998,423
Ulric,155103,470
Ulric,184394,832
Ulric,165950,246
Ulric,195120,832
Ulric,127333,581
Ulric,119538,593
Ulric,161990,951
Ulric,130901,106
Ulric,187746,167
Ulric,157056,621
Ulric,185278,394
Ulric,178976,937
Ulric,166898,693
Ulric,126531,381
Ulric,173078,750
Ulric,142976,58
Ulric,155019,178
Ulric,180852,321
Ulric,148748,78
Ulric,133631,498
Ulric,178657,942
Ulric,152270,410
Ulric,157681,689
Ulric,196249,726
Ulric,166791,698
Ulric,147069,979
Ulric,114183,550
Ulric,105560,145
Ulric,194638,979
Ulric,116546,765
Ulric,136911,55
Ulric,103625,358
Ulric,172967,71
Ulric,136063,860
Ulric,129606,445
Ulric,118432,823
Ulric,174044,130
Ulric,147600,199
Ulric,131670,52
Ulric,125812,117
Ulric,158260,253
Ulric,143635,721
Ulric,183905,837
Ulric,133570,411
Ulric,133240,945
Ulric,149463,915
Ulric,152410,901
Ulric,136827,617
Ulric,140911,776
Ulric,114511,342
Ulric,125198,905
Ulric,174186,768
Ulric,113578,444
Ulric,164950,768
Ulric,131206,14
Ulric,158119,178
Ulric,169023,7
Ulric,112427,550
Ulric,151623,882
Ulric,145263,203
Ulric,192382,598
Ulric,102098,957
Ulric,114441,899
Ulric,117527,864
Ulric,136345,624
Ulric,157318,535
Ulric,162954,567
Ulric,106604,83
Ulric,198184,739
Ulric,140498,656
Ulric,123274,690
Ulric,165867,85
Ulric,161993,219
Ulric,135406,186
Ulric,138017,231
Ulric,182443,893
Ulric,192287,847
Ulric,157732,107
Ulric,196466,602
Ulric,159700,971
Ulric,159603,77
Ulric,179841,303
Ulric,159916,321
Ulric,111550,386
Ulric,164862,395
Ulric,185059,925
Ulric,157373,338
Ulric,196955,943
Ulric,172066,574
Ulric,159902,645
Ulric,193574,860
Ulric,121522,943
Ulric,167844,932
Ulric,135853,781
Ulric,173543,761
Ulric,183962,63
Ulric,127041,131
Ulric,170581,43
Ulric,184782,501
Ulric,124396,70
Ulric,131675,759
Ulric,176308,92
Ulric,142175,851
Ulric,117518,10
Ulric,154044,52
Ulric,123558,300
Ulric,144895,851
Ulric,188219,629
Ulric,103561,800
Ulric,178618,485
Ulric,125361,514
Ulric,173857,788
Ulric,128265,163
Ulric,102913,531
Ulric,179483,163
Ulric,153487,680
Ulric,122073,401
Ulric,103602,816
Ulric,106446,564
Ulric,185868,254
Ulric,105559,186
Ulric,101760,875
Ulric,105045,174
Ulric,114363,814
Ulric,173804,824
Ulric,129776,406
Ulric,119363,673
Ulric,140727,373
Ulric,156994,283
Ulric,134809,104
Ulric,131044,659
Ulric,198072,530
Ulric,149560,745
Ulric,132116,593
Ulric,162875,55
Ulric,135485,818
Ulric,110461,631
Ulric,155301,575
Ulric,123649,210
Ulric,194793,973
Ulric,183253,890
Ulric,150031,727
Ulric,157608,864
Ulric,156226,851
Ulric,109905,515
Ulric,144933,571
Ulric,106450,52
Ulric,133826,126
Ulric,144240,36
Ulric,162693,295
Ulric,163886,890
Ulric,160478,37
Ulric,115941,567
Ulric,163945,81
Ulric,120757,371
Ulric,179636,108
Ulric,126239,968
Ulric,133400,397
Ulric,163755,671
Ulric,125893,143
Ulric,185240,382
Ulric,145804,979
Ulric,197054,788
Ulric,174101,576
Ulric,188080,450
Ulric,165741,344
Ulric,197644,984
Ulric,124492,917
Ulric,116348,40
Ulric,126721,632
Ulric,139096,930
Ulric,124655,304
Ulric,164227,294
Ulric,181556,929
Ulric,178633,992
Ulric,122599,155
Ulric,158572,679
Ulric,159205,937
Ulric,148877,391
Ulric,142453,597
Ulric,183384,419
Ulric,168606,170
Ulric,104581,36
Ulric,101669,347
Ulric,182533,315
Ulric,158127,709
Ulric,117145,62
Ulric,173752,27
Ulric,127618,233
Ulric,145120,249
Ulric,115689,574
Ulric,140053,609
Ulric,125760,120
Ulric,145659,561
Ulric,157621,524
Ulric,186411,681
Ulric,151233,312
Ulric,126372,779
Ulric,127046,490
Ulric,192700,257
Ulric,163576,295
Ulric,111956,721
Ulric,180612,279
Ulric,173822,459
Ulric,123792,296
Ulric,142001,137
Ulric,189662,794
Ulric,125419,784
Ulric,117574,46
Ulric,143735,257
Ulric,106413,720
Ulric,161408,65
Ulric,158441,194
Ulric,118012,887
Ulric,181086,836
Ulric,171799,835
Ulric,163185,120
Ulric,191654,415
Ulric,182296,968
Ulric,189124,507
Ulric,113373,665
Ulric,185132,640
Ulric,179753,211
Ulric,194937,330
Ulric,185987,721
Ulric,192019,258
Ulric,197593,117
Ulric,171850,276
Ulric,165488,691
Ulric,182304,252
Ulric,183317,480
Ulric,115875,175
Ulric,186452,357
Ulric,162212,564
Ulric,120595,461
Ulric,155829,570
Ulric,107357,972
Ulric,162997,747
Ulric,122042,809
Ulric,189284,525
Ulric,167773,284
Ulric,134724,91
Ulric,107689,926
Ulric,109010,785
Ulric,164307,953
Ulric,119092,543
Ulric,116506,917
Ulric,138769,460
Ulric,187113,392
Ulric,136412,892
Ulric,179559,710
Ulric,131616,549
Ulric,145396,747
Ulric,151489,190
Ulric,190999,136
Ulric,142209,730
Ulric,164877,566
Ulric,152876,656
Ulric,158780,707
Ulric,109110,326
Ulric,151638,933
Ulric,142074,221
Ulric,130633,843
Ulric,112941,918
Ulric,129377,219
Ulric,170389,543
Ulric,168400,768
Ulric,132455,879
Ulric,101563,211
Ulric,103901,209
Ulric,191866,802
Ulric,150005,893
Ulric,103015,415
Ulric,190128,607
Ulric,108310,719
Ulric,168164,760
Ulric,179302,448
Ulric,181301,191
Ulric,149930,929
Ulric,159149,736
Ulric,160810,414
Ulric,170365,47
Ulric,182958,571
Ulric,168955,35
Ulric,120399,477
Ulric,152010,441
Ulric,193211,111
Ulric,124736,549
Ulric,158871,772
Ulric,119091,841
Ulric,135507,335
Ulric,108740,240
Ulric,127115,277
Ulric,115090,143
Ulric,135680,340
Ulric,156624,859
Ulric,119698,490
Ulric,171411,888
Ulric,184374,264
Ulric,197511,631
Ulric,101842,377
Ulric,157065,706
Ulric,163678,127
Ulric,144549,226
Ulric,180749,748
Ulric,115746,750
Ulric,183857,303
Ulric,122910,723
Ulric,194149,796
Ulric,157790,145
Ulric,165970,417
Ulric,197531,95
Ulric,168275,45
Ulric,113094,614
Ulric,127525,646
Ulric,114929,176
Ulric,120761,453
Ulric,164651,486
Ulric,148468,431
Ulric,144548,501
Ulric,183550,621
Ulric,156984,587
Ulric,187359,447
Ulric,158024,852
Ulric,164241,788
Ulric,152613,333
Ulric,196163,736
Ulric,189391,925
Ulric,171331,153
Ulric,194702,428
Ulric,101801,847
Ulric,165129,825
Ulric,165894,101
Ulric,144616,120
Ulric,127756,932
Ulric,140986,233
Ulric,127571,456
Ulric,194687,394
Ulric,120722,483
Ulric,199103,408
Ulric,115832,363
Ulric,147493,488
Ulric,111482,199
Ulric,195189,428
Ulric,105657,582
Ulric,156064,666
Ulric,104041,450
Ulric,112978,405
Ulric,111739,901
Ulric,181166,298
Ulric,102053,406
Ulric,109365,96
Ulric,191763,490
Ulric,127122,668
Ulric,187829,952
Ulric,157966,486
Ulric,199799,51
Ulric,167146,663
Ulric,149225,716
Ulric,141816,32
Ulric,170155,226
Ulric,149921,3
Ulric,143656,237
Ulric,121748,647
Ulric,158431,615
Ulric,142897,338
Ulric,193989,690
Ulric,161712,710
Ulric,156274,507
Ulric,169538,407
Ulric,100281,241
Ulric,127814,752
Ulric,113377,156
Ulric,110566,243
Ulric,148688,110
Ulric,129685,18
Ulric,116743,317
Ulric,117824,147
Ulric,129181,255
Ulric,120096,490
Ulric,163837,311
Ulric,131812,303
Ulric,122170,207
Ulric,132805,383
Ulric,142718,706
Ulric,140155,484
Ulric,104231,580
Ulric,187170,590
Ulric,160640,220
Ulric,158844,482
Ulric,177308,548
Ulric,131712,941
Ulric,109244,943
Ulric,194095,693
Ulric,162510,881
Ulric,180379,47
Ulric,172645,271
Ulric,131506,36
Ulric,190420,320
Ulric,121719,948
Ulric,123000,440
Ulric,138939,122
Ulric,163756,783
Ulric,173821,521
Ulric,178456,116
Ulric,143733,723
Ulric,165216,327
Ulric,175013,174
Ulric,196150,442
Ulric,144775,699
Ulric,151407,654
Ulric,147593,847
Ulric,158009,583
Ulric,120667,665
Ulric,145802,243
Ulric,162937,948
Ulric,195481,494
Ulric,151818,981
Ulric,177943,405
Ulric,199624,560
Ulric,192818,142
Ulric,113352,268
Ulric,154941,531
Ulric,149724,163
Ulric,106110,516
Ulric,120725,808
Ulric,177408,261
Ulric,193599,141
Ulric,167426,756
Ulric,159235,707
Ulric,105245,387
Ulric,140970,429
Ulric,170831,335
Ulric,174949,545
Ulric,123187,693
Ulric,106747,921
Ulric,168808,963
Ulric,134933,276
Ulric,136171,956
Ulric,135481,141
Ulric,146199,416
Ulric,148349,180
Ulric,164561,787
Ulric,120766,646
Ulric,153370,861
Ulric,148206,311
Ulric,169487,768
Ulric,140112,932
Ulric,111637,919
Ulric,165785,990
Ulric,110354,44
Ulric,108871,412
Ulric,135854,528
Ulric,134648,839
Ulric,135330,664
Ulric,196348,621
Ulric,115065,198
Ulric,137566,789
Ulric,172293,775
Ulric,105722,301
Ulric,148443,883
Ulric,119263,581
Ulric,191434,78
Ulric,108051,264
Ulric,172764,727
Ulric,179048,635
Ulric,173122,388
Ulric,187553,813
Ulric,134215,985
Ulric,127446,545
Ulric,155524,359
Ulric,126625,945
Ulric,110001,173
Ulric,137800,338
Ulric,193349,605
Ulric,105165,978
Ulric,191113,21
Ulric,118942,709
Ulric,175406,861
Ulric,126417,859
Ulric,121438,494
Ulric,132976,614
Ulric,174788,53
Ulric,181307,857
Ulric,114310,830
Ulric,108697,902
Ulric,186839,30
Ulric,164552,603
Ulric,114454,781
Ulric,192631,800
Ulric,107717,88
Ulric,189533,818
Ulric,171346,866
Ulric,192991,388
Ulric,188735,474
Ulric,137687,907
Ulric,163427,540
Ulric,158868,774
Ulric,150226,365
Ulric,187033,893
Ulric,104763,524
Ulric,131374,49
Ulric,128059,410
Ulric,197094,432
Ulric,104266,974
Ulric,137985,156
Ulric,194888,725
Ulric,181492,548
Ulric,111433,130
Ulric,120594,967
Ulric,189494,617
Ulric,159655,40
Ulric,120737,980
Ulric,111021,255
Ulric,187279,115
Ulric,149826,599
Ulric,127655,721
Ulric,186097,549
Ulric,158872,834
Ulric,194640,608
Ulric,131889,464
Ulric,132636,105
Ulric,183517,43
Ulric,186447,773
Ulric,112465,394
Ulric,182595,968
Ulric,110467,476
Ulric,186586,787
Ulric,155919,693
Ulric,111565,790
Ulric,132677,751
Ulric,148721,938
Ulric,121969,737
Ulric,199806,481
Ulric,136922,959
Ulric,173075,866
Ulric,106237,913
Ulric,158747,402
Ulric,134132,460
Ulric,180598,734
Ulric,167519,330
Ulric,194765,362
Ulric,193546,429
Ulric,177748,771
Ulric,130736,416
Ulric,189217,704
Ulric,165450,624
Ulric,140295,956
Ulric,187817,230
Ulric,116876,683
Ulric,121066,827
Ulric,141223,657
Ulric,129690,273
Ulric,174668,231
Ulric,115077,526
Ulric,101484,481
Ulric,164416,577
Ulric,126883,823
Ulric,155616,755
Ulric,190746,138
Ulric,139791,88
Ulric,118308,858
Ulric,168466,296
Ulric,175864,643
Ulric,141661,370
Ulric,142619,453
Ulric,170886,511
Ulric,153309,614
Ulric,141143,975
Ulric,107911,407
Ulric,123419,846
Ulric,125883,797
Ulric,162597,396
Ulric,185329,573
Ulric,117901,439
Ulric,109313,207
Ulric,130665,632
Ulric,180967,454
Ulric,119045,173
Ulric,157499,331
Ulric,180374,395
Ulric,131157,66
Ulric,113349,450
Ulric,166972,942
Ulric,131965,709
Ulric,169462,312
Ulric,150067,525
Ulric,128755,38
Ulric,174787,330
Ulric,151446,569
Ulric,169943,473
Ulric,140303,426
Ulric,115861,552
Ulric,173363,570
Ulric,130105,398
Ulric,176902,881
Ulric,139529,310
Ulric,105962,554
Ulric,123714,849
Ulric,163995,799
Ulric,135466,362
Ulric,148225,474
Ulric,137584,0
Ulric,104934,899
Ulric,155680,481
Ulric,187130,795
Ulric,177463,194
Ulric,148376,867
Ulric,147907,750
Ulric,190613,44
Ulric,153856,440
Ulric,163780,530
Zoe,138225,732
Zoe,174783,609
Zoe,142505,500
Zoe,102873,348
Zoe,140912,283
Zoe,191192,330
Zoe,195601,0
Zoe,109635,852
Zoe,122980,451
Zoe,107191,574
Zoe,134140,734
Zoe,114910,430
Zoe,168994,679
Zoe,178389,600
Zoe,162676,77
Zoe,181629,939
Zoe,128554,197
Zoe,174815,996
Zoe,144298,888
Zoe,167222,860
Zoe,194370,991
Zoe,178205,7
Zoe,179043,614
Zoe,137761,944
Zoe,103255,663
Zoe,158175,475
Zoe,193347,745
Zoe,183869,201
Zoe,114697,0
Zoe,163609,240
Zoe,179576,827
Zoe,135228,487
Zoe,195101,980
Zoe,187708,233
Zoe,145810,649
Zoe,149804,771
Zoe,150296,76
Zoe,122281,966
Zoe,107946,117
Zoe,139290,321
Zoe,141205,138
Zoe,141178,782
Zoe,134630,960
Zoe,196812,633
Zoe,189099,345
Zoe,161540,208
Zoe,159009,637
Zoe,109210,539
Zoe,199232,686
Zoe,157175,111
Zoe,183666,42
Zoe,175763,802
Zoe,191735,319
Zoe,185775,339
Zoe,103427,387
Zoe,171954,522
Zoe,159386,671
Zoe,110698,543
Zoe,136300,300
Zoe,162426,526
Zoe,149126,737
Zoe,160022,369
Zoe,115890,761
Zoe,182761,878
Zoe,160948,707
Zoe,126616,149
Zoe,177509,53
Zoe,133981,22
Zoe,157018,498
Zoe,195031,377
Zoe,139357,998
Zoe,155427,189
Zoe,140437,82
Zoe,165747,668
Zoe,169623,247
Zoe,144528,705
Zoe,131503,603
Zoe,170731,383
Zoe,116277,994
Zoe,148282,819
Zoe,109804,838
Zoe,158413,614
Zoe,191331,451
Zoe,181830,281
Zoe,132448,968
Zoe,177924,800
Zoe,171538,179
Zoe,183632,475
Zoe,146069,757
Zoe,106062,271
Zoe,116756,966
Zoe,193786,619
Zoe,199101,216
Zoe,150956,676
Zoe,169589,66
Zoe,122948,728
Zoe,159033,264
Zoe,175186,24
Zoe,138705,13
Zoe,123059,755
Zoe,109369,707
Zoe,128235,952
Zoe,167516,442
Zoe,180199,941
Zoe,169150,76
Zoe,133236,154
Zoe,189688,202
Zoe,191812,585
Zoe,179857,337
Zoe,126969,28
Zoe,149330,260
Zoe,149734,319
Zoe,148796,681
Zoe,114393,491
Zoe,178581,124
Zoe,105249,276
Zoe,171371,912
Zoe,116415,93
Zoe,168626,206
Zoe,143741,850
Zoe,115505,111
Zoe,178590,417
Zoe,139926,765
Zoe,150815,245
Zoe,188616,636
Zoe,114085,841
Zoe,186528,689
Zoe,105194,720
Zoe,175528,571
Zoe,198053,470
Zoe,188078,892
Zoe,158025,378
Zoe,146658,615
Zoe,198543,541
Zoe,103025,223
Zoe,142563,523
Zoe,105268,562
Zoe,128671,2
Zoe,109363,493
Zoe,126825,144
Zoe,199774,872
Zoe,136996,56
Zoe,159496,710
Zoe,171149,144
Zoe,113439,252
Zoe,124681,801
Zoe,126629,223
Zoe,113516,213
Zoe,101507,613
Zoe,158086,857
Zoe,103761,465
Zoe,158326,368
Zoe,168109,55
Zoe,164410,909
Zoe,134984,973
Zoe,153956,456
Zoe,183660,736
Zoe,169634,20
Zoe,100243,316
Zoe,193049,710
Zoe,116432,933
Zoe,145602,943
Zoe,118811,145
Zoe,187208,109
Zoe,171335,476
Zoe,129449,348
Zoe,133343,612
Zoe,151107,133
Zoe,146854,83
Zoe,149638,702
Zoe,180698,755
Zoe,137304,968
Zoe,120177,343
Zoe,196921,216
Zoe,117320,572
Zoe,174011,827
Zoe,197660,768
Zoe,170484,459
Zoe,174710,281
Zoe,143831,556
Zoe,125555,36
Zoe,155674,188
Zoe,162583,863
Zoe,129539,197
Zoe,109521,816
Zoe,128788,272
Zoe,125415,5
Zoe,194657,51
Zoe,168438,812
Zoe,125749,804
Zoe,137546,613
Zoe,130782,673
Zoe,175162,467
Zoe,176330,714
Zoe,196179,11
Zoe,121703,175
Zoe,148330,648
Zoe,113072,233
Zoe,161367,107
Zoe,120912,408
Zoe,173181,207
Zoe,191076,240
Zoe,159953,576
Zoe,199186,652
Zoe,134297,490
Zoe,141246,509
Zoe,143935,274
Zoe,172300,204
Zoe,189856,911
Zoe,132672,474
Zoe,144467,226
Zoe,158719,154
Zoe,118017,924
Zoe,116437,918
Zoe,120052,551
Zoe,173328,832
Zoe,103562,938
Zoe,198434,122
Zoe,172878,193
Zoe,114796,349
Zoe,190626,500
Zoe,194117,281
Zoe,140152,496
Zoe,188539,390
Zoe,152544,134
Zoe,165798,367
Zoe,127587,187
Zoe,177058,599
Zoe,133468,794
Zoe,118997,46
Zoe,121110,276
Zoe,149849,709
Zoe,100321,102
Zoe,179122,77
Zoe,149481,793
Zoe,118976,667
Zoe,130963,438
Zoe,140664,728
Zoe,129924,310
Zoe,135451,732
Zoe,159253,477
Zoe,102313,900
Zoe,100252,553
Zoe,195905,769
Zoe,176695,62
Zoe,174915,852
Zoe,111902,606
Zoe,177901,790
Zoe,166796,926
Zoe,101892,673
Zoe,130421,645
Zoe,171643,98
Zoe,185786,830
Zoe,199544,253
Zoe,111048,244
Zoe,147166,58
Zoe,149794,475
Zoe,199222,806
Zoe,129535,40
Zoe,180078,529
Zoe,101646,998
Zoe,155265,203
Zoe,150302,874
Zoe,146683,413
Zoe,111228,561
Zoe,156445,778
Zoe,151046,432
Zoe,116635,493
Zoe,181125,566
Zoe,119949,42
Zoe,142084,355
Zoe,198474,521
Zoe,166588,375
Zoe,107291,959
Zoe,191386,332
Zoe,120740,812
Zoe,141420,454
Zoe,146314,979
Zoe,180238,194
Zoe,149580,788
Zoe,196414,947
Zoe,156866,516
Zoe,172737,403
Zoe,111493,55
Zoe,137766,577
Zoe,174686,149
Zoe,144348,464
Zoe,116530,551
Zoe,156052,360
Zoe,102772,493
Zoe,123144,340
Zoe,116974,380
Zoe,161462,227
Zoe,199319,55
Zoe,123425,438
Zoe,103982,541
Zoe,143214,437
Zoe,101267,299
Zoe,174318,845
Zoe,169048,912
Zoe,113445,457
Zoe,137679,372
Zoe,177863,930
Zoe,143908,187
Zoe,113366,280
Zoe,192461,896
Zoe,174032,993
Zoe,112694,913
Zoe,100924,783
Zoe,119729,321
Zoe,186142,136
Zoe,115745,486
Zoe,105473,562
Zoe,172906,645
Zoe,100150,245
Zoe,103351,361
Zoe,135781,247
Zoe,150265,335
Zoe,114052,111
Zoe,119579,45
Zoe,186329,933
Zoe,105588,776
Zoe,140070,170
Zoe,177361,894
Zoe,131165,666
Zoe,144614,436
Zoe,140419,609
Zoe,146660,220
Zoe,160270,488
Zoe,168753,976
Zoe,186469,522
Zoe,165816,139
Zoe,193157,263
Zoe,123727,873
Zoe,111365,162
Zoe,127051,518
Zoe,128953,307
Zoe,131976,672
Zoe,180991,258
Zoe,114242,776
Zoe,171974,781
Zoe,166590,581
Zoe,130851,639
Zoe,189671,886
Zoe,156380,962
Zoe,114753,811
Zoe,192774,914
Zoe,164609,901
Zoe,111618,626
Zoe,186995,324
Zoe,121616,24
Zoe,131600,653
Zoe,191855,448
Zoe,108727,583
Zoe,171922,329
Zoe,141219,170
Zoe,164763,43
Zoe,154222,302
Zoe,146875,941
Zoe,144155,24
Zoe,116752,872
Zoe,112187,368
Zoe,178308,638
Zoe,146707,693
Zoe,192545,734
Zoe,190605,645
Zoe,174435,645
Zoe,122004,198
Zoe,118142,897
Zoe,107303,801
Zoe,190162,509
Zoe,137248,849
Zoe,165825,233
Zoe,168245,726
Zoe,144284,230
Zoe,119509,955
Zoe,178121,40
Zoe,146460,586
Zoe,114627,909
Zoe,111722,697
Zoe,149610,567
Zoe,126929,33
Zoe,161955,730
Zoe,192708,403
Zoe,183262,674
Zoe,140843,257
Zoe,184204,128
Zoe,136118,404
Zoe,153210,690
Zoe,123413,820
Zoe,147083,421
Zoe,116256,637
Zoe,115375,931
Zoe,137088,963
Zoe,188213,352
Zoe,161500,513
Zoe,117587,418
Zoe,115697,715
Zoe,199261,518
Zoe,175658,919
Zoe,153528,316
Zoe,149089,609
Zoe,153464,26
Zoe,194892,383
Zoe,140652,972
Zoe,143546,12
Zoe,147207,32
Zoe,114120,438
Zoe,164102,313
Zoe,188039,618
Zoe,191630,686
Zoe,116551,833
Zoe,165998,738
Zoe,174348,926
Zoe,153862,431
Zoe,167650,246
Zoe,119189,994
Zoe,157669,446
Zoe,148528,251
Zoe,162492,784
Zoe,145159,914
Zoe,173368,234
Zoe,184070,157
Zoe,146444,358
Zoe,172995,957
Zoe,167679,939
Zoe,157502,955
Zoe,175532,624
Zoe,123057,605
Zoe,108439,471
Zoe,164346,316
Zoe,110036,262
Zoe,119134,239
Zoe,116968,516
Zoe,103543,305
Zoe,198415,960
Zoe,136200,334
Zoe,112262,132
Zoe,143306,901
Zoe,195575,982
Zoe,102490,751
Zoe,190567,900
Zoe,157963,150
Zoe,108182,80
Zoe,188272,262
Zoe,103934,673
Zoe,193987,96
Zoe,112765,623
Zoe,147322,979
Zoe,179654,322
Zoe,141528,211
Zoe,190955,683
Zoe,129234,715
Zoe,103488,511
Zoe,132994,216
Zoe,148450,767
Zoe,117310,776
Zoe,167687,585
Zoe,189977,482
Zoe,147047,389
Zoe,184935,497
Zoe,138808,238
Zoe,171252,183
Zoe,174903,273
Zoe,143653,722
Zoe,107187,247
Zoe,187861,368
Zoe,132066,168
Zoe,160483,331
Zoe,113148,700
Zoe,118301,868
Zoe,135654,555
Zoe,135843,808
Zoe,101652,417
Zoe,120391,404
Zoe,187948,322
Zoe,141975,934
Zoe,127430,60
Zoe,137287,363
Zoe,168446,473
Zoe,131272,385
Zoe,171776,459
Zoe,120861,61
Zoe,151249,491
Zoe,127495,517
Zoe,119457,966
Zoe,192796,153
Zoe,195008,579
Zoe,145098,58
Zoe,130183,677
Zoe,168865,280
Zoe,138563,302
Zoe,108183,35
Zoe,152555,344
Zoe,152507,935
Zoe,137943,784
Zoe,125315,713
Zoe,142252,985
Zoe,184186,718
Zoe,197636,443
Zoe,183993,680
Zoe,148534,874
Zoe,186239,265
Zoe,128277,154
Zoe,131504,577
Zoe,108191,231
Zoe,119227,764
Zoe,118661,807
Zoe,154057,59
Zoe,191989,307
Zoe,131865,567
Zoe,188872,962
Zoe,107003,332
Zoe,142342,335
Zoe,167994,704
Zoe,149760,30
Zoe,140688,404
Zoe,100894,197
Zoe,100324,661
Zoe,197218,603
Zoe,103354,23
Zoe,191817,688
Zoe,108132,636
Zoe,132163,405
Zoe,135733,811
Zoe,137119,275
Zoe,143274,383
Zoe,142349,807
Zoe,169248,557
Zoe,176311,625
Zoe,152532,843
Zoe,197693,353
Zoe,145703,91
Zoe,130093,884
Zoe,196165,84
Zoe,169119,276
Zoe,157315,84
Zoe,105835,313
Zoe,199926,513
Zoe,184536,962
Zoe,121994,280
Zoe,199520,32
Zoe,117417,707
Zoe,105798,7
Zoe,162227,268
Zoe,170219,124
Zoe,152545,901
Zoe,179937,828
Zoe,105054,723
Zoe,195378,863
Zoe,158043,956
Zoe,125796,267
Zoe,100736,819
Zoe,167983,120
Zoe,120990,761
Zoe,180484,692
Zoe,190218,160
Zoe,168090,85
Zoe,106768,510
Zoe,173088,752
Zoe,188158,122
Zoe,150404,697
Zoe,173541,891
Zoe,184500,828
Zoe,175265,481
Zoe,198285,872
Zoe,177884,505
Zoe,124833,33
Zoe,154174,239
Zoe,151036,262
Zoe,177557,134
Zoe,138688,339
Zoe,174533,902
Zoe,116291,266
Zoe,195742,259
Zoe,112008,479
Zoe,118951,369
Zoe,149746,727
Zoe,157696,944
Zoe,163533,161
Zoe,198997,420
Zoe,106532,431
Zoe,149350,197
Zoe,123855,765
Zoe,159002,538
Zoe,107710,151
Zoe,159486,925
Zoe,116582,861
Zoe,168665,234
Zoe,167603,649
Zoe,132060,170
Zoe,147516,789
Zoe,182213,753
Zoe,111876,368
Zoe,117387,379
Zoe,125904,180
Zoe,167934,978
Zoe,117091,311
Zoe,100740,856
Zoe,114631,530
Zoe,195492,792
Zoe,122167,532
Zoe,113365,311
Zoe,129795,858
Zoe,182276,12
Zoe,180814,139
Zoe,179953,562
Zoe,193612,261
Zoe,106764,508
Zoe,192746,633
Zoe,139342,54
Zoe,146255,132
Zoe,150547,198
Zoe,148461,233
Zoe,195943,864
Zoe,188128,299
Zoe,136579,32
Zoe,144926,731
Zoe,182872,839
Zoe,109968,313
Zoe,105771,283
Zoe,175767,269
Zoe,129983,503
Zoe,130705,636
Zoe,107394,455
Zoe,189175,588
Zoe,193935,718
Zoe,195678,206
Zoe,199529,51
Zoe,149041,769
Zoe,180181,62
Zoe,197624,364
Zoe,112630,117
Zoe,165380,306
Zoe,165442,694
Zoe,136578,862
Zoe,135965,106
Zoe,161717,918
Zoe,186818,747
Zoe,180358,166
Zoe,190667,636
Zoe,168757,155
Zoe,147176,531
Zoe,182864,772
Zoe,147067,450
Zoe,121862,428
Zoe,143112,222
Zoe,145065,119
Zoe,101486,909
Zoe,165557,841
Zoe,122714,616
Zoe,168809,180
Zoe,163018,539
Zoe,155415,485
Zoe,156615,159
Zoe,144368,964
Zoe,116311,764
Zoe,115486,253
Zoe,153808,85
Zoe,136398,794
Zoe,119037,439
Zoe,187485,328
Zoe,193754,431
Zoe,170539,626
Zoe,101450,263
Zoe,111712,962
Zoe,154657,820
Zoe,192312,618
Zoe,139668,160
Zoe,175946,737
Zoe,124727,177
Zoe,174931,199
Zoe,158807,124
Zoe,172310,586
Zoe,135602,564
Zoe,163396,836
Zoe,124561,509
Zoe,166769,36
Zoe,192753,198
Zoe,196158,2
Zoe,134126,93
Zoe,145176,383
Zoe,158345,796
Zoe,144441,825
Zoe,194546,622
Zoe,109292,724
Zoe,169072,842
Zoe,172370,882
Zoe,105469,616
Zoe,198179,552
Zoe,103394,116
Zoe,129666,250
Zoe,186970,892
Zoe,103341,702
Zoe,155397,502
Zoe,153745,712
Zoe,189970,900
Zoe,147208,462
Zoe,133770,366
Zoe,102479,727
Zoe,167521,183
Zoe,113659,991
Zoe,197288,784
Zoe,118089,452
Zoe,199775,18
Zoe,175632,617
Zoe,124473,807
Zoe,113878,168
Zoe,155585,316
Zoe,106609,760
Zoe,120584,734
Zoe,147712,284
Zoe,158463,110
Zoe,199767,374
Zoe,133723,85
Zoe,177297,701
Zoe,198472,641
Zoe,161229,250
Zoe,167891,490
Zoe,178422,914
Zoe,174075,380
Zoe,159067,293
Zoe,128748,455
Zoe,167529,207
Zoe,177482,178
Zoe,127328,111
Zoe,182654,767
Zoe,132961,528
Zoe,115883,825
Zoe,132385,970
Zoe,186801,873
Zoe,173988,259
Zoe,182415,702
Zoe,172037,657
Zoe,138700,911
Zoe,114527,454
Zoe,154307,595
Zoe,111191,42
Zoe,109402,472
Zoe,157800,250
Zoe,198039,75
Zoe,190333,840
Zoe,164911,574
Zoe,103985,169
Zoe,167551,407
Zoe,167579,776
Zoe,158209,759
Zoe,130489,632
Zoe,107742,62
Zoe,142382,137
Zoe,127076,236
Zoe,129906,162
Zoe,148390,67
Zoe,150656,188
Zoe,163296,630
Zoe,199379,169
Zoe,124031,504
Zoe,127453,423
Zoe,171753,985
Zoe,114316,475
Zoe,145750,889
Zoe,133829,352
Zoe,139040,364
Zoe,115720,533
Zoe,138954,100
Zoe,171487,567
Zoe,114540,648
Zoe,192884,152
Zoe,193467,856
Zoe,199662,328
Zoe,101217,188
Zoe,174735,502
Zoe,126295,986
Zoe,121156,407
Zoe,103700,645
Zoe,127985,219
Zoe,133868,694
Zoe,199293,9
Zoe,143574,738
Zoe,122363,786
Zoe,197078,442
Zoe,196494,806
Zoe,128164,244
Zoe,166841,215
Zoe,131253,859
Zoe,110337,735
Zoe,191186,453
Zoe,144669,606
Zoe,187277,399
Zoe,193145,805
Zoe,178359,439
Zoe,158707,535
Zoe,128729,528
Zoe,156073,330
Zoe,185527,816
Zoe,166662,337
Zoe,161474,656
Zoe,129124,404
Zoe,120321,289
Zoe,178111,171
Zoe,170835,530
Zoe,161095,884
Zoe,197029,547
Zoe,136556,22
Zoe,103921,685
Zoe,190495,61
Zoe,124791,164
Zoe,147557,769
Zoe,142431,417
Zoe,111828,424
Zoe,163423,325
Zoe,151647,777
Zoe,169631,419
Zoe,118359,179
Zoe,114590,84
Zoe,110708,120
Zoe,105990,409
Zoe,187836,75
Zoe,119777,39
Zoe,162292,461
Zoe,199782,417
Zoe,196660,717
Zoe,138155,21
Zoe,141928,543
Zoe,191415,822
Zoe,157828,419
Zoe,147273,386
Zoe,191033,827
Zoe,120060,592
Zoe,159014,536
Zoe,106827,739
Zoe,114267,624
Zoe,130659,568
Zoe,108404,945
Zoe,101732,565
Zoe,114401,793
Zoe,190084,125
Zoe,142753,171
Zoe,191116,364
Zoe,126918,132
Zoe,146826,103
Zoe,172048,463
Zoe,113076,421
Zoe,111868,488
Zoe,199165,714
Zoe,130950,564
Zoe,123266,701
Zoe,116921,162
Zoe,182058,883
Zoe,141428,753
Zoe,121048,956
Zoe,195816,575
Zoe,151977,394
Zoe,110130,226
Zoe,177454,961
Zoe,191810,935
Zoe,182167,193
Zoe,176210,811
Zoe,144076,527
Zoe,162977,561
Zoe,126335,882
Zoe,135389,780
Zoe,133270,404
Zoe,105988,955
Zoe,160929,603
Zoe,176543,306
Zoe,169636,836
Zoe,169268,431
Zoe,131840,886
Zoe,124438,904
Zoe,190984,334
Zoe,161406,983
Zoe,153406,843
Zoe,151072,596
Zoe,193025,354
Zoe,132012,858
Zoe,100539,705
Zoe,146457,615
Zoe,193937,838
Zoe,190535,83
Zoe,168064,986
Zoe,198402,426
Zoe,110859,57
Zoe,154083,176
Zoe,111840,226
Zoe,198011,952
Zoe,158981,517
Zoe,153072,942
Zoe,123270,565
Zoe,138548,368
Zoe,195657,102
Zoe,181902,502
Zoe,164881,262
Zoe,123236,936
Zoe,102403,392
Zoe,109490,7
Zoe,165038,771
Zoe,136888,433
Zoe,106944,371
Zoe,101552,484
Zoe,103154,965
Zoe,195673,213
Zoe,152678,467
Zoe,100093,386
Zoe,109869,576
Zoe,112082,931
Zoe,128678,182
Zoe,122534,344
Zoe,192084,899
Zoe,114789,733
Zoe,132061,769
Zoe,109621,276
Zoe,149571,792
Zoe,113910,270
Zoe,166365,925
Zoe,112091,536
Zoe,193960,888
Zoe,135588,536
Zoe,129431,679
Zoe,157154,232
Zoe,148222,918
Zoe,164876,589
Zoe,194918,125
Zoe,171830,727
Zoe,196623,671
Zoe,110776,230
Zoe,127742,673
Zoe,116337,385
Zoe,119788,487
Zoe,176636,698
Zoe,164495,204
Zoe,182602,85
Zoe,128490,490
Zoe,144153,396
Zoe,166839,18
Zoe,117130,603
Zoe,187703,203
Zoe,123968,782
Zoe,167718,600
Zoe,178033,231
Zoe,147921,933
Zoe,153269,926
Zoe,192770,465
Zoe,150602,784
Zoe,136951,548
Zoe,186955,596
Zoe,192016,36
Zoe,108679,321
Zoe,107331,965
Zoe,158500,270
Zoe,116258,606
Zoe,185089,339
Zoe,150837,481
Zoe,192039,543
Zoe,176840,171
Zoe,158770,361
Zoe,197309,71
Zoe,178604,229
Zoe,155215,61
Zoe,137115,397
Zoe,150644,914
Zoe,135674,390
Zoe,149554,895
Zoe,161569,897
Zoe,186504,211
Zoe,180044,590
Zoe,129499,233
Zoe,197924,743
Zoe,189036,703
Zoe,196068,861
Zoe,152331,671
Zoe,133837,36
Zoe,141708,553
Zia,176656,741
Zia,157467,472
Zia,153208,532
Zia,113234,342
Zia,149572,60
Zia,177096,225
Zia,177474,110
Zia,164516,407
Zia,151162,742
Zia,163967,678
Zia,183265,820
Zia,135102,641
Zia,177647,414
Zia,140099,265
Zia,197179,542
Zia,102939,847
Zia,120751,474
Zia,113916,598
Zia,186022,602
Zia,179121,822
Zia,170499,253
Zia,116784,137
Zia,178348,780
Zia,190008,640
Zia,134065,309
Zia,146241,345
Zia,129083,466
Zia,175388,505
Zia,105019,745
Zia,150928,6
Zia,170878,141
Zia,160137,703
Zia,109301,628
Zia,102576,755
Zia,138406,726
Zia,117716,277
Zia,133581,679
Zia,199545,696
Zia,103771,816
Zia,180853,319
Zia,174692,669
Zia,163270,834
Zia,123598,390
Zia,151536,590
Zia,193618,393
Zia,175735,775
Zia,120877,749
Zia,132388,274
Zia,127715,120
Zia,118987,37
Zia,183580,993
Zia,139499,726
Zia,129367,813
Zia,197610,400
Zia,179995,632
Zia,102619,957
Zia,122060,438
Zia,154196,163
Zia,124661,412
Zia,104427,885
Zia,178834,87
Zia,187852,938
Zia,189673,208
Zia,109059,862
Zia,126487,870
Zia,196596,23
Zia,115554,880
Zia,155022,989
Zia,145942,157
Zia,139547,651
Zia,121684,578
Zia,126851,78
Zia,144116,677
Zia,131714,925
Zia,171576,907
Zia,138714,20
Zia,163315,759
Zia,122258,367
Zia,191242,251
Zia,177064,133
Zia,184272,211
Zia,101983,966
Zia,145128,692
Zia,192407,564
Zia,185243,109
Zia,185170,104
Zia,128724,129
Zia,129555,680
Zia,115684,737
Zia,151098,169
Zia,197026,458
Zia,134447,439
Zia,126971,497
Zia,127314,546
Zia,133351,776
Zia,175573,185
Zia,124594,993
Zia,154624,536
Zia,184629,889
Zia,172291,513
Zia,183544,413
Zia,161599,709
Zia,190112,279
Zia,164364,462
Zia,124306,859
Zia,180355,92
Zia,147152,552
Zia,191854,776
Zia,169283,568
Zia,189241,932
Zia,124281,519
Zia,101432,148
Zia,197368,600
Zia,197894,503
Zia,138299,428
Zia,142610,859
Zia,199564,274
Zia,112284,951
Zia,103578,286
Zia,138985,692
Zia,166219,929
Zia,102884,570
Zia,188919,987
Zia,179021,427
Zia,155728,743
Zia,138295,766
Zia,194786,727
Zia,187386,14
Zia,186953,317
Zia,150237,772
Zia,168807,837
Zia,199885,550
Zia,178592,256
Zia,107190,58
Zia,169915,484
Zia,196535,552
Zia,118153,719
Zia,182527,289
Zia,146040,726
Zia,124637,90
Zia,138108,607
Zia,102121,588
Zia,139108,312
Zia,199428,910
Zia,121723,414
Zia,124019,415
Zia,186824,539
Zia,105119,671
Zia,153181,957
Zia,179069,764
Zia,123508,969
Zia,181796,473
Zia,143095,451
Zia,194825,277
Zia,175329,681
Zia,110616,323
Zia,190184,290
Zia,119144,507
Zia,146787,318
Zia,196485,735
Zia,108960,738
Zia,155136,493
Zia,150473,96
Zia,135964,242
Zia,151385,546
Zia,119649,205
Zia,108745,998
Zia,196515,468
Zia,128648,429
Zia,187952,273
Zia,186317,328
Zia,167997,542
Zia,159063,273
Zia,138234,846
Zia,154399,747
Zia,178784,310
Zia,104249,135
Zia,148492,593
Zia,176694,965
Zia,118326,907
Zia,115623,143
Zia,129318,547
Zia,189044,680
Zia,110578,749
Zia,174197,383
Zia,109673,656
Zia,142046,903
Zia,174877,131
Zia,140209,182
Zia,167778,461
Zia,161381,745
Zia,126599,955
Zia,122925,317
Zia,117363,773
Zia,110260,973
Zia,122009,826
Zia,186690,221
Zia,105078,172
Zia,176668,683
Zia,122111,973
Zia,157243,697
Zia,129748,828
Zia,120324,187
Zia,128163,699
Zia,118329,727
Zia,147427,426
Zia,180377,59
Zia,170995,110
Zia,140775,183
Zia,151532,729
Zia,147435,664
Zia,166758,924
Zia,139946,352
Zia,136348,884
Zia,112892,382
Zia,152173,171
Zia,177479,336
Zia,187390,663
Zia,151037,138
Zia,175515,865
Zia,146672,350
Zia,171832,764
Zia,128150,303
Zia,143082,115
Zia,130859,613
Zia,113987,471
Zia,166969,149
Zia,182954,196
Zia,176306,139
Zia,170840,952
Zia,124244,124
Zia,108431,488
Zia,161545,625
Zia,118883,833
Zia,195786,226
Zia,129139,292
Zia,172445,367
Zia,149320,661
Zia,108638,90
Zia,128824,27
Zia,154014,535
Zia,174161,589
Zia,191246,971
Zia,129506,477
Zia,181613,96
Zia,182621,71
Zia,157805,194
Zia,147006,639
Zia,132737,424
Zia,130854,194
Zia,100158,393
Zia,159410,361
Zia,126592,334
Zia,106610,707
Zia,156616,947
Zia,148135,630
Zia,106171,252
Zia,121799,13
Zia,187374,432
Zia,181240,64
Zia,132933,782
Zia,175619,86
Zia,105931,73
Zia,164412,737
Zia,138078,67
Zia,133907,452
Zia,147035,159
Zia,172229,571
Zia,173493,1
Zia,133689,771
Zia,159553,642
Zia,162186,788
Zia,179702,565
Zia,194796,197
Zia,185264,767
Zia,173512,693
Zia,132181,934
Zia,154897,803
Zia,114835,427
Zia,117208,960
Zia,126968,184
Zia,196148,686
Zia,109820,61
Zia,152648,456
Zia,182691,654
Zia,149406,777
Zia,198288,875
Zia,162927,220
Zia,177431,193
Zia,164833,154
Zia,117138,745
Zia,118338,811
Zia,157717,212
Zia,183199,965
Zia,111816,650
Zia,158842,210
Zia,174183,347
Zia,126341,290
Zia,153159,147
Zia,186649,14
Zia,129514,994
Zia,169406,238
Zia,199631,207
Zia,128456,587
Zia,126499,572
Zia,126378,931
Zia,143600,197
Zia,132745,243
Zia,153579,19
Zia,174642,898
Zia,158858,601
Zia,103447,576
Zia,168360,726
Zia,133605,161
Zia,102464,903
Zia,148773,962
Zia,144546,88
Zia,113864,150
Zia,121623,235
Zia,165855,475
Zia,194122,251
Zia,109648,644
Zia,199117,198
Zia,175400,872
Zia,106769,375
Zia,127406,884
Zia,198841,978
Zia,169562,328
Zia,163326,997
Zia,182132,544
Zia,127378,913
Zia,192334,185
Zia,158876,606
Zia,116069,609
Zia,115565,307
Zia,142923,40
Zia,168996,983
Zia,164737,351
Zia,164663,100
Zia,135388,616
Zia,169884,757
Zia,174404,64
Zia,130027,854
Zia,179038,48
Zia,112894,803
Zia,126207,144
Zia,163594,498
Zia,138454,936
Zia,187154,575
Zia,159287,148
Zia,128770,358
Zia,121610,646
Zia,166318,986
Zia,137832,520
Zia,183420,457
Zia,122894,310
Zia,136008,110
Zia,164194,235
Zia,145728,508
Zia,134623,383
Zia,128066,401
Zia,193790,169
Zia,192501,708
Zia,164007,962
Zia,124946,465
Zia,146211,297
Zia,168140,475
Zia,113749,444
Zia,182285,416
Zia,103680,948
Zia,178819,635
Zia,104078,815
Zia,186890,706
Zia,179024,69
Zia,158956,873
Zia,173066,61
Zia,128359,502
Zia,180212,926
Zia,153515,103
Zia,144148,211
Zia,124723,798
Zia,143617,747
Zia,151274,293
Zia,113846,513
Zia,113684,6
Zia,141613,628
Zia,161097,136
Zia,129411,681
Zia,133954,57
Zia,109583,153
Zia,198251,235
Zia,102554,614
Zia,126045,141
Zia,129452,824
Zia,162313,531
Zia,110252,413
Zia,182217,953
Zia,169529,812
Zia,104247,1
Zia,175372,460
Zia,138518,470
Zia,131292,58
Zia,184469,424
Zia,115407,871
Zia,120838,130
Zia,194565,300
Zia,185286,150
Zia,176409,47
Zia,136420,824
Zia,124825,520
Zia,122456,34
Zia,131687,732
Zia,109936,562
Zia,125710,791
Zia,195776,654
Zia,160218,837
Zia,193092,855
Zia,103829,425
Zia,186289,597
Zia,168451,881
Zia,118284,921
Zia,127827,434
Zia,110056,36
Zia,106567,505
Zia,150855,142
Zia,114076,188
Zia,139956,228
Zia,154953,432
Zia,174970,732
Zia,112077,942
Zia,122634,782
Zia,139707,678
Zia,132746,787
Zia,161965,793
Zia,168280,775
Zia,180454,9
Zia,181067,431
Zia,175768,838
Zia,165403,204
Zia,163968,851
Zia,179050,925
Zia,124212,456
Zia,120793,817
Zia,146481,192
Zia,104421,147
Zia,134117,73
Zia,137245,391
Zia,188896,317
Zia,187069,440
Zia,184581,643
Zia,149097,402
Zia,147963,694
Zia,123892,197
Zia,152955,627
Zia,179914,264
Zia,155568,807
Zia,115961,120
Zia,131252,970
Zia,122094,678
Zia,163588,489
Zia,196682,105
Zia,128212,163
Zia,151698,413
Zia,196385,599
Zia,108913,82
Zia,150668,442
Zia,127294,362
Zia,145470,71
Zia,150184,512
Zia,142398,170
Zia,140180,113
Zia,185667,734
Zia,109101,369
Zia,195793,351
Zia,111512,555
Zia,179008,439
Zia,165592,608
Zia,173226,173
Zia,193710,634
Zia,114665,468
Zia,144430,16
Zia,171237,171
Zia,158072,62
Zia,154891,296
Zia,145806,122
Zia,178317,337
Zia,186611,200
Zia,124198,495
Zia,163313,720
Zia,135894,907
Zia,186462,911
Zia,152673,487
Zia,118465,109
Zia,115916,462
Zia,120382,453
Zia,135544,332
Zia,175647,195
Zia,148648,291
Zia,141319,1
Zia,187177,597
Zia,161786,732
Zia,161145,318
Zia,105851,680
Zia,112549,848
Zia,137652,616
Zia,164980,277
Zia,189544,862
Zia,149488,407
Zia,149018,252
Zia,171591,618
Zia,150110,738
Zia,159704,480
Zia,196807,636
Zia,154074,336
Zia,152393,713
Zia,160452,309
Zia,171960,822
Zia,179184,937
Zia,108772,741
Zia,142469,632
Zia,135006,854
Zia,149765,445
Zia,159557,193
Zia,164149,764
Zia,120552,326
Zia,146349,376
Zia,194382,375
Zia,193463,23
Zia,115517,534
Zia,103311,41
Zia,154112,937
Zia,149767,1
Zia,129746,839
Zia,104439,81
Zia,196107,553
Zia,153577,947
Zia,188263,772
Zia,106650,546
Zia,152390,870
Zia,193872,87
Zia,180547,854
Zia,100127,721
Zia,124939,860
Zia,168468,867
Zia,161207,38
Zia,129901,107
Zia,160185,822
Zia,151556,524
Zia,189456,928
Zia,169261,838
Zia,175396,212
Zia,122310,258
Zia,188707,316
Zia,194612,116
Zia,114834,179
Zia,175505,355
Zia,107535,924
Zia,102991,82
Zia,145957,819
Zia,102220,257
Zia,190730,560
Zia,149409,218
Zia,122818,654
Zia,185934,184
Zia,120519,935
Zia,180203,740
Zia,105658,838
Zia,112145,457
Zia,115897,580
Zia,189713,310
Zia,103369,909
Zia,169353,158
Zia,147135,729
Zia,112121,526
Zia,116061,596
Zia,175624,807
Zia,113103,523
Zia,169918,45
Zia,189028,580
Zia,120288,574
Zia,138757,700
Zia,101903,577
Zia,177341,43
Zia,127538,12
Zia,159680,434
Zia,136177,963
Zia,189784,381
Zia,171608,690
Zia,139680,684
Zia,114088,546
Zia,148035,346
Zia,197101,689
Zia,155539,802
Zia,163851,453
Zia,181353,108
Zia,171862,75
Zia,138245,613
Zia,134568,731
Zia,172698,306
Zia,156695,68
Zia,115216,360
Zia,171995,501
Zia,141472,713
Zia,165509,910
Zia,128500,606
Zia,125876,865
Zia,149876,897
Zia,187502,198
Zia,120825,750
Zia,181596,551
Zia,188651,753
Zia,107287,819
Zia,167278,418
Zia,173041,215
Zia,183816,56
Zia,152554,374
Zia,154751,263
Zia,140488,746
Zia,173407,203
Zia,181060,577
Zia,121017,235
Zia,114017,712
Zia,185440,519
Zia,103475,583
Zia,128079,194
Zia,186123,920
Zia,106199,884
Zia,129583,927
Zia,123290,316
Zia,196941,757
Zia,145626,361
Zia,183030,197
Zia,167058,68
Zia,153187,928
Zia,154842,922
Zia,141069,546
Zia,148252,357
Zia,122729,957
Zia,151912,806
Zia,100808,468
Zia,172930,716
Zia,178781,723
Zia,120499,802
Zia,198561,476
Zia,167920,891
Zia,184837,573
Zia,129970,235
Zia,166340,490
Zia,138120,787
Zia,112138,819
Zia,189445,36
Zia,188738,339
Zia,160906,689
Zia,189306,819
Zia,116574,772
Zia,184854,923
Zia,144812,570
Zia,159064,407
Zia,102127,31
Zia,142901,825
Zia,101218,309
Zia,157441,736
Zia,111849,881
Zia,168197,613
Zia,134773,746
Zia,136202,341
Zia,193769,310
Zia,130584,464
Zia,181252,819
Zia,161585,117
Zia,170622,852
Zia,121418,644
Zia,166222,528
Zia,188273,128
Zia,106297,276
Zia,177877,50
Zia,175656,166
Zia,136932,546
Zia,151065,558
Zia,109272,669
Zia,117031,154
Zia,104640,268
Zia,104754,360
Zia,180026,944
Zia,108280,875
Zia,195770,127
Zia,103941,231
Zia,139244,498
Zia,173590,744
Zia,185309,519
Zia,160241,254
Zia,165897,173
Zia,100693,554
Zia,140527,522
Zia,148858,193
Zia,195762,166
Zia,113323,879
Zia,106616,906
Zia,131087,135
Zia,107604,738
Zia,174694,423
Zia,113085,312
Zia,102515,295
Zia,138350,779
Zia,135314,916
Zia,196003,0
Zia,112770,134
Zia,115997,649
Zia,184891,47
Zia,135707,728
Zia,127007,75
Zia,141390,343
Zia,197396,365
Zia,121741,894
Zia,134641,752
Zia,172255,901
Zia,171066,566
Zia,112389,514
Zia,158335,897
Zia,123900,414
Zia,140284,91
Zia,194941,653
Zia,138692,421
Zia,105173,978
Zia,159749,447
Zia,169266,600
Zia,156353,632
Zia,155893,902
Zia,173447,115
Zia,118567,909
Zia,196509,617
Zia,182246,240
Zia,102662,307
Zia,148355,143
Zia,115414,876
Zia,142378,452
Zia,146041,748
Zia,165118,246
Zia,140663,753
Zia,167216,82
Zia,169605,134
Zia,139073,365
Zia,113226,340
Zia,185817,417
Zia,142855,41
Zia,159121,162
Zia,162382,635
Zia,131643,418
Zia,109432,658
Zia,184643,543
Zia,108955,910
Zia,108584,275
Zia,163225,939
Zia,116100,325
Zia,139391,724
Zia,151121,707
Zia,156947,114
Zia,129116,4
Zia,120226,214
Zia,102927,736
Zia,102907,895
Zia,126740,444
Zia,137303,82
Zia,171418,131
Zia,163853,886
Zia,180686,609
Zia,100160,491
Zia,133722,303
Zia,131722,968
Zia,182715,636
Zia,197001,486
Zia,146495,573
Zia,173459,781
Zia,185303,19
Zia,148756,831
Zia,196363,748
Zia,121385,275
Zia,173774,4
Zia,143147,276
Zia,121961,955
Zia,111787,578
Zia,160652,739
Zia,108164,884
Zia,165191,825
Zia,113964,857
Zia,177768,705
Zia,184232,100
Zia,107101,334
Zia,121957,768
Zia,163214,607
Zia,141194,142
Zia,119284,119
Zia,191481,393
Zia,149168,276
Zia,153964,557
Zia,193701,117
Zia,147203,4
Zia,158059,688
Zia,123151,834
Zia,145028,768
Zia,152627,549
Zia,136350,303
Zia,197540,849
Zia,151966,579
Zia,145031,786
Zia,165105,140
Zia,183730,641
Zia,104222,167
Zia,176997,443
Zia,161294,548
Zia,198813,403
Zia,164429,91
Zia,102784,405
Zia,120312,365
Zia,161934,303
Zia,140176,980
Zia,169822,315
Zia,192833,90
Zia,138706,642
Zia,170167,251
Zia,182897,337
Zia,110093,265
Zia,110592,870
Zia,179469,830
Zia,102482,860
Zia,178745,522
Zia,169626,131
Zia,142037,271
Zia,110716,308
Zia,130406,283
Zia,138841,817
Zia,176756,372
Zia,175789,949
Zia,115069,838
Zia,153618,522
Zia,189273,705
Zia,132463,575
Zia,192053,627
Zia,171674,202
Zia,148049,754
Zia,106700,860
Zia,191472,1
Zia,190685,15
Zia,160797,873
Zia,181412,258
Zia,157078,610
Zia,158396,361
Zia,109903,636
Zia,167724,831
Zia,109477,958
Zia,126928,716
Zia,190687,555
Zia,151787,733
Zia,121740,46
Zia,101628,608
Zia,142979,131
Zia,194734,881
Zia,179588,53
Zia,153879,149
Zia,124701,637
Zia,173285,800
Zia,108019,802
Zia,182606,825
Zia,151936,664
Zia,131036,298
Zia,138713,161
Zia,164504,916
Zia,136635,331
Zia,167698,879
Zia,156307,883
Zia,103385,455
Zia,111188,822
Zia,126734,437
Zia,159869,814
Zia,174225,974
Zia,138459,116
Zia,124925,81
Zia,146987,11
Zia,117136,934
Zia,135557,659
Zia,131045,443
Zia,141667,209
Zia,119717,359
Zia,173406,554
Zia,165203,477
Zia,178671,510
Zia,191846,602
Zia,192687,530
Zia,194692,22
Zia,160358,113
Zia,181860,241
Zia,165905,857
Zia,144972,813
Zia,123451,861
Zia,117778,528
Zia,127723,835
Zia,192333,436
Zia,170807,230
Zia,169828,950
Zia,152372,640
Zia,121251,709
Zia,176007,758
Zia,193243,704
Zia,181391,709
Zia,129427,488
Zia,113193,439
Zia,148605,568
Zia,119651,626
Zia,126097,419
Zia,124345,180
Zia,117163,179
Zia,121773,397
Zia,184098,333
Zia,157779,655
Zia,129032,732
Zia,198006,60
Zia,184404,431
Zia,146756,531
Zia,139216,337
Zia,132951,901
Zia,150911,756
Zia,103272,84
Zia,153250,102
Zia,167689,909
Zia,148266,783
Zia,103087,679
Zia,104927,501
Zia,190792,83
Zia,117773,621
Zia,141397,496
Zia,189740,492
Zia,184520,489
Zia,132644,180
Zia,165868,143
Zia,167655,93
Zia,184460,108
Zia,163097,245
Zia,188192,5
Zia,115826,632
Zia,104183,373
Zia,149064,569
Zia,119541,67
Zia,142221,859
Zia,196239,854
Zia,150070,609
Zia,192998,682
Zia,171140,103
Zia,110319,574
Zia,112900,358
Zia,178952,851
Zia,124347,395
Zia,102792,833
Zia,144214,695
Zia,118429,936
Zia,181578,712
Zia,198180,284
Zia,196725,522
Zia,158162,125
Zia,199543,121
Zia,148381,851
Zia,161455,669
Zia,117842,87
Zia,191634,998
Zia,180042,258
Zia,153871,878
Zia,111052,323
Zia,195518,257
Zia,115661,390
Zia,117761,192
Zia,110395,37
Zia,148614,905
Zia,163212,748
Zia,184073,28
Zia,156029,1000
Zia,104292,867
Zia,114529,609
Zia,101947,968
Zia,114199,17
Zia,150316,909
Zia,108327,874
Zia,135179,563
Zia,132848,210
Zia,133442,572
Zia,185115,124
Zia,118147,525
Zia,138710,953
Zia,184822,914
Zia,113231,201
Zia,101049,419
Zia,125987,743
Zia,164459,907
Zia,104532,769
Zia,151599,550
Zia,141684,489
Zia,189476,323
Zia,147198,899
Zia,176900,304
Zia,177440,287
Zia,154452,350
Zia,198098,691
Zia,101883,952
Zia,189408,875
Zia,116345,258
Zia,111638,694
Zia,146205,199
Zia,118584,274
Zia,171585,143
Zia,185474,27
Zia,169701,458
Zia,114499,996
Zia,163170,18
Zia,112718,802
Zia,174683,758
Zia,145706,40
Zia,156692,21
Zia,127004,201
Zia,147463,168
Zia,138682,774
Zia,147331,301
Zia,108443,842
Zia,118090,618
Zia,128201,877
Zia,187810,388
Zia,190325,631
Zia,151490,984
Zia,163994,428
Zia,120631,811
Zia,125503,695
Yardley,161760,193
Yardley,189543,392
Yardley,195810,937
Yardley,185795,710
Yardley,197408,636
Yardley,132602,10
Yardley,188205,445
Yardley,103738,447
Yardley,138341,740
Yardley,149666,120
Yardley,164455,985
Yardley,130389,177
Yardley,161257,520
Yardley,174728,428
Yardley,191067,902
Yardley,172219,524
Yardley,153973,568
Yardley,176233,609
Yardley,123402,79
Yardley,167654,328
Yardley,190110,518
Yardley,191986,226
Yardley,199281,982
Yardley,141155,774
Yardley,199042,255
Yardley,114308,797
Yardley,148448,283
Yardley,182321,222
Yardley,123168,241
Yardley,137799,463
Yardley,173341,393
Yardley,189168,377
Yardley,119367,300
Yardley,183417,120
Yardley,120506,416
Yardley,133559,226
Yardley,108487,654
Yardley,131884,363
Yardley,116027,80
Yardley,119315,421
Yardley,135905,994
Yardley,121329,373
Yardley,171100,88
Yardley,193909,39
Yardley,191359,46
Yardley,100472,947
Yardley,114928,147
Yardley,101159,978
Yardley,194740,342
Yardley,179502,241
Yardley,183430,742
Yardley,117783,720
Yardley,120768,733
Yardley,174143,66
Yardley,149302,15
Yardley,188089,988
Yardley,154387,220
Yardley,111627,445
Yardley,172597,309
Yardley,114946,527
Yardley,195116,502
Yardley,144570,202
Yardley,198186,354
Yardley,152724,294
Yardley,178665,780
Yardley,142224,171
Yardley,107079,31
Yardley,194979,53
Yardley,118988,641
Yardley,135928,980
Yardley,154508,516
Yardley,103705,368
Yardley,156020,157
Yardley,138741,21
Yardley,126191,752
Yardley,169910,830
Yardley,145643,37
Yardley,145860,910
Yardley,179339,814
Yardley,101195,869
Yardley,168359,414
Yardley,116545,426
Yardley,179510,521
Yardley,180746,790
Yardley,166514,545
Yardley,183410,811
Yardley,101332,38
Yardley,150220,726
Yardley,192335,948
Yardley,187414,80
Yardley,113931,922
Yardley,160080,892
Yardley,196795,475
Yardley,193611,562
Yardley,143554,609
Yardley,167542,658
Yardley,150506,301
Yardley,177422,967
Yardley,119714,685
Yardley,113123,182
Yardley,124200,432
Yardley,142159,463
Yardley,162781,451
Yardley,114630,133
Yardley,176386,478
Yardley,177179,246
Yardley,181383,848
Yardley,187515,438
Yardley,136824,662
Yardley,101734,928
Yardley,121915,30
Yardley,166240,774
Yardley,186366,693
Yardley,168366,697
Yardley,188816,486
Yardley,159251,709
Yardley,123465,860
Yardley,139696,710
Yardley,138650,236
Yardley,167438,278
Yardley,191652,154
Yardley,185710,293
Yardley,135460,932
Yardley,115075,89
Yardley,136533,648
Yardley,144241,268
Yardley,105186,795
Yardley,181622,771
Yardley,198497,242
Yardley,147544,837
Yardley,182833,85
Yardley,174185,290
Yardley,106399,745
Yardley,142334,227
Yardley,188662,22
Yardley,113300,618
Yardley,163919,167
Yardley,123844,289
Yardley,150000,340
Yardley,171586,341
Yardley,182611,783
Yardley,113172,58
Yardley,122630,147
Yardley,133072,961
Yardley,166657,766
Yardley,151910,276
Yardley,137935,914
Yardley,128192,798
Yardley,181133,230
Yardley,123753,138
Yardley,150058,314
Yardley,101226,181
Yardley,142178,781
Yardley,113570,189
Yardley,125144,802
Yardley,158647,35
Yardley,152134,1000
Yardley,143709,441
Yardley,172142,549
Yardley,105710,652
Yardley,182782,434
Yardley,177048,876
Yardley,155743,556
Yardley,187438,23
Yardley,182642,318
Yardley,117393,437
Yardley,122346,215
Yardley,163383,998
Yardley,110570,873
Yardley,179514,303
Yardley,176905,153
Yardley,159231,745
Yardley,147721,230
Yardley,164723,257
Yardley,194959,591
Yardley,135008,795
Yardley,112898,568
Yardley,122716,239
Yardley,110941,636
Yardley,175222,493
Yardley,104470,482
Yardley,140183,339
Yardley,120949,739
Yardley,197834,133
Yardley,182270,27
Yardley,137153,596
Yardley,198124,198
Yardley,139219,369
Yardley,140162,540
Yardley,187301,641
Yardley,158843,180
Yardley,102771,47
Yardley,108688,1
Yardley,107312,544
Yardley,198250,811
Yardley,140704,514
Yardley,170427,49
Yardley,184497,721
Yardley,186185,767
Yardley,114536,700
Yardley,102837,547
Yardley,150410,697
Yardley,197776,998
Yardley,142098,875
Yardley,110985,219
Yardley,187529,765
Yardley,173350,642
Yardley,156341,871
Yardley,149327,519
Yardley,126014,81
Yardley,128822,300
Yardley,106849,532
Yardley,177271,575
Yardley,173440,328
Yardley,122785,285
Yardley,184906,816
Yardley,197391,260
Yardley,177997,367
Yardley,174177,965
Yardley,192729,415
Yardley,193959,580
Yardley,109606,626
Yardley,191003,304
Yardley,120817,176
Yardley,135794,637
Yardley,190386,212
Yardley,153086,686
Yardley,108199,797
Yardley,144917,26
Yardley,192878,890
Yardley,195287,183
Yardley,133124,218
Yardley,178510,324
Yardley,113219,865
Yardley,118879,281
Yardley,167415,532
Yardley,145889,264
Yardley,115770,455
Yardley,167141,28
Yardley,177852,453
Yardley,107651,298
Yardley,173805,345
Yardley,175551,632
Yardley,172926,999
Yardley,109051,524
Yardley,181302,658
Yardley,180114,834
Yardley,154843,995
Yardley,186264,717
Yardley,162300,59
Yardley,139191,976
Yardley,144654,1
Yardley,102559,801
Yardley,187351,784
Yardley,155842,127
Yardley,186208,795
Yardley,191715,37
Yardley,169669,80
Yardley,164210,573
Yardley,123084,577
Yardley,156552,627
Yardley,180197,647
Yardley,161196,486
Yardley,180061,36
Yardley,148774,312
Yardley,124920,443
Yardley,195186,886
Yardley,161226,246
Yardley,187707,122
Yardley,149104,867
Yardley,158087,473
Yardley,153277,28
Yardley,184150,161
Yardley,150185,757
Yardley,100300,266
Yardley,187383,702
Yardley,123617,808
Yardley,167179,106
Yardley,105524,107
Yardley,138810,99
Yardley,109720,959
Yardley,133249,510
Yardley,176867,631
Yardley,116173,31
Yardley,188991,552
Yardley,130827,809
Yardley,160671,939
Yardley,110127,41
Yardley,116080,308
Yardley,154778,616
Yardley,128148,367
Yardley,185041,377
Yardley,183996,319
Yardley,198790,658
Yardley,181293,602
Yardley,185067,671
Yardley,165070,267
Yardley,183427,809
Yardley,189460,732
Yardley,124677,475
Yardley,126936,21
Yardley,105802,379
Yardley,162878,675
Yardley,125467,882
Yardley,146659,847
Yardley,102439,479
Yardley,103096,122
Yardley,136626,8
Yardley,115864,797
Yardley,151311,222
Yardley,175634,868
Yardley,192872,80
Yardley,198083,659
Yardley,198168,348
Yardley,163006,138
Yardley,119323,184
Yardley,189813,194
Yardley,145030,4
Yardley,133059,812
Yardley,107583,949
Yardley,172450,392
Yardley,163249,993
Yardley,140311,125
Yardley,163505,941
Yardley,175882,909
Yardley,178145,284
Yardley,176933,979
Yardley,128610,458
Yardley,177152,140
Yardley,139051,320
Yardley,132691,771
Yardley,124542,943
Yardley,110870,735
Yardley,158962,600
Yardley,162546,142
Yardley,180321,114
Yardley,147034,929
Yardley,139962,419
Yardley,192488,88
Yardley,100900,928
Yardley,131028,38
Yardley,101091,122
Yardley,133521,92
Yardley,151993,91
Yardley,112760,568
Yardley,164368,913
Yardley,146914,839
Yardley,178384,172
Yardley,119191,708
Yardley,199541,324
Yardley,136505,746
Yardley,193146,679
Yardley,107705,673
Yardley,155108,610
Yardley,123027,436
Yardley,193404,20
Yardley,144941,236
Yardley,180870,681
Yardley,188149,367
Yardley,193705,854
Yardley,122001,214
Yardley,191617,390
Yardley,135469,954
Yardley,144918,604
Yardley,179194,790
Yardley,132118,250
Yardley,142696,662
Yardley,106732,528
Yardley,137751,45
Yardley,139294,406
Yardley,100744,681
Yardley,167890,256
Yardley,112534,303
Yardley,170151,36
Yardley,145828,37
Yardley,176391,785
Yardley,104699,399
Yardley,168908,743
Yardley,169751,210
Yardley,118276,627
Yardley,118732,804
Yardley,140656,99
Yardley,150670,674
Yardley,131635,40
Yardley,116693,294
Yardley,114061,312
Yardley,133737,725
Yardley,110293,787
Yardley,155737,364
Yardley,180308,742
Yardley,105423,427
Yardley,131250,565
Yardley,165823,622
Yardley,174571,63
Yardley,131860,667
Yardley,135238,965
Yardley,196766,803
Yardley,164434,68
Yardley,182123,894
Yardley,167831,358
Yardley,170642,724
Yardley,147673,652
Yardley,196401,151
Yardley,142558,406
Yardley,164075,931
Yardley,135538,505
Yardley,199177,476
Yardley,177004,103
Yardley,122423,577
Yardley,178621,460
Yardley,187512,824
Yardley,102802,630
Yardley,101074,676
Yardley,104885,621
Yardley,104487,294
Yardley,111733,883
Yardley,120968,539
Yardley,131978,798
Yardley,115516,736
Yardley,106993,264
Yardley,180826,647
Yardley,135542,644
Yardley,152175,408
Yardley,159294,389
Yardley,181321,748
Yardley,163754,538
Yardley,121572,341
Yardley,124092,258
Yardley,113879,522
Yardley,179710,390
Yardley,123136,876
Yardley,119001,321
Yardley,151969,128
Yardley,189753,107
Yardley,195480,800
Yardley,104069,141
Yardley,176930,588
Yardley,137901,970
Yardley,105829,840
Yardley,125938,224
Yardley,188452,425
Yardley,192763,952
Yardley,154676,861
Yardley,184758,329
Yardley,191244,488
Yardley,120290,102
Yardley,160609,841
Yardley,111086,135
Yardley,190487,382
Yardley,176735,332
Yardley,136649,990
Yardley,188555,988
Yardley,160704,213
Yardley,100718,650
Yardley,105793,761
Yardley,186326,890
Yardley,131314,949
Yardley,119845,188
Yardley,136209,54
Yardley,120202,539
Yardley,175211,790
Yardley,119271,599
Yardley,165779,321
Yardley,147376,795
Yardley,173877,432
Yardley,108249,845
Yardley,175105,977
Yardley,114196,516
Yardley,183657,555
Yardley,131587,292
Yardley,166764,607
Yardley,166919,900
Yardley,126996,44
Yardley,167648,270
Yardley,157918,194
Yardley,125695,593
Yardley,181766,847
Yardley,182241,664
Yardley,177605,713
Yardley,162894,844
Yardley,131112,521
Yardley,162050,394
Yardley,158050,941
Yardley,162314,687
Yardley,104396,464
Yardley,168960,487
Yardley,158538,212
Yardley,150086,102
Yardley,158459,795
Yardley,118813,235
Yardley,168179,869
Yardley,100020,885
Yardley,193504,878
Yardley,146346,983
Yardley,164543,106
Yardley,156568,34
Yardley,147930,424
Yardley,113263,277
Yardley,127003,242
Yardley,196947,280
Yardley,175499,752
Yardley,106207,45
Yardley,191550,1
Yardley,110765,364
Yardley,194540,165
Yardley,179084,611
Yardley,121854,528
Yardley,102809,259
Yardley,139531,848
Yardley,100850,413
Yardley,163920,282
Yardley,135712,899
Yardley,117875,554
Yardley,116174,38
Yardley,104628,608
Yardley,115386,81
Yardley,169494,263
Yardley,155751,589
Yardley,194964,678
Yardley,192949,276
Yardley,167613,745
Yardley,169533,156
Yardley,187422,45
Yardley,137798,544
Yardley,148967,485
Yardley,176388,668
Yardley,128104,403
Yardley,165474,995
Yardley,148684,577
Yardley,114592,329
Yardley,186234,706
Yardley,134626,945
Yardley,150740,189
Yardley,146401,252
Yardley,157475,391
Yardley,185700,121
Yardley,195439,439
Yardley,120223,820
Yardley,144872,233
Yardley,173726,556
Yardley,151734,916
Yardley,122700,169
Yardley,176680,135
Yardley,106555,828
Yardley,137309,786
Yardley,128744,300
Yardley,183759,504
Yardley,117211,802
Yardley,171043,179
Yardley,103678,516
Yardley,122229,496
Yardley,161513,112
Yardley,186593,643
Yardley,199751,346
Yardley,176290,510
Yardley,162451,320
Yardley,179537,702
Yardley,123947,560
Yardley,142051,505
Yardley,141558,367
Yardley,189066,472
Yardley,174491,214
Yardley,163256,486
Yardley,114744,768
Yardley,155178,658
Yardley,155493,103
Yardley,101126,179
Yardley,187397,744
Yardley,170318,126
Yardley,189623,500
Yardley,176408,524
Yardley,173705,439
Yardley,122495,639
Yardley,121493,641
Yardley,193528,226
Yardley,157247,451
Yardley,167953,854
Yardley,186771,279
Yardley,169557,210
Yardley,180267,219
Yardley,144324,174
Yardley,128699,823
Yardley,148651,335
Yardley,136314,558
Yardley,139030,880
Yardley,118254,697
Yardley,184768,584
Yardley,158684,696
Yardley,185685,573
Yardley,157780,115
Yardley,130092,834
Yardley,153610,512
Yardley,190914,495
Yardley,181356,738
Yardley,196895,724
Yardley,187555,306
Yardley,157480,107
Yardley,156093,677
Yardley,134294,604
Yardley,175104,339
Yardley,128408,860
Yardley,165142,490
Yardley,125868,461
Yardley,199419,20
Yardley,107068,479
Yardley,132699,136
Yardley,152675,985
Yardley,169275,324
Yardley,103554,689
Yardley,103585,949
Yardley,163377,189
Yardley,134482,565
Yardley,108560,208
Yardley,188612,826
Yardley,104252,785
Yardley,162482,641
Yardley,173937,876
Yardley,175628,940
Yardley,109784,287
Yardley,191870,987
Yardley,121615,74
Yardley,135014,938
Yardley,195242,64
Yardley,172649,766
Yardley,169376,794
Yardley,118738,328
Yardley,143596,542
Yardley,103314,215
Yardley,177767,528
Yardley,162632,751
Yardley,119591,90
Yardley,142641,20
Yardley,122093,569
Yardley,194656,448
Yardley,109459,966
Yardley,181926,295
Yardley,146606,931
Yardley,182233,502
Yardley,150826,302
Yardley,127730,883
Yardley,123641,335
Yardley,134595,428
Yardley,118311,962
Yardley,103083,403
Yardley,167046,444
Yardley,114400,91
Yardley,197759,623
Yardley,187670,445
Yardley,141889,274
Yardley,105330,921
Yardley,159589,746
Yardley,143094,492
Yardley,122000,748
Yardley,171951,33
Yardley,103772,2
Yardley,131688,743
Yardley,152756,861
Yardley,140644,838
Yardley,110544,3
Yardley,164536,385
Yardley,138019,106
Yardley,133457,960
Yardley,164655,153
Yardley,102640,364
Yardley,130940,628
Yardley,195974,827
Yardley,186446,420
Yardley,135992,976
Yardley,114422,784
Yardley,174929,159
Yardley,177885,332
Yardley,185961,231
Yardley,128852,98
Yardley,120895,626
Yardley,148267,438
Yardley,146469,722
Yardley,126187,213
Yardley,111151,983
Yardley,123710,297
Yardley,190463,217
Yardley,153360,281
Yardley,130292,8
Yardley,121715,314
Yardley,186552,899
Yardley,103388,473
Yardley,159646,371
Yardley,156373,778
Yardley,157284,312
Yardley,111955,311
Yardley,110884,249
Yardley,147775,998
Yardley,149974,38
Yardley,104216,196
Yardley,183984,624
Yardley,130553,817
Yardley,136992,508
Yardley,147263,510
Yardley,173098,409
Yardley,157343,597
Yardley,194716,6
Yardley,159753,918
Yardley,188786,374
Yardley,186407,358
Yardley,149690,712
Yardley,137318,810
Yardley,198318,747
Yardley,100521,460
Yardley,102779,445
Yardley,197955,965
Yardley,121448,583
Yardley,118029,163
Yardley,163122,509
Yardley,163405,601
Yardley,146527,896
Yardley,119655,236
Yardley,191722,112
Yardley,122086,596
Yardley,145690,969
Yardley,154760,971
Yardley,119735,818
Yardley,119454,128
Yardley,163657,854
Yardley,170256,511
Yardley,186108,15
Yardley,148658,167
Yardley,176718,178
Yardley,128135,912
Yardley,107396,140
Yardley,162975,694
Yardley,141709,931
Yardley,147466,845
Yardley,107086,143
Yardley,172185,335
Yardley,199610,459
Yardley,174800,976
Yardley,158323,80
Yardley,162090,108
Yardley,134452,879
Yardley,188719,17
Yardley,155372,972
Yardley,123014,217
Yardley,103267,510
Yardley,133681,619
Yardley,179670,441
Yardley,189528,842
Yardley,173321,832
Yardley,118214,531
Yardley,113534,478
Yardley,115472,615
Yardley,178927,67
Yardley,145443,523
Yardley,126594,898
Yardley,180636,941
Yardley,132962,62
Yardley,131534,995
Yardley,180200,849
Yardley,143458,352
Yardley,195598,822
Yardley,194242,18
Yardley,146370,314
Yardley,194160,662
Yardley,120698,689
Yardley,171292,937
Yardley,184509,226
Yardley,175948,92
Yardley,162542,497
Yardley,151753,573
Yardley,105781,454
Yardley,171518,209
Yardley,195608,719
Yardley,146402,324
Yardley,155077,185
Yardley,163082,357
Yardley,153747,593
Yardley,143358,519
Yardley,146096,192
Yardley,159722,379
Yardley,163946,239
Yardley,137562,58
Yardley,101418,577
Yardley,184392,274
Yardley,151569,340
Yardley,179132,983
Yardley,178744,873
Yardley,120875,586
Yardley,111091,489
Yardley,164830,287
Yardley,106985,248
Yardley,183483,984
Yardley,110864,934
Yardley,154250,947
Yardley,178647,840
Yardley,149448,771
Yardley,138125,440
Yardley,181655,463
Yardley,101977,870
Yardley,153398,982
Yardley,191680,365
Yardley,149752,468
Yardley,195862,330
Yardley,136147,642
Yardley,193531,918
Yardley,154019,767
Yardley,164521,998
Yardley,139038,987
Yardley,185372,378
Yardley,143480,501
Yardley,104020,417
Yardley,134921,492
Yardley,149334,104
Yardley,152273,509
Yardley,141435,531
Yardley,150271,234
Yardley,102429,447
Yardley,180443,758
Yardley,114227,391
Yardley,105533,958
Yardley,102700,628
Yardley,136466,298
Yardley,181863,932
Yardley,147147,117
Yardley,124562,649
Yardley,110658,386
Yardley,108212,249
Yardley,146947,757
Yardley,148488,826
Yardley,121046,389
Yardley,191843,288
Yardley,111599,778
Yardley,121804,399
Yardley,172025,347
Yardley,186733,395
Yardley,138243,598
Yardley,197287,301
Yardley,161790,685
Yardley,110892,784
Yardley,191510,529
Yardley,181282,819
Yardley,139805,559
Yardley,199807,296
Yardley,168558,17
Yardley,182451,968
Yardley,155629,878
Yardley,117017,951
Yardley,114762,442
Yardley,127000,668
Yardley,121352,205
Yardley,119713,928
Yardley,105932,878
Yardley,132318,122
Yardley,177288,628
Yardley,197412,289
Yardley,109076,950
Yardley,132969,703
Yardley,163667,928
Yardley,170010,960
Yardley,135681,159
Yardley,158654,628
Yardley,189404,374
Yardley,139148,896
Yardley,101951,615
Yardley,179329,466
Yardley,147436,717
Yardley,196008,692
Yardley,145430,541
Yardley,149274,32
Yardley,119903,123
Yardley,188625,176
Yardley,139114,449
Yardley,185107,461
Yardley,146926,487
Yardley,186192,342
Yardley,144929,223
Yardley,188708,809
Yardley,111879,371
Yardley,174314,31
Yardley,130793,416
Yardley,164251,885
Yardley,121139,471
Yardley,134173,394
Yardley,142987,952
Yardley,157405,647
Yardley,167719,790
Yardley,156553,191
Yardley,111682,193
Yardley,132944,219
Yardley,185325,91
Yardley,160324,35
Yardley,118973,40
Yardley,142819,96
Yardley,102931,336
Yardley,117106,44
Yardley,110015,186
Yardley,118857,476
Yardley,137522,109
Yardley,190339,109
Yardley,188999,578
Yardley,168228,263
Yardley,140306,673
Yardley,196186,909
Yardley,130873,242
Yardley,128572,845
Yardley,149268,181
Yardley,118463,249
Yardley,188998,334
Yardley,138829,223
Yardley,127145,370
Yardley,199026,933
Yardley,110178,528
Yardley,172274,129
Yardley,108007,211
Yardley,176246,438
Yardley,112426,24
Yardley,170524,128
Yardley,123840,352
Yardley,127227,532
Yardley,139877,833
Yardley,167720,36
Yardley,129455,961
Yardley,104060,359
Yardley,124889,833
Yardley,191119,835
Yardley,150632,383
Yardley,168329,373
Yardley,185539,246
Yardley,158164,598
Yardley,155306,427
Yardley,164616,911
Yardley,103834,729
Yardley,136440,127
Yardley,160272,830
Yardley,124120,42
Yardley,162611,349
Yardley,155158,203
Yardley,167685,529
Yardley,101846,134
Yardley,159028,30
Yardley,109624,24
Yardley,164579,616
Yardley,139513,411
Yardley,135072,966
Yardley,106591,951
Yardley,147110,758
Yardley,183433,184
Yardley,158856,771
Yardley,158466,827
Yardley,131877,147
Yardley,145740,249
Yardley,131343,889
Yardley,119217,868
Yardley,183055,859
Yardley,128666,214
Yardley,157477,51
Yardley,179174,932
Yardley,126056,580
Yardley,159984,567
Yardley,172487,664
Yardley,173071,54
Yardley,167288,339
Yardley,159466,418
Yardley,131735,516
Yardley,186864,426
Yardley,156076,660
Yardley,164700,198
Yardley,114608,688
Yardley,167475,305
Yardley,138056,765
Yardley,106097,352
Yardley,132917,172
Yardley,104881,451
Yardley,191773,652
Yardley,114824,177
Yardley,143242,414
Yardley,158693,864
Yardley,105156,31
Yardley,177391,664
Yardley,176029,40
Yardley,144754,238
Yardley,188113,516
Yardley,105652,148
Yardley,141703,829
Yardley,153475,387
Yardley,160622,323
Yardley,120684,667
Yardley,174388,27
Yardley,126018,951
Yardley,131075,392
Yardley,104965,825
Yardley,197345,969
Yardley,156219,55
Yardley,104044,306
Yardley,121943,358
